P8010116.402528
GADANKI 01/01/1980 16:39:25 01/01/1980 16:40:25 0350 0079.2 0013.4 00
0000000 0020 0001200 0020 05
1 0 2 02000 1 0000 0030 00532.o 0 0 00 000 14 001200 0.100 BT0
1 1 2 02000 1 0000 0030 00532.o 0 0 00 000 00 001200 0.0000 BC0
1 0 2 02000 1 0000 0030 00532.p 0 0 00 000 14 001200 0.100 BT1
1 1 2 02000 1 0000 0030 00532.p 0 0 00 000 00 001200 0.0000 BC1
1 0 2 02000 1 0000 0030 01064.o 0 0 00 000 14 001200 0.100 BT2
532.000 .o analog 0 	532.000 .o photon 0 	532.000 .p analog 1 	532.000 .p photon 1 	1064.000 .o analog 2 
 19.2685	110.0292	 11.8852	 90.5375	  1.8084
 20.4565	148.9542	 12.2752	123.6583	  1.8093
 96.9286	144.8167	 57.9926	121.6958	  1.8097
 99.9752	142.3583	 29.4227	121.1167	  1.8088
 92.2259	140.0292	 25.2247	120.1458	  1.8094
 65.4562	137.7458	 20.7089	119.2833	  1.8086
 49.3221	136.7375	 17.7763	118.8750	  1.8090
 39.8207	135.7708	 15.9731	118.1333	  1.8095
 33.8442	133.7792	 14.8281	117.5792	  1.8095
 30.0484	134.3500	 14.0952	118.4417	  1.8092
 27.4614	133.4958	 13.5909	117.9875	  1.8090
 25.6695	132.7833	 13.2510	117.7792	  1.8098
 24.3792	133.2292	 12.9692	117.7583	  1.8096
 23.3947	132.7583	 12.7757	117.4583	  1.8093
 22.6811	132.6833	 12.6231	116.9583	  1.8093
 22.1189	131.8542	 12.4999	117.7458	  1.8089
 21.6735	131.9583	 12.4074	117.3500	  1.8095
 21.3222	132.3500	 12.3580	117.2667	  1.8089
 21.0228	132.1458	 12.2583	117.4167	  1.8093
 20.7589	132.2042	 12.2316	117.0750	  1.8094
 20.5807	131.8292	 12.1738	117.1000	  1.8097
 20.4099	131.2583	 12.1310	117.0167	  1.8093
 20.2747	132.3583	 12.1005	117.1792	  1.8094
 20.1476	131.3917	 12.0772	116.8958	  1.8100
 20.0412	131.6000	 12.0531	116.4792	  1.8094
 19.9702	131.5875	 12.0374	117.2542	  1.8095
 19.8716	131.6542	 12.0222	116.7917	  1.8098
 19.8199	131.6042	 12.0100	116.3458	  1.8092
 19.7369	131.0042	 11.9896	117.1417	  1.8095
 19.7081	131.2417	 11.9907	117.0458	  1.8087
 19.6731	131.9333	 11.9752	117.5167	  1.8098
 19.6227	131.2250	 11.9590	116.9833	  1.8093
 19.5888	132.1833	 11.9556	117.3500	  1.8088
 19.5597	131.3417	 11.9567	116.9750	  1.8096
 19.5336	131.8167	 11.9548	117.0750	  1.8099
 19.4935	130.9417	 11.9201	117.0208	  1.8093
 19.4751	131.5833	 11.9420	116.9375	  1.8095
 19.4303	131.5417	 11.9029	116.8417	  1.8096
 19.3951	131.6458	 11.9019	116.6208	  1.8096
 19.3691	130.8792	 11.9153	116.8125	  1.8097
 19.3543	131.2083	 11.9075	116.7208	  1.8095
 19.3397	130.9500	 11.8961	116.5250	  1.8093
 19.3233	131.4667	 11.9018	117.0083	  1.8095
 19.2920	131.2875	 11.9009	116.5667	  1.8094
 19.3053	131.7625	 11.8990	117.3458	  1.8091
 19.2874	131.9542	 11.8953	117.3542	  1.8093
 19.2503	131.4250	 11.8876	117.3000	  1.8098
 19.2854	130.8375	 11.8784	117.2125	  1.8097
 19.3043	131.5208	 11.8841	117.0833	  1.8097
 19.2775	131.3208	 11.8771	116.3875	  1.8097
 19.2660	131.3167	 11.8831	117.1167	  1.8094
 19.2674	131.2000	 11.8854	116.4250	  1.8099
 19.2791	131.5250	 11.8751	117.6042	  1.8093
 19.2638	131.8000	 11.8915	116.9458	  1.8094
 19.2455	131.6083	 11.8789	116.8750	  1.8098
 19.2766	131.4542	 11.8904	117.2042	  1.8097
 19.2568	130.7167	 11.8734	116.9083	  1.8095
 19.2349	131.3958	 11.8726	117.5042	  1.8094
 19.2807	131.1125	 11.8698	116.8458	  1.8091
 19.2528	131.5583	 11.8768	117.1458	  1.8092
 19.2461	131.2625	 11.8715	116.6333	  1.8093
 19.2356	131.5000	 11.8693	116.4625	  1.8091
 19.2304	130.6583	 11.8836	116.4833	  1.8092
 19.2501	131.5208	 11.8803	116.5333	  1.8097
 19.2463	131.4500	 11.8683	116.7708	  1.8095
 19.2567	131.2750	 11.8843	117.3917	  1.8092
 19.2372	130.6958	 11.8855	116.9167	  1.8089
 19.2555	130.7542	 11.8660	117.1000	  1.8094
 19.2368	131.4042	 11.8890	117.2083	  1.8096
 19.2256	131.0708	 11.8719	117.0083	  1.8094
 19.2436	131.1375	 11.8839	116.7708	  1.8093
 19.2642	131.1625	 11.8835	116.6167	  1.8090
 19.2301	131.2917	 11.8619	116.9042	  1.8097
 19.2288	131.0708	 11.8748	116.5000	  1.8094
 19.2356	131.0667	 11.8849	116.4583	  1.8091
 19.2473	131.0500	 11.8624	116.3250	  1.8095
 19.2359	131.6333	 11.8702	116.5708	  1.8089
 19.2368	131.4958	 11.8632	116.8083	  1.8091
 19.2486	130.7375	 11.8795	116.6417	  1.8095
 19.2450	130.6750	 11.8810	116.8167	  1.8097
 19.2425	131.9000	 11.8720	116.8625	  1.8095
 19.2561	130.9750	 11.8763	116.8792	  1.8094
 19.2505	130.7083	 11.8799	116.7917	  1.8096
 19.2557	130.8833	 11.8799	116.6833	  1.8092
 19.2301	131.4875	 11.8887	116.5125	  1.8087
 19.2413	130.9458	 11.8800	116.8375	  1.8092
 19.2457	131.3458	 11.8688	116.6667	  1.8099
 19.2495	130.9917	 11.8750	117.3625	  1.8092
 19.2383	131.3833	 11.8708	116.1958	  1.8098
 19.2450	131.3042	 11.8710	116.1458	  1.8092
 19.2500	131.7917	 11.8621	117.0208	  1.8095
 19.2360	131.3833	 11.8653	116.6667	  1.8092
 19.2415	130.8083	 11.8742	117.1708	  1.8090
 19.2476	130.8208	 11.8781	117.2750	  1.8096
 19.2311	131.1708	 11.8758	116.8250	  1.8093
 19.2373	131.2667	 11.8720	116.3750	  1.8094
 19.2467	130.4417	 11.8675	116.8708	  1.8093
 19.2468	131.5667	 11.8700	116.7042	  1.8092
 19.2574	131.5417	 11.8780	117.0000	  1.8095
 19.2357	130.7625	 11.8831	116.2667	  1.8090
 19.2526	130.8292	 11.8866	116.5917	  1.8091
 19.2551	131.5500	 11.8715	116.2125	  1.8095
 19.2423	131.4708	 11.8840	116.4917	  1.8095
 19.2509	131.7000	 11.8712	116.7333	  1.8094
 19.2397	131.4458	 11.8868	116.6458	  1.8099
 19.2339	131.8167	 11.8982	116.1792	  1.8094
 19.2659	131.1000	 11.8755	116.9750	  1.8096
 19.2481	131.3167	 11.8818	116.7208	  1.8090
 19.2364	131.7042	 11.8906	117.5292	  1.8092
 19.2393	131.6292	 11.8881	116.2042	  1.8096
 19.2427	131.1167	 11.8709	116.7625	  1.8098
 19.2447	131.8000	 11.8734	116.9708	  1.8093
 19.2537	131.0917	 11.8696	116.9625	  1.8091
 19.2357	131.0333	 11.8675	116.7250	  1.8099
 19.2494	131.5458	 11.8807	116.8917	  1.8091
 19.2351	131.7917	 11.8755	117.1375	  1.8094
 19.2539	131.1833	 11.8932	117.2375	  1.8097
 19.2454	130.9583	 11.8700	116.8167	  1.8097
 19.2404	131.0250	 11.8804	116.4500	  1.8092
 19.2341	131.6542	 11.8892	117.0000	  1.8100
 19.2410	131.9542	 11.8761	116.6833	  1.8093
 19.2628	130.3500	 11.8664	116.3083	  1.8095
 19.2567	131.0958	 11.8704	116.6667	  1.8094
 19.2465	131.0542	 11.8844	116.7000	  1.8098
 19.2365	131.9083	 11.8833	117.3000	  1.8094
 19.2483	131.8333	 11.8770	116.1667	  1.8092
 19.2363	131.2667	 11.8767	116.5458	  1.8094
 19.2440	131.4958	 11.8962	116.9542	  1.8091
 19.2372	131.5292	 11.8880	116.6750	  1.8091
 19.2543	130.7458	 11.8696	117.2167	  1.8089
 19.2577	131.1750	 11.8851	116.7750	  1.8094
 19.2631	132.0875	 11.8782	116.4333	  1.8093
 19.2551	130.9250	 11.8880	117.0542	  1.8091
 19.2473	131.0917	 11.8906	116.8500	  1.8091
 19.2641	131.5875	 11.8772	116.3708	  1.8095
 19.2478	131.2167	 11.8916	116.6250	  1.8098
 19.2705	131.5583	 11.8672	116.5708	  1.8097
 19.2709	131.5083	 11.8897	116.4542	  1.8094
 19.2446	131.2667	 11.8840	116.6542	  1.8095
 19.2214	131.2375	 11.8577	116.8417	  1.8097
 19.2335	131.1208	 11.8982	116.3542	  1.8094
 19.2362	131.4917	 11.8885	116.8125	  1.8095
 19.2256	131.5583	 11.8757	117.1875	  1.8095
 19.2433	131.0208	 11.8787	116.7875	  1.8091
 19.2363	131.5458	 11.8749	116.9208	  1.8094
 19.2584	130.7583	 11.8983	116.8417	  1.8093
 19.2482	131.3833	 11.8758	116.8042	  1.8085
 19.2353	131.4042	 11.8826	116.8042	  1.8097
 19.2349	131.6708	 11.8736	117.1917	  1.8093
 19.2425	131.4292	 11.8828	116.8417	  1.8091
 19.2612	131.0667	 11.8800	116.6375	  1.8100
 19.2583	131.1500	 11.8771	116.9750	  1.8096
 19.2355	131.3833	 11.8758	116.9792	  1.8096
 19.2403	130.8000	 11.8839	117.1708	  1.8092
 19.2651	131.2208	 11.8738	116.5458	  1.8092
 19.2383	131.0792	 11.8754	116.8833	  1.8090
 19.2594	131.1625	 11.8733	116.7875	  1.8093
 19.2490	131.3708	 11.8893	116.6042	  1.8093
 19.2328	131.1208	 11.8940	116.6875	  1.8091
 19.2512	131.1542	 11.8564	116.8333	  1.8090
 19.2399	131.3250	 11.8813	116.6042	  1.8090
 19.2604	131.3792	 11.8907	116.7667	  1.8092
 19.2467	131.8750	 11.8608	117.1458	  1.8091
 19.2510	132.0708	 11.8653	116.7500	  1.8088
 19.2465	131.1792	 11.8757	116.8750	  1.8093
 19.2338	131.5500	 11.8823	117.2583	  1.8096
 19.2397	131.5833	 11.8809	116.6125	  1.8097
 19.2492	131.5750	 11.8814	116.5875	  1.8088
 19.2256	131.3083	 11.8910	117.3167	  1.8096
 19.2487	131.2292	 11.8870	116.8625	  1.8092
 19.2210	131.5667	 11.8712	117.2458	  1.8092
 19.2471	131.3792	 11.8757	116.9417	  1.8096
 19.2466	131.2875	 11.8689	116.7042	  1.8092
 19.2360	131.4042	 11.8712	117.0500	  1.8095
 19.2585	131.1208	 11.8934	116.7083	  1.8094
 19.2551	131.3417	 11.8816	116.7792	  1.8088
 19.2403	131.5042	 11.8900	116.4542	  1.8093
 19.2484	131.3333	 11.8775	116.4000	  1.8097
 19.2555	130.9958	 11.8648	116.6000	  1.8094
 19.2481	131.5917	 11.8773	116.9708	  1.8095
 19.2543	131.8208	 11.8691	117.0500	  1.8093
 19.2432	131.4208	 11.8855	116.5917	  1.8097
 19.2524	131.6625	 11.8670	117.7083	  1.8092
 19.2410	131.4125	 11.8655	117.3833	  1.8093
 19.2623	131.1875	 11.8852	117.0750	  1.8092
 19.2544	131.4208	 11.8733	116.9208	  1.8095
 19.2453	131.3500	 11.8851	117.0333	  1.8093
 19.2458	130.7167	 11.8724	116.7458	  1.8097
 19.2454	131.3875	 11.8792	117.0042	  1.8100
 19.2539	131.5375	 11.8810	116.7833	  1.8094
 19.2482	131.0792	 11.8654	116.0333	  1.8098
 19.2461	131.5167	 11.8742	116.6958	  1.8094
 19.2451	130.7500	 11.8746	117.2167	  1.8095
 19.2353	131.4667	 11.8749	116.4000	  1.8096
 19.2605	131.3625	 11.8850	117.3125	  1.8088
 19.2331	130.9375	 11.8658	117.2667	  1.8088
 19.2353	131.5708	 11.8684	116.7417	  1.8087
 19.2383	131.3833	 11.8908	116.9792	  1.8095
 19.2554	131.7500	 11.8914	116.5583	  1.8093
 19.2350	131.4625	 11.8752	117.1875	  1.8092
 19.2462	131.0167	 11.8790	116.6583	  1.8091
 19.2632	130.7542	 11.8751	116.8458	  1.8094
 19.2342	131.1167	 11.8776	116.7500	  1.8101
 19.2488	131.2500	 11.8781	116.8417	  1.8091
 19.2493	131.2667	 11.8736	116.8042	  1.8088
 19.2425	131.5417	 11.8636	117.0000	  1.8095
 19.2479	131.2667	 11.8757	117.0167	  1.8095
 19.2455	131.8833	 11.8792	116.7042	  1.8089
 19.2567	131.4417	 11.8731	116.7917	  1.8096
 19.2410	131.4333	 11.8739	117.1000	  1.8097
 19.2437	130.9917	 11.8760	116.7167	  1.8096
 19.2548	131.3875	 11.8697	116.7000	  1.8089
 19.2605	131.9583	 11.8822	117.2083	  1.8091
 19.2554	131.4333	 11.8672	116.4958	  1.8090
 19.2294	130.8292	 11.8705	116.4917	  1.8094
 19.2506	131.1375	 11.8728	117.3792	  1.8096
 19.2467	131.9083	 11.8798	116.8667	  1.8092
 19.2472	131.4333	 11.8765	116.9208	  1.8094
 19.2538	131.1125	 11.8976	116.5625	  1.8092
 19.2431	131.4625	 11.8696	117.0500	  1.8092
 19.2573	131.0333	 11.8760	117.0875	  1.8090
 19.2570	130.9500	 11.8788	116.5250	  1.8096
 19.2591	130.6875	 11.8829	116.7625	  1.8096
 19.2642	130.7875	 11.8630	116.8917	  1.8095
 19.2565	131.6750	 11.8774	116.7458	  1.8093
 19.2421	131.0958	 11.8765	116.5958	  1.8086
 19.2406	131.3375	 11.8856	116.9125	  1.8091
 19.2362	130.7917	 11.8902	116.7292	  1.8091
 19.2444	131.3208	 11.8753	116.5583	  1.8095
 19.2409	131.0583	 11.8771	116.8000	  1.8093
 19.2514	131.7542	 11.8596	116.8375	  1.8091
 19.2314	131.1958	 11.8924	116.1875	  1.8098
 19.2370	131.5500	 11.8751	116.8667	  1.8093
 19.2435	131.3042	 11.8794	116.8792	  1.8093
 19.2326	131.8792	 11.8716	116.5292	  1.8091
 19.2510	131.6542	 11.8878	116.9667	  1.8096
 19.2446	131.5000	 11.8784	117.3833	  1.8091
 19.2429	131.2958	 11.8794	116.9167	  1.8092
 19.2353	130.9542	 11.8751	116.5375	  1.8093
 19.2549	131.8708	 11.8805	116.8042	  1.8093
 19.2465	131.2708	 11.8847	117.0625	  1.8095
 19.2589	131.3708	 11.8714	117.1167	  1.8094
 19.2542	131.5875	 11.8676	116.4458	  1.8092
 19.2462	131.4708	 11.8665	116.7167	  1.8094
 19.2578	131.8375	 11.8738	116.8625	  1.8092
 19.2658	131.7375	 11.8685	116.7750	  1.8093
 19.2640	131.6375	 11.8694	116.7833	  1.8092
 19.2494	131.7167	 11.8765	116.9333	  1.8093
 19.2304	131.7208	 11.8643	116.5333	  1.8090
 19.2470	131.3042	 11.8911	117.0917	  1.8094
 19.2380	131.1333	 11.8633	117.0000	  1.8091
 19.2624	131.0875	 11.8665	116.7333	  1.8097
 19.2433	131.3583	 11.8868	116.6250	  1.8096
 19.2488	131.1292	 11.8723	116.3458	  1.8091
 19.2617	131.7583	 11.8738	117.0625	  1.8091
 19.2548	131.3208	 11.8762	116.5333	  1.8089
 19.2315	131.3708	 11.8670	116.7708	  1.8087
 19.2645	131.5000	 11.8629	116.7875	  1.8091
 19.2515	131.5500	 11.8854	116.9292	  1.8094
 19.2466	130.8292	 11.8679	116.9417	  1.8091
 19.2413	131.3917	 11.8778	117.1000	  1.8093
 19.2438	131.4458	 11.8880	117.0875	  1.8093
 19.2429	131.6583	 11.8652	116.8292	  1.8094
 19.2653	131.1250	 11.8842	116.3125	  1.8092
 19.2485	132.1333	 11.8687	116.9250	  1.8095
 19.2382	131.5167	 11.8756	116.8000	  1.8093
 19.2478	131.3083	 11.8716	116.4792	  1.8093
 19.2409	131.0042	 11.8745	116.3417	  1.8094
 19.2721	132.1750	 11.8763	116.7833	  1.8092
 19.2290	131.3250	 11.8733	116.3458	  1.8092
 19.2548	131.4208	 11.8802	116.4833	  1.8095
 19.2467	131.5458	 11.8859	117.4833	  1.8096
 19.2538	131.9208	 11.8872	117.2875	  1.8094
 19.2461	131.2042	 11.8788	117.1917	  1.8099
 19.2340	131.4708	 11.8788	117.0708	  1.8089
 19.2426	131.6917	 11.8852	117.2583	  1.8093
 19.2315	131.7125	 11.8811	116.4208	  1.8095
 19.2484	131.0917	 11.8655	116.8500	  1.8095
 19.2434	131.1333	 11.8847	116.6042	  1.8091
 19.2422	131.5542	 11.8846	116.7000	  1.8095
 19.2400	131.5583	 11.8862	116.5083	  1.8097
 19.2344	131.0250	 11.8836	116.0792	  1.8093
 19.2549	131.2250	 11.8788	116.4542	  1.8090
 19.2609	130.9042	 11.8627	116.2458	  1.8095
 19.2430	130.9792	 11.8792	117.5625	  1.8092
 19.2445	131.8875	 11.8834	116.9083	  1.8093
 19.2423	131.4417	 11.8771	116.4333	  1.8089
 19.2411	131.2667	 11.8668	116.5958	  1.8095
 19.2483	131.4708	 11.8826	117.0667	  1.8091
 19.2653	131.4833	 11.8652	116.8042	  1.8093
 19.2559	131.7750	 11.8785	116.8292	  1.8095
 19.2430	130.9208	 11.8685	116.3833	  1.8088
 19.2619	131.3833	 11.8634	117.1625	  1.8089
 19.2542	131.7042	 11.8758	117.2708	  1.8092
 19.2285	131.0333	 11.8743	116.9833	  1.8094
 19.2566	131.1750	 11.8643	116.6250	  1.8090
 19.2642	131.0500	 11.8872	117.3000	  1.8088
 19.2468	130.6958	 11.8868	116.9458	  1.8093
 19.2380	131.1875	 11.8823	117.3667	  1.8089
 19.2466	131.3000	 11.8755	116.9458	  1.8093
 19.2441	131.0167	 11.8782	116.9958	  1.8093
 19.2481	131.5292	 11.8774	116.9250	  1.8094
 19.2479	130.9458	 11.8669	116.8708	  1.8093
 19.2436	131.2083	 11.8878	116.5542	  1.8090
 19.2520	131.0667	 11.8860	116.8250	  1.8089
 19.2627	131.2333	 11.8745	116.6708	  1.8091
 19.2466	131.7250	 11.8824	116.6333	  1.8093
 19.2413	131.2708	 11.8765	116.6875	  1.8092
 19.2512	131.3625	 11.8756	117.5000	  1.8091
 19.2583	131.6500	 11.8744	116.6917	  1.8093
 19.2632	131.3042	 11.8780	116.6250	  1.8093
 19.2442	132.2167	 11.8883	115.9292	  1.8094
 19.2526	131.5250	 11.8798	116.7750	  1.8088
 19.2596	131.3125	 11.8810	117.1917	  1.8093
 19.2765	131.4917	 11.8684	117.2500	  1.8093
 19.2635	131.2417	 11.8876	116.7958	  1.8093
 19.2692	131.1708	 11.8737	116.4750	  1.8092
 19.2545	130.9667	 11.8766	116.4583	  1.8097
 19.2388	131.9750	 11.8747	116.8000	  1.8095
 19.2504	131.4917	 11.8713	116.7958	  1.8090
 19.2369	131.6542	 11.8766	116.7750	  1.8092
 19.2332	131.3500	 11.8754	116.7208	  1.8098
 19.2440	130.9792	 11.8835	116.5625	  1.8093
 19.2699	131.6167	 11.8786	116.6667	  1.8097
 19.2346	131.2083	 11.8722	116.9750	  1.8092
 19.2464	130.9583	 11.8760	116.5792	  1.8091
 19.2394	130.9417	 11.8756	117.3333	  1.8092
 19.2379	130.7667	 11.8587	116.8333	  1.8096
 19.2422	130.8333	 11.8795	116.6417	  1.8093
 19.2480	131.5417	 11.8785	116.4417	  1.8096
 19.2667	131.5750	 11.8745	116.8417	  1.8092
 19.2416	131.2333	 11.8798	117.0333	  1.8092
 19.2587	131.3750	 11.8865	116.7125	  1.8096
 19.2385	131.0583	 11.8750	116.3625	  1.8090
 19.2320	131.4500	 11.8691	117.0417	  1.8096
 19.2581	131.1667	 11.8679	116.7750	  1.8092
 19.2370	131.9625	 11.8773	116.8708	  1.8093
 19.2509	131.2667	 11.8750	117.4000	  1.8098
 19.2592	131.2167	 11.8686	116.8125	  1.8093
 19.2441	131.0417	 11.8675	116.7792	  1.8091
 19.2243	131.1708	 11.8683	117.1875	  1.8089
 19.2464	131.2167	 11.8877	116.6500	  1.8093
 19.2650	131.3250	 11.8602	117.1750	  1.8090
 19.2659	131.4750	 11.8875	116.9542	  1.8099
 19.2647	131.5875	 11.8778	116.8000	  1.8086
 19.2430	131.5125	 11.8748	116.5167	  1.8091
 19.2541	131.3583	 11.8708	116.6250	  1.8096
 19.2357	131.2792	 11.8929	116.4792	  1.8087
 19.2385	131.3875	 11.8841	116.9750	  1.8096
 19.2575	131.4875	 11.8703	117.3250	  1.8095
 19.2437	131.6250	 11.8771	117.2167	  1.8091
 19.2653	130.7625	 11.8857	116.2917	  1.8091
 19.2447	131.4292	 11.8777	116.2708	  1.8094
 19.2593	131.4125	 11.8659	116.4708	  1.8089
 19.2580	131.5750	 11.8770	116.5375	  1.8091
 19.2566	130.4625	 11.8558	117.0167	  1.8097
 19.2511	131.0292	 11.8845	116.8292	  1.8094
 19.2364	131.6208	 11.8692	117.3125	  1.8095
 19.2483	131.3042	 11.8679	116.9833	  1.8093
 19.2481	131.2750	 11.8795	116.6000	  1.8093
 19.2535	131.3500	 11.8726	117.2875	  1.8091
 19.2367	131.4917	 11.8612	116.7250	  1.8091
 19.2380	131.5542	 11.8771	116.5042	  1.8091
 19.2681	131.1333	 11.8838	116.5875	  1.8089
 19.2314	131.2375	 11.8876	117.2458	  1.8088
 19.2343	131.4333	 11.8732	116.4542	  1.8093
 19.2445	131.4125	 11.8739	116.5208	  1.8093
 19.2438	131.6708	 11.8723	116.4500	  1.8089
 19.2537	130.7708	 11.8843	117.0500	  1.8086
 19.2521	131.6500	 11.8750	116.8917	  1.8095
 19.2739	131.4875	 11.8803	117.1250	  1.8089
 19.2530	131.6542	 11.8779	117.1333	  1.8092
 19.2613	131.3958	 11.8855	117.3417	  1.8097
 19.2338	131.5875	 11.8792	117.7625	  1.8094
 19.2505	131.8333	 11.8841	117.1333	  1.8090
 19.2520	130.9458	 11.8710	116.7667	  1.8097
 19.2479	131.4125	 11.8968	117.1333	  1.8091
 19.2499	131.2000	 11.8726	116.5333	  1.8092
 19.2386	131.5500	 11.8908	116.2833	  1.8092
 19.2599	131.6250	 11.8836	117.2292	  1.8089
 19.2600	132.1458	 11.8773	116.4917	  1.8096
 19.2497	131.1583	 11.8720	116.6250	  1.8092
 19.2478	131.3625	 11.8801	116.9083	  1.8088
 19.2470	131.1750	 11.8761	116.8917	  1.8089
 19.2508	130.9125	 11.8852	117.1375	  1.8090
 19.2434	131.1917	 11.8757	116.6167	  1.8091
 19.2682	131.6625	 11.8806	117.0708	  1.8091
 19.2502	131.3542	 11.8777	116.6417	  1.8093
 19.2291	131.9083	 11.8809	117.1125	  1.8091
 19.2386	131.3583	 11.8746	116.3250	  1.8091
 19.2340	131.1375	 11.8813	117.0083	  1.8089
 19.2673	131.8333	 11.8673	116.3958	  1.8090
 19.2377	131.4417	 11.8765	116.8000	  1.8092
 19.2711	131.6917	 11.8731	117.2833	  1.8096
 19.2604	131.3583	 11.8697	117.4667	  1.8087
 19.2498	131.1000	 11.8988	116.9167	  1.8089
 19.2346	130.7833	 11.8773	116.8000	  1.8087
 19.2561	130.9500	 11.8768	117.5583	  1.8091
 19.2654	131.5708	 11.8931	116.9417	  1.8090
 19.2423	131.3958	 11.8652	116.3292	  1.8091
 19.2373	131.3458	 11.8677	116.3458	  1.8084
 19.2564	131.8917	 11.8868	116.9625	  1.8086
 19.2424	131.1042	 11.8917	116.5333	  1.8094
 19.2560	132.0083	 11.8857	116.8083	  1.8088
 19.2348	131.0208	 11.8817	116.9292	  1.8089
 19.2426	131.6500	 11.8750	116.3583	  1.8094
 19.2323	130.8958	 11.8818	116.8917	  1.8093
 19.2555	131.0083	 11.8702	116.9458	  1.8093
 19.2475	131.6500	 11.8652	116.4083	  1.8085
 19.2353	131.0792	 11.8829	116.7500	  1.8092
 19.2509	131.5000	 11.8857	116.6333	  1.8097
 19.2358	131.3542	 11.8783	116.8417	  1.8090
 19.2563	131.6125	 11.8853	116.6792	  1.8088
 19.2555	131.4750	 11.8839	116.7583	  1.8094
 19.2491	131.6375	 11.8871	116.6500	  1.8098
 19.2328	131.3917	 11.8839	116.5958	  1.8092
 19.2496	131.5250	 11.8894	116.4583	  1.8092
 19.2551	131.0292	 11.8732	117.8458	  1.8095
 19.2456	131.4958	 11.8775	116.8708	  1.8087
 19.2377	131.5125	 11.8740	116.7042	  1.8087
 19.2445	131.4125	 11.8872	117.0542	  1.8089
 19.2474	131.7208	 11.8709	116.7542	  1.8093
 19.2546	130.9958	 11.8827	116.8792	  1.8092
 19.2397	131.3458	 11.8722	116.4042	  1.8084
 19.2453	131.4042	 11.8849	116.5042	  1.8087
 19.2377	131.6958	 11.8697	116.5208	  1.8086
 19.2371	131.1583	 11.8720	117.0833	  1.8093
 19.2580	131.1917	 11.8870	116.9042	  1.8089
 19.2467	131.3875	 11.8825	116.3417	  1.8092
 19.2558	130.6875	 11.8800	116.5917	  1.8093
 19.2455	131.6667	 11.8791	116.8417	  1.8092
 19.2601	130.9667	 11.8829	116.8542	  1.8098
 19.2613	131.2000	 11.8752	117.3417	  1.8092
 19.2465	131.6000	 11.8758	116.8333	  1.8092
 19.2505	131.8083	 11.8623	116.6583	  1.8090
 19.2608	131.3083	 11.8815	117.2917	  1.8094
 19.2483	131.3833	 11.8723	116.8208	  1.8098
 19.2706	132.0500	 11.8749	117.2958	  1.8097
 19.2563	131.5583	 11.8796	117.0667	  1.8086
 19.2641	131.3792	 11.8836	116.7000	  1.8094
 19.2427	130.6958	 11.8752	116.6958	  1.8095
 19.2596	131.1375	 11.8730	117.1625	  1.8090
 19.2449	130.9708	 11.8822	116.7167	  1.8094
 19.2113	131.7917	 11.8961	116.3750	  1.8090
 19.2407	131.4583	 11.8703	116.6833	  1.8093
 19.2552	131.4333	 11.8814	116.3042	  1.8096
 19.2433	131.3458	 11.8821	117.0000	  1.8096
 19.2604	131.7208	 11.8843	116.1833	  1.8093
 19.2499	131.8708	 11.8760	116.0917	  1.8087
 19.2592	131.5917	 11.8827	117.1958	  1.8093
 19.2530	131.2333	 11.8710	116.8833	  1.8099
 19.2384	131.2375	 11.8803	117.3667	  1.8093
 19.2458	131.1417	 11.8876	116.2667	  1.8100
 19.2538	131.5250	 11.8702	116.5625	  1.8090
 19.2540	131.4042	 11.8781	116.4667	  1.8091
 19.2524	131.6000	 11.8661	116.7167	  1.8092
 19.2555	131.5958	 11.8942	116.6667	  1.8089
 19.2562	131.2083	 11.8714	116.7708	  1.8085
 19.2676	131.4375	 11.8753	117.2500	  1.8095
 19.2522	131.9333	 11.8809	116.7625	  1.8091
 19.2556	131.3250	 11.8752	117.0083	  1.8091
 19.2480	130.5583	 11.8901	116.8417	  1.8089
 19.2546	130.4500	 11.8713	116.9833	  1.8089
 19.2541	131.4375	 11.8699	116.1875	  1.8096
 19.2631	130.8875	 11.8779	116.6458	  1.8092
 19.2384	131.6917	 11.8691	116.4000	  1.8087
 19.2479	131.6042	 11.8811	117.0125	  1.8092
 19.2407	131.5875	 11.8595	116.4167	  1.8094
 19.2453	131.2417	 11.8715	116.6750	  1.8092
 19.2433	131.6917	 11.8669	116.7667	  1.8089
 19.2484	131.4125	 11.8777	116.5167	  1.8091
 19.2399	131.3167	 11.8756	116.6125	  1.8091
 19.2625	131.4417	 11.8782	116.9208	  1.8090
 19.2458	131.2292	 11.8976	116.7833	  1.8095
 19.2348	131.3917	 11.8851	117.1375	  1.8098
 19.2449	130.5625	 11.8687	117.0458	  1.8086
 19.2471	131.5792	 11.8921	116.7000	  1.8090
 19.2273	131.5583	 11.8815	117.0125	  1.8089
 19.2347	131.0500	 11.8811	117.0875	  1.8094
 19.2521	131.3292	 11.8673	116.2500	  1.8090
 19.2445	131.4917	 11.8702	116.4083	  1.8093
 19.2380	131.9958	 11.8856	116.7000	  1.8093
 19.2702	131.3250	 11.8960	116.6125	  1.8087
 19.2474	130.6875	 11.8723	116.7667	  1.8091
 19.2507	131.0083	 11.8978	116.9000	  1.8094
 19.2561	131.3000	 11.8757	116.3208	  1.8091
 19.2364	131.4208	 11.8843	116.8625	  1.8092
 19.2531	131.1875	 11.8739	116.4417	  1.8089
 19.2371	131.5750	 11.8849	117.0875	  1.8097
 19.2600	131.2292	 11.8957	116.9000	  1.8093
 19.2554	131.4125	 11.8643	116.9542	  1.8096
 19.2608	132.1000	 11.8776	116.9000	  1.8094
 19.2541	131.3458	 11.8724	117.2042	  1.8089
 19.2636	131.0000	 11.8804	117.0083	  1.8086
 19.2358	131.2583	 11.8793	117.0583	  1.8085
 19.2495	131.2792	 11.8841	117.1667	  1.8095
 19.2534	131.3792	 11.8901	116.7792	  1.8094
 19.2650	131.2000	 11.8962	117.4792	  1.8092
 19.2436	131.0292	 11.8890	116.5875	  1.8090
 19.2583	131.2167	 11.8719	117.2167	  1.8091
 19.2354	131.2208	 11.8637	116.6375	  1.8087
 19.2527	131.3875	 11.8716	116.1208	  1.8092
 19.2547	130.9542	 11.8836	116.8083	  1.8089
 19.2470	131.2500	 11.8806	117.0000	  1.8091
 19.2515	131.0083	 11.8768	116.9000	  1.8091
 19.2532	130.9708	 11.8527	117.2917	  1.8088
 19.2615	131.3958	 11.8722	116.7500	  1.8092
 19.2624	131.9125	 11.8748	116.7958	  1.8090
 19.2481	131.5250	 11.8730	116.7917	  1.8090
 19.2740	130.9958	 11.8721	117.0833	  1.8091
 19.2508	131.0667	 11.8688	116.4208	  1.8089
 19.2454	131.5500	 11.8740	116.8292	  1.8089
 19.2594	131.8500	 11.8906	116.9958	  1.8089
 19.2577	131.6542	 11.8895	117.2792	  1.8088
 19.2571	131.1125	 11.8785	116.4667	  1.8092
 19.2603	131.3333	 11.8770	116.9458	  1.8091
 19.2369	131.0000	 11.8749	116.3750	  1.8090
 19.2477	130.9125	 11.8766	116.5125	  1.8094
 19.2447	131.1708	 11.8823	116.6958	  1.8096
 19.2390	130.9375	 11.8665	116.9958	  1.8092
 19.2343	131.2000	 11.8771	116.2375	  1.8087
 19.2554	131.7167	 11.8741	116.9583	  1.8092
 19.2476	131.5917	 11.8723	116.9375	  1.8093
 19.2475	131.5417	 11.8804	116.6750	  1.8091
 19.2586	132.0625	 11.8707	116.6167	  1.8090
 19.2472	131.2583	 11.8921	116.5167	  1.8091
 19.2296	131.8833	 11.8836	117.0042	  1.8096
 19.2512	130.9292	 11.8794	116.8500	  1.8097
 19.2591	131.4458	 11.8753	117.4167	  1.8093
 19.2441	130.9792	 11.8654	116.8292	  1.8089
 19.2559	131.5917	 11.8649	116.9875	  1.8087
 19.2620	131.2750	 11.8790	116.6292	  1.8086
 19.2389	130.5208	 11.8876	117.0500	  1.8091
 19.2487	131.2167	 11.8732	116.8458	  1.8095
 19.2564	130.7250	 11.8903	116.6125	  1.8094
 19.2360	131.6333	 11.8842	116.9667	  1.8084
 19.2550	131.3708	 11.8722	116.8708	  1.8090
 19.2396	131.2583	 11.8576	117.3083	  1.8098
 19.2598	131.8875	 11.8667	116.9792	  1.8092
 19.2548	131.5667	 11.8511	116.4625	  1.8097
 19.2389	131.1375	 11.8851	116.6292	  1.8091
 19.2707	131.4333	 11.8875	116.8333	  1.8092
 19.2426	131.9542	 11.8661	116.6458	  1.8093
 19.2454	131.5542	 11.8748	116.8625	  1.8087
 19.2505	130.4625	 11.8808	116.3292	  1.8093
 19.2432	131.9292	 11.8891	116.4208	  1.8094
 19.2479	131.0500	 11.8772	116.4708	  1.8091
 19.2475	131.3750	 11.8843	117.2292	  1.8093
 19.2579	131.3667	 11.8676	116.3542	  1.8093
 19.2533	131.7042	 11.8608	116.3250	  1.8089
 19.2535	132.1208	 11.8737	117.0958	  1.8091
 19.2701	131.3625	 11.8762	117.1333	  1.8093
 19.2629	131.6125	 11.8791	117.2292	  1.8097
 19.2470	131.3625	 11.8711	116.8875	  1.8094
 19.2411	130.9667	 11.8764	117.0833	  1.8086
 19.2434	130.7333	 11.8717	116.3417	  1.8091
 19.2261	131.5417	 11.8654	117.5292	  1.8093
 19.2495	131.0958	 11.8854	117.0875	  1.8089
 19.2437	131.4333	 11.8844	116.9167	  1.8092
 19.2411	131.2833	 11.8809	116.0750	  1.8092
 19.2516	131.7875	 11.8849	117.2000	  1.8098
 19.2444	131.5417	 11.8870	117.1708	  1.8090
 19.2555	131.7250	 11.8655	116.7792	  1.8091
 19.2589	131.2083	 11.8713	116.3792	  1.8090
 19.2466	131.8333	 11.8771	116.4792	  1.8087
 19.2683	131.3333	 11.8908	116.3333	  1.8088
 19.2431	131.3667	 11.8752	116.3458	  1.8092
 19.2592	131.4750	 11.8647	117.2000	  1.8089
 19.2484	131.0417	 11.8789	116.9500	  1.8092
 19.2622	131.5958	 11.8814	116.7125	  1.8091
 19.2466	131.6583	 11.8677	116.2875	  1.8088
 19.2503	131.1917	 11.8730	117.0875	  1.8089
 19.2311	131.5833	 11.8816	116.5875	  1.8092
 19.2507	131.1625	 11.8823	117.1167	  1.8093
 19.2465	131.5958	 11.8604	116.4792	  1.8095
 19.2250	131.0083	 11.8814	116.6750	  1.8094
 19.2435	131.0417	 11.8679	116.7208	  1.8091
 19.2473	131.8042	 11.8864	116.7500	  1.8093
 19.2415	131.6542	 11.8694	116.6250	  1.8091
 19.2545	131.7292	 11.8699	117.0417	  1.8090
 19.2383	131.1250	 11.8682	117.2333	  1.8095
 19.2342	131.4417	 11.8734	116.8708	  1.8090
 19.2414	131.4833	 11.8851	116.8375	  1.8088
 19.2385	131.8333	 11.8753	116.3583	  1.8097
 19.2487	130.9417	 11.8862	117.2250	  1.8091
 19.2278	131.3500	 11.8761	116.8083	  1.8091
 19.2397	131.1750	 11.8872	116.8667	  1.8093
 19.2597	131.2250	 11.8846	116.9792	  1.8088
 19.2507	130.8583	 11.8692	116.2167	  1.8093
 19.2565	131.0958	 11.8565	116.9792	  1.8089
 19.2569	131.4792	 11.8734	116.9417	  1.8091
 19.2484	131.0000	 11.8728	116.6375	  1.8096
 19.2460	131.9167	 11.8691	116.7042	  1.8088
 19.2430	131.8958	 11.8655	116.1958	  1.8089
 19.2433	131.2417	 11.8771	117.6833	  1.8089
 19.2424	131.5750	 11.8717	116.2417	  1.8088
 19.2484	131.1875	 11.8821	116.6417	  1.8090
 19.2480	131.1708	 11.8769	117.3000	  1.8090
 19.2594	131.2083	 11.8732	116.7875	  1.8086
 19.2585	130.8417	 11.8844	117.0917	  1.8095
 19.2710	130.7333	 11.8735	116.8625	  1.8091
 19.2454	131.6917	 11.8742	116.7833	  1.8091
 19.2378	131.2125	 11.8842	116.5542	  1.8088
 19.2563	131.8458	 11.8891	116.9125	  1.8087
 19.2382	131.5333	 11.8738	117.0333	  1.8089
 19.2539	131.7125	 11.8856	116.2042	  1.8093
 19.2340	131.9625	 11.8779	116.5667	  1.8094
 19.2468	131.2625	 11.8775	116.6333	  1.8094
 19.2442	131.4125	 11.8709	116.5833	  1.8092
 19.2357	131.1208	 11.8809	116.9542	  1.8090
 19.2456	131.3958	 11.8820	116.5458	  1.8096
 19.2434	131.5417	 11.8866	117.0917	  1.8093
 19.2408	131.1667	 11.8858	117.2750	  1.8094
 19.2426	131.4167	 11.8867	116.3875	  1.8090
 19.2629	130.9833	 11.8770	117.1833	  1.8091
 19.2582	131.2042	 11.8749	117.1167	  1.8091
 19.2532	131.8583	 11.8764	116.7917	  1.8090
 19.2553	131.2875	 11.8840	117.1625	  1.8092
 19.2448	131.3375	 11.8860	116.6708	  1.8088
 19.2289	131.0417	 11.8887	117.2583	  1.8089
 19.2330	131.4208	 11.8809	116.9042	  1.8088
 19.2530	131.2333	 11.8983	116.9083	  1.8093
 19.2531	131.0583	 11.9016	116.8958	  1.8096
 19.2180	131.1625	 11.8880	116.6375	  1.8094
 19.2426	131.0500	 11.8731	116.6708	  1.8095
 19.2520	131.1792	 11.8796	117.5000	  1.8090
 19.2529	131.1208	 11.8736	116.3083	  1.8088
 19.2543	130.7875	 11.8853	116.9458	  1.8089
 19.2477	131.7292	 11.8840	116.5167	  1.8087
 19.2632	131.1208	 11.8898	116.8375	  1.8093
 19.2501	131.6625	 11.8806	116.2208	  1.8087
 19.2619	131.4833	 11.8702	116.8375	  1.8095
 19.2613	131.5000	 11.8816	116.7750	  1.8093
 19.2581	131.0125	 11.8768	116.7000	  1.8093
 19.2424	131.4750	 11.8757	116.9125	  1.8093
 19.2475	131.3792	 11.8651	116.4667	  1.8090
 19.2485	131.6500	 11.8672	116.6250	  1.8093
 19.2738	131.3750	 11.8716	117.1333	  1.8085
 19.2538	131.5125	 11.8825	116.9292	  1.8097
 19.2631	131.4583	 11.8705	116.4167	  1.8094
 19.2661	131.4375	 11.8655	116.6833	  1.8094
 19.2599	131.7292	 11.8892	116.8458	  1.8084
 19.2639	131.2125	 11.8806	116.8167	  1.8091
 19.2702	130.7333	 11.8854	116.4333	  1.8091
 19.2549	131.5250	 11.8870	117.1458	  1.8089
 19.2418	131.4417	 11.8687	117.1167	  1.8096
 19.2359	131.4833	 11.8804	116.5792	  1.8092
 19.2585	131.3667	 11.8856	116.9292	  1.8088
 19.2456	130.8333	 11.8784	117.3708	  1.8091
 19.2421	131.4500	 11.8706	116.7000	  1.8095
 19.2477	131.3708	 11.8862	116.8375	  1.8093
 19.2667	131.4625	 11.8843	116.4167	  1.8088
 19.2368	130.5667	 11.8904	117.0083	  1.8089
 19.2668	131.1792	 11.8775	116.6500	  1.8091
 19.2104	131.1792	 11.8844	116.5458	  1.8088
 19.2380	131.1667	 11.8862	116.5958	  1.8094
 19.2549	130.9083	 11.8599	117.0208	  1.8093
 19.2490	131.5208	 11.8795	117.0833	  1.8092
 19.2523	131.8125	 11.8785	117.0333	  1.8090
 19.2526	131.0000	 11.8752	117.2958	  1.8090
 19.2408	130.4125	 11.8709	116.7250	  1.8090
 19.2335	131.1958	 11.8663	116.5292	  1.8089
 19.2647	130.9917	 11.8734	117.3167	  1.8090
 19.2648	131.4083	 11.8814	116.3750	  1.8090
 19.2498	131.3917	 11.8790	117.1125	  1.8085
 19.2516	130.8167	 11.8773	117.0667	  1.8089
 19.2546	131.5625	 11.8641	117.0792	  1.8090
 19.2464	131.2167	 11.8743	117.1417	  1.8088
 19.2562	131.5875	 11.8843	116.8875	  1.8096
 19.2574	131.6958	 11.8659	117.4750	  1.8093
 19.2431	131.3208	 11.8756	116.7333	  1.8093
 19.2509	131.5875	 11.8619	116.8708	  1.8093
 19.2376	131.8792	 11.8881	116.3208	  1.8087
 19.2341	131.2042	 11.9013	116.7125	  1.8091
 19.2491	131.3167	 11.8823	117.4917	  1.8087
 19.2592	131.6042	 11.8746	117.0208	  1.8089
 19.2431	130.8250	 11.8735	116.8125	  1.8092
 19.2548	131.7042	 11.8741	116.5500	  1.8091
 19.2587	131.9417	 11.8811	116.8667	  1.8088
 19.2255	130.8333	 11.8791	116.4625	  1.8086
 19.2480	131.2167	 11.8808	117.8958	  1.8092
 19.2475	131.4292	 11.8657	116.8792	  1.8095
 19.2569	131.2083	 11.8783	116.9083	  1.8090
 19.2494	132.0292	 11.8803	116.9292	  1.8086
 19.2370	131.4458	 11.8856	116.9625	  1.8093
 19.2446	131.6375	 11.8697	116.4917	  1.8087
 19.2723	130.9000	 11.8717	117.0292	  1.8083
 19.2415	131.7292	 11.8916	116.2625	  1.8089
 19.2625	131.2750	 11.8781	116.6500	  1.8086
 19.2462	130.8583	 11.8714	117.0167	  1.8090
 19.2452	130.6792	 11.8830	116.7750	  1.8086
 19.2412	131.0125	 11.8726	116.6500	  1.8089
 19.2499	131.4542	 11.8710	116.7208	  1.8090
 19.2364	131.4958	 11.8692	116.8875	  1.8094
 19.2438	131.4167	 11.8542	116.5917	  1.8087
 19.2504	131.8000	 11.8786	116.7667	  1.8089
 19.2415	131.6250	 11.8851	116.7500	  1.8090
 19.2429	131.0250	 11.8674	116.8042	  1.8093
 19.2434	131.3833	 11.8771	115.9542	  1.8091
 19.2598	131.3833	 11.8745	116.9417	  1.8090
 19.2554	130.8375	 11.8728	116.6083	  1.8093
 19.2508	132.2208	 11.8774	117.2792	  1.8093
 19.2690	131.8000	 11.8832	116.8792	  1.8092
 19.2661	130.7625	 11.8850	116.7875	  1.8092
 19.2513	131.1792	 11.8725	117.4708	  1.8088
 19.2636	131.4875	 11.8717	116.6250	  1.8088
 19.2377	131.5708	 11.8754	116.3333	  1.8087
 19.2474	131.3750	 11.8804	117.1083	  1.8085
 19.2371	130.9250	 11.8809	116.6917	  1.8089
 19.2597	130.5375	 11.8902	116.5500	  1.8084
 19.2493	131.8167	 11.8793	117.0792	  1.8085
 19.2624	131.3583	 11.8789	116.7458	  1.8097
 19.2618	131.3375	 11.8813	117.2208	  1.8091
 19.2472	131.3708	 11.8832	116.4167	  1.8092
 19.2494	131.1833	 11.8789	116.7333	  1.8089
 19.2505	131.8625	 11.8754	116.2250	  1.8095
 19.2421	130.9375	 11.8754	116.9167	  1.8089
 19.2296	131.5875	 11.8705	116.9625	  1.8093
 19.2401	131.1750	 11.8729	116.9208	  1.8093
 19.2332	131.3042	 11.8614	116.4125	  1.8095
 19.2511	131.6458	 11.8709	116.7667	  1.8087
 19.2513	131.1292	 11.8596	117.0667	  1.8091
 19.2429	131.5042	 11.8783	117.0917	  1.8090
 19.2540	130.9250	 11.8761	116.1500	  1.8087
 19.2394	131.9208	 11.8751	116.7750	  1.8089
 19.2479	131.3042	 11.8723	116.8250	  1.8089
 19.2324	131.6042	 11.8704	116.5208	  1.8093
 19.2608	131.7833	 11.8665	116.8375	  1.8086
 19.2575	131.3708	 11.8594	116.6417	  1.8095
 19.2424	131.1458	 11.8804	117.4167	  1.8091
 19.2473	131.7500	 11.8863	116.8958	  1.8091
 19.2516	131.4708	 11.8916	116.5750	  1.8096
 19.2432	131.1750	 11.8786	117.0708	  1.8096
 19.2341	131.0583	 11.8737	116.3167	  1.8088
 19.2428	131.4292	 11.8770	116.5625	  1.8092
 19.2478	131.1250	 11.8801	116.9083	  1.8096
 19.2711	131.4250	 11.8821	116.3958	  1.8094
 19.2644	131.6583	 11.8855	117.0125	  1.8092
 19.2411	131.0708	 11.8860	116.5792	  1.8094
 19.2645	131.8792	 11.8720	116.9167	  1.8097
 19.2444	131.9167	 11.8733	117.3667	  1.8091
 19.2430	131.3333	 11.8810	116.8500	  1.8095
 19.2594	130.9792	 11.8720	116.5708	  1.8089
 19.2471	131.1958	 11.8827	117.2042	  1.8092
 19.2395	131.7250	 11.8752	116.5250	  1.8090
 19.2430	130.9833	 11.8758	117.1667	  1.8093
 19.2537	131.5292	 11.8902	116.6167	  1.8091
 19.2506	131.3625	 11.8751	116.3833	  1.8095
 19.2409	131.3917	 11.8828	116.3875	  1.8090
 19.2411	131.0500	 11.8863	116.8000	  1.8094
 19.2345	131.5875	 11.8769	116.6625	  1.8093
 19.2632	130.5333	 11.8786	117.0542	  1.8086
 19.2619	131.3917	 11.8690	117.2792	  1.8088
 19.2534	131.7125	 11.8640	116.5083	  1.8094
 19.2481	131.1375	 11.8523	117.0042	  1.8089
 19.2521	131.7875	 11.8755	116.0708	  1.8095
 19.2601	131.1750	 11.8879	116.6750	  1.8095
 19.2355	131.1417	 11.8868	116.7458	  1.8088
 19.2635	131.1458	 11.8632	116.8292	  1.8093
 19.2357	131.5542	 11.8821	116.8917	  1.8094
 19.2247	131.4625	 11.8756	117.1083	  1.8093
 19.2343	131.4208	 11.8663	117.0625	  1.8093
 19.2362	131.4583	 11.8715	117.5292	  1.8088
 19.2643	131.3333	 11.8706	116.0167	  1.8094
 19.2501	130.7875	 11.8756	116.7625	  1.8088
 19.2392	130.8542	 11.8731	116.6042	  1.8094
 19.2426	131.2500	 11.8791	116.8792	  1.8087
 19.2558	131.7250	 11.8820	116.9333	  1.8084
 19.2378	131.3042	 11.8644	116.7708	  1.8089
 19.2378	131.6792	 11.8728	117.3042	  1.8091
 19.2643	130.7667	 11.8863	116.8292	  1.8089
 19.2692	131.7583	 11.8835	116.9500	  1.8089
 19.2681	131.1083	 11.8768	116.7750	  1.8089
 19.2522	130.9833	 11.8740	116.5208	  1.8089
 19.2496	131.6000	 11.8794	117.0833	  1.8089
 19.2482	131.3333	 11.8682	116.9750	  1.8094
 19.2570	130.9000	 11.8729	116.6458	  1.8089
 19.2436	131.3125	 11.8822	117.1375	  1.8088
 19.2605	131.4833	 11.8685	116.6958	  1.8090
 19.2454	131.4875	 11.8748	116.8292	  1.8090
 19.2460	131.2375	 11.8811	117.2083	  1.8086
 19.2510	131.1208	 11.8684	116.0125	  1.8087
 19.2448	131.9375	 11.8669	117.1500	  1.8090
 19.2534	131.2958	 11.8837	116.4792	  1.8092
 19.2618	131.4167	 11.8751	117.1167	  1.8085
 19.2458	131.2250	 11.8662	117.3083	  1.8093
 19.2541	130.6500	 11.8908	116.7042	  1.8091
 19.2717	131.1708	 11.8830	116.7917	  1.8091
 19.2573	131.5750	 11.8676	116.6958	  1.8086
 19.2669	130.9458	 11.8817	116.2583	  1.8091
 19.2496	131.6208	 11.8776	117.1125	  1.8088
 19.2349	131.7125	 11.8839	116.7500	  1.8087
 19.2612	131.3500	 11.8820	116.4750	  1.8088
 19.2512	131.2625	 11.8761	117.0292	  1.8089
 19.2380	131.6500	 11.8640	117.3667	  1.8090
 19.2592	131.3583	 11.8636	116.7625	  1.8091
 19.2647	131.0792	 11.8837	116.7958	  1.8091
 19.2541	131.5708	 11.8811	117.3292	  1.8092
 19.2553	130.8542	 11.8819	116.5417	  1.8090
 19.2500	131.3833	 11.8747	116.8542	  1.8084
 19.2392	131.4250	 11.8754	117.1958	  1.8089
 19.2446	131.8417	 11.8672	116.9750	  1.8090
 19.2647	131.7458	 11.8787	117.0125	  1.8085
 19.2696	131.1333	 11.8785	116.8042	  1.8093
 19.2471	131.0958	 11.8829	116.4750	  1.8091
 19.2478	131.0917	 11.8728	116.9917	  1.8091
 19.2469	131.2458	 11.8757	116.6000	  1.8088
 19.2630	131.2250	 11.8701	116.9917	  1.8090
 19.2502	131.6750	 11.8809	116.5875	  1.8091
 19.2273	131.0583	 11.8741	116.3792	  1.8091
 19.2555	131.1208	 11.8848	116.6708	  1.8087
 19.2363	132.0333	 11.8768	117.0083	  1.8087
 19.2508	131.5917	 11.8714	116.6167	  1.8089
 19.2555	131.2500	 11.8937	116.4917	  1.8094
 19.2468	131.0583	 11.8808	117.1083	  1.8094
 19.2504	130.6958	 11.8739	117.4542	  1.8094
 19.2400	131.9583	 11.8778	116.5375	  1.8090
 19.2439	131.3625	 11.8894	116.9083	  1.8091
 19.2575	131.4333	 11.8746	116.5708	  1.8091
 19.2508	131.6208	 11.8699	116.3667	  1.8088
 19.2441	131.5292	 11.8810	117.0667	  1.8086
 19.2498	131.1792	 11.8739	117.0250	  1.8087
 19.2425	131.3458	 11.8825	116.9375	  1.8091
 19.2395	131.4375	 11.8693	116.2958	  1.8089
 19.2455	130.8833	 11.8664	116.6667	  1.8089
 19.2442	131.8417	 11.8794	116.4125	  1.8087
 19.2552	131.6000	 11.8760	117.2125	  1.8086
 19.2652	131.1542	 11.8981	116.9708	  1.8086
 19.2469	131.7625	 11.8837	116.6833	  1.8091
 19.2388	130.9917	 11.8607	116.6667	  1.8088
 19.2536	131.3625	 11.8896	117.1792	  1.8086
 19.2475	131.8833	 11.8701	116.4542	  1.8092
 19.2515	131.8542	 11.8827	117.0333	  1.8088
 19.2451	131.2542	 11.8802	116.7250	  1.8083
 19.2419	131.2375	 11.8666	117.0167	  1.8089
 19.2556	131.4208	 11.8910	116.4292	  1.8088
 19.2454	131.4042	 11.8777	116.5625	  1.8093
 19.2593	130.8583	 11.8735	116.9917	  1.8097
 19.2648	131.1042	 11.8715	117.4917	  1.8095
 19.2600	131.2833	 11.8801	116.6875	  1.8091
 19.2467	131.7958	 11.8607	116.9250	  1.8088
 19.2547	131.3250	 11.8784	117.0083	  1.8085
 19.2572	131.6708	 11.8799	117.0083	  1.8085
 19.2386	130.8500	 11.8893	116.8083	  1.8083
 19.2464	131.4042	 11.8872	116.9000	  1.8091
 19.2587	130.7583	 11.8895	116.4458	  1.8092
 19.2512	131.0917	 11.8854	116.6042	  1.8091
 19.2433	131.2792	 11.8739	116.9042	  1.8087
 19.2476	131.5042	 11.8848	116.8417	  1.8089
 19.2635	131.8917	 11.8811	116.8458	  1.8088
 19.2597	131.2083	 11.8735	116.5625	  1.8093
 19.2377	131.5000	 11.8957	117.0333	  1.8086
 19.2492	131.5375	 11.8810	116.3833	  1.8090
 19.2441	131.1833	 11.8770	117.2542	  1.8089
 19.2662	131.7333	 11.8655	116.9625	  1.8087
 19.2475	131.4792	 11.8625	116.5792	  1.8087
 19.2616	131.0250	 11.8816	116.9083	  1.8086
 19.2531	130.9417	 11.8806	116.5708	  1.8089
 19.2416	131.3375	 11.8782	117.0417	  1.8091
 19.2581	131.6417	 11.8719	116.8250	  1.8095
 19.2482	131.3292	 11.8685	116.1625	  1.8089
 19.2430	131.1583	 11.8870	116.7000	  1.8091
 19.2645	131.5167	 11.8658	117.0167	  1.8089
 19.2525	131.3417	 11.8720	116.5667	  1.8087
 19.2628	131.5083	 11.8879	116.4250	  1.8090
 19.2634	131.3458	 11.8833	116.2500	  1.8094
 19.2462	131.5042	 11.8715	116.6042	  1.8087
 19.2504	131.0667	 11.8658	116.9083	  1.8087
 19.2400	131.2250	 11.8857	116.8125	  1.8087
 19.2467	131.2667	 11.8928	117.2667	  1.8088
 19.2497	131.0208	 11.8691	117.2292	  1.8090
 19.2513	131.4375	 11.8858	117.0333	  1.8092
 19.2599	131.5250	 11.8797	117.1958	  1.8087
 19.2484	131.4042	 11.8756	117.2542	  1.8093
 19.2473	131.5333	 11.8782	116.6125	  1.8091
 19.2422	131.1917	 11.8801	117.1833	  1.8090
 19.2540	131.2917	 11.8737	116.8625	  1.8092
 19.2487	130.7583	 11.8779	116.3875	  1.8089
 19.2558	130.9333	 11.8855	116.4375	  1.8089
 19.2468	131.7875	 11.8711	117.0208	  1.8089
 19.2546	131.0542	 11.8780	116.7542	  1.8089
 19.2513	131.4875	 11.8672	116.3792	  1.8086
 19.2596	131.8208	 11.8765	116.7375	  1.8091
 19.2661	130.9917	 11.8820	116.7208	  1.8082
 19.2525	131.9708	 11.8737	116.9458	  1.8088
 19.2566	131.4875	 11.8820	116.4917	  1.8087
 19.2466	131.1792	 11.8667	116.3125	  1.8090
 19.2579	131.3375	 11.8829	117.0917	  1.8086
 19.2504	131.7042	 11.8696	116.7958	  1.8090
 19.2521	131.0625	 11.8681	116.8958	  1.8090
 19.2548	130.8750	 11.8801	116.6250	  1.8088
 19.2315	131.1958	 11.8748	117.0333	  1.8089
 19.2569	130.9958	 11.8753	116.1458	  1.8090
 19.2563	130.9917	 11.8755	116.3708	  1.8087
 19.2360	131.4042	 11.8813	116.8250	  1.8091
 19.2452	131.2125	 11.8597	117.4792	  1.8089
 19.2612	131.4208	 11.8978	116.4917	  1.8096
 19.2559	130.7667	 11.8756	117.3375	  1.8090
 19.2363	131.8833	 11.8853	116.7750	  1.8087
 19.2488	131.8167	 11.8846	116.5417	  1.8087
 19.2507	131.6667	 11.8689	117.0417	  1.8086
 19.2476	131.9500	 11.8859	117.1625	  1.8091
 19.2493	131.1542	 11.8883	116.9583	  1.8084
 19.2328	131.4167	 11.8857	116.3708	  1.8088
 19.2457	131.5042	 11.8825	116.6500	  1.8096
 19.2596	131.4958	 11.8849	116.8042	  1.8089
 19.2675	131.7333	 11.8692	117.0417	  1.8095
 19.2437	131.5750	 11.8708	116.7917	  1.8089
 19.2597	131.3208	 11.8705	116.9625	  1.8093
 19.2411	131.2833	 11.8875	116.9333	  1.8093
 19.2595	131.2958	 11.8908	116.6792	  1.8089
 19.2357	131.1125	 11.8798	117.0750	  1.8092
 19.2567	131.6667	 11.8776	117.0917	  1.8091
 19.2590	131.4417	 11.8704	116.6000	  1.8085
 19.2347	131.2125	 11.8797	116.1000	  1.8094
 19.2387	131.3208	 11.8843	116.7083	  1.8094
 19.2491	130.9208	 11.8753	116.9292	  1.8088
 19.2695	131.3958	 11.8897	117.3792	  1.8088
 19.2504	131.4917	 11.8758	116.6542	  1.8091
 19.2462	131.5250	 11.8872	117.0042	  1.8089
 19.2476	131.0833	 11.8892	116.7375	  1.8093
 19.2396	131.0250	 11.8746	116.5333	  1.8091
 19.2633	131.0708	 11.8675	116.6333	  1.8090
 19.2549	130.9958	 11.8854	116.8792	  1.8093
 19.2481	131.4833	 11.8955	116.7625	  1.8095
 19.2400	131.5375	 11.8730	116.9917	  1.8085
 19.2299	131.2167	 11.8801	117.0333	  1.8088
 19.2500	131.4750	 11.8834	116.7458	  1.8085
 19.2683	131.7083	 11.8758	116.7042	  1.8092
 19.2593	131.3125	 11.8794	117.3667	  1.8090
 19.2496	131.1500	 11.8652	117.7375	  1.8083
 19.2563	131.9583	 11.8837	116.4708	  1.8091
 19.2604	131.0458	 11.8835	117.4333	  1.8083
 19.2508	130.9542	 11.8867	116.9458	  1.8089
 19.2286	131.3000	 11.8974	115.8250	  1.8091
 19.2487	132.2083	 11.8771	116.7833	  1.8088
 19.2411	131.3625	 11.8805	116.7292	  1.8092
 19.2636	131.7958	 11.8772	116.9500	  1.8085
 19.2365	131.8458	 11.8703	116.3417	  1.8084
 19.2437	130.7375	 11.8712	116.4167	  1.8091
 19.2459	131.4750	 11.8628	116.4042	  1.8091
 19.2273	131.4542	 11.8776	116.8625	  1.8095
 19.2547	131.4333	 11.8752	116.9125	  1.8088
 19.2574	131.7208	 11.8840	116.6792	  1.8087
 19.2559	131.8042	 11.8883	116.8458	  1.8088
 19.2487	131.3042	 11.8855	116.8375	  1.8092
 19.2403	130.8458	 11.8725	116.9792	  1.8092
 19.2499	131.0292	 11.8945	116.7750	  1.8094
 19.2370	131.1083	 11.8870	116.8250	  1.8090
 19.2523	131.4125	 11.8725	116.5417	  1.8093
 19.2651	130.8667	 11.8805	117.3167	  1.8088
 19.2616	130.8250	 11.8864	116.9542	  1.8087
 19.2710	131.2667	 11.8563	117.0083	  1.8086
 19.2605	131.5875	 11.8873	116.8417	  1.8088
 19.2616	131.9500	 11.8699	116.7500	  1.8089
 19.2475	130.9292	 11.8900	116.8958	  1.8091
 19.2387	131.7250	 11.8555	116.4250	  1.8089
 19.2644	131.0625	 11.8714	117.4042	  1.8093
 19.2418	131.5167	 11.8719	116.8042	  1.8089
 19.2446	131.0417	 11.8748	117.0250	  1.8092
 19.2469	131.5292	 11.8564	116.7875	  1.8087
 19.2517	131.5125	 11.8783	116.4000	  1.8092
 19.2445	131.1042	 11.8851	116.9875	  1.8093
 19.2457	131.4542	 11.8876	116.5500	  1.8093
 19.2586	131.3208	 11.8708	116.9500	  1.8090
 19.2506	131.3083	 11.8785	116.8083	  1.8092
 19.2555	131.3750	 11.8720	116.8958	  1.8092
 19.2530	131.5292	 11.8749	117.0167	  1.8096
 19.2534	130.6250	 11.8789	117.2083	  1.8088
 19.2420	131.2000	 11.8696	116.7583	  1.8089
 19.2547	131.2625	 11.8750	117.2958	  1.8091
 19.2435	130.9875	 11.8845	117.1125	  1.8092
 19.2361	131.2542	 11.8832	116.7792	  1.8087
 19.2450	130.7250	 11.8720	116.6250	  1.8088
 19.2435	131.2333	 11.8693	117.3917	  1.8089
 19.2465	131.1042	 11.8828	116.6250	  1.8087
 19.2565	130.7708	 11.8830	116.7250	  1.8087
 19.2494	131.7583	 11.8695	116.9042	  1.8095
 19.2518	131.4625	 11.8610	116.7208	  1.8095
 19.2566	131.1667	 11.8687	116.7875	  1.8090
 19.2452	131.4667	 11.8889	117.0708	  1.8090
 19.2459	131.2292	 11.8836	116.8708	  1.8091
 19.2476	131.4125	 11.8702	116.4750	  1.8090
 19.2534	131.1083	 11.8653	116.1708	  1.8084
 19.2431	131.6000	 11.8718	116.5583	  1.8087
 19.2579	131.2958	 11.8866	116.4583	  1.8095
 19.2397	131.2708	 11.8692	116.5500	  1.8090
 19.2759	130.9417	 11.8837	116.3250	  1.8087
 19.2376	131.2000	 11.8778	116.1625	  1.8086
 19.2495	131.8583	 11.8786	116.5333	  1.8092
 19.2562	131.3000	 11.8894	116.1208	  1.8088
 19.2341	131.1833	 11.8829	116.7792	  1.8094
 19.2441	131.1042	 11.8766	117.0500	  1.8087
 19.2622	131.9792	 11.8787	117.0250	  1.8085
 19.2445	131.4042	 11.8615	116.5667	  1.8089
 19.2408	131.2792	 11.8730	117.1833	  1.8093
 19.2541	130.8167	 11.8663	116.7792	  1.8085
 19.2435	130.8208	 11.8788	117.0250	  1.8089
 19.2552	131.1417	 11.8880	116.4083	  1.8088
 19.2441	130.5375	 11.8741	116.7333	  1.8088
 19.2355	131.4083	 11.8754	116.9292	  1.8092
 19.2742	130.8333	 11.8754	116.3667	  1.8095
 19.2578	131.2125	 11.8834	116.9583	  1.8090
 19.2364	130.9667	 11.8726	117.3292	  1.8087
 19.2550	131.9333	 11.8698	117.1000	  1.8088
 19.2509	131.5333	 11.8722	117.2375	  1.8089
 19.2550	131.3292	 11.8837	116.6250	  1.8089
 19.2528	131.1042	 11.8671	117.1333	  1.8084
 19.2687	131.1583	 11.8662	117.3958	  1.8094
 19.2531	130.6167	 11.8914	116.7000	  1.8086
 19.2474	130.9875	 11.8804	116.8125	  1.8085
 19.2438	131.1458	 11.8843	116.9458	  1.8090
 19.2416	130.8625	 11.8710	116.4750	  1.8090
 19.2398	131.4125	 11.8821	116.8833	  1.8088
 19.2467	131.5667	 11.8866	116.8375	  1.8092
 19.2273	130.8750	 11.8731	116.8375	  1.8089
 19.2468	131.5292	 11.8744	116.9000	  1.8083
 19.2430	131.9542	 11.8652	116.9125	  1.8086
 19.2627	131.1208	 11.8725	116.7417	  1.8089
 19.2490	131.6292	 11.8845	116.4583	  1.8093
 19.2468	131.4708	 11.8737	116.7208	  1.8089
 19.2616	131.4417	 11.8698	116.2042	  1.8087
 19.2510	130.9417	 11.8906	116.9958	  1.8089
 19.2426	131.7292	 11.8774	116.7792	  1.8090
 19.2379	131.5375	 11.8661	117.1417	  1.8083
 19.2417	131.2250	 11.8663	116.8917	  1.8087
 19.2553	131.0458	 11.8781	116.6958	  1.8090
 19.2406	131.1833	 11.8800	117.1333	  1.8090
 19.2429	131.9667	 11.8878	116.8333	  1.8086
 19.2537	131.7958	 11.8798	116.4458	  1.8087
 19.2673	130.9250	 11.8751	117.1625	  1.8090
 19.2659	131.1500	 11.8773	116.8583	  1.8093
 19.2424	131.5542	 11.8800	116.7250	  1.8092
 19.2428	130.9000	 11.8697	116.6542	  1.8087
 19.2575	130.7792	 11.8744	116.3042	  1.8092
 19.2652	131.1583	 11.8862	116.3583	  1.8094
 19.2344	131.0375	 11.8831	117.3000	  1.8092
 19.2345	131.5792	 11.8866	117.0583	  1.8094
 19.2606	131.0708	 11.8821	116.5625	  1.8088
 19.2824	131.3958	 11.8721	116.8042	  1.8096
 19.2515	130.9500	 11.8820	117.2667	  1.8094
 19.2573	130.9583	 11.8830	116.8125	  1.8092
 19.2615	131.0833	 11.8648	117.2292	  1.8094
 19.2371	131.4583	 11.8714	117.2500	  1.8084
 19.2444	130.6750	 11.8798	116.3708	  1.8086
 19.2473	131.4958	 11.8820	117.3500	  1.8085
 19.2463	131.4708	 11.8722	117.0750	  1.8092
 19.2530	131.5125	 11.8771	116.5667	  1.8088
 19.2507	131.3583	 11.8936	116.8917	  1.8086
 19.2463	131.4208	 11.8710	116.5292	  1.8086
 19.2637	131.8917	 11.8641	116.7875	  1.8092
 19.2533	131.4125	 11.8730	116.8500	  1.8085
 19.2621	131.1208	 11.8824	116.3542	  1.8088
 19.2448	131.9917	 11.8736	116.9417	  1.8085
 19.2580	131.3875	 11.8789	116.7792	  1.8092
 19.2644	131.2417	 11.8729	117.1167	  1.8090
 19.2483	131.0208	 11.8875	116.5917	  1.8089
 19.2503	131.5167	 11.8844	117.0583	  1.8088
 19.2293	131.7792	 11.8827	116.6125	  1.8091
 19.2490	131.6250	 11.8823	116.9583	  1.8086
 19.2388	131.2625	 11.8663	117.0667	  1.8089
 19.2489	130.6083	 11.8791	117.2667	  1.8090
 19.2451	131.5625	 11.8765	117.0083	  1.8091
 19.2438	131.1750	 11.8713	116.9458	  1.8084
 19.2636	131.6042	 11.8699	116.8333	  1.8096
 19.2588	131.1708	 11.8759	116.8375	  1.8089
 19.2497	131.4083	 11.8705	116.6333	  1.8089
 19.2394	131.0250	 11.8721	116.7208	  1.8092
 19.2531	131.2125	 11.8725	116.8292	  1.8090
 19.2449	131.4208	 11.8788	116.6833	  1.8086
 19.2359	131.1500	 11.8815	117.1458	  1.8089
 19.2498	131.9500	 11.8770	118.0250	  1.8087
 19.2407	131.4333	 11.8868	116.5625	  1.8092
 19.2452	131.4000	 11.8795	116.4833	  1.8088
 19.2500	131.5083	 11.8648	116.4167	  1.8089
 19.2437	131.4167	 11.8902	116.8542	  1.8081
 19.2653	131.6125	 11.8615	117.1333	  1.8088
 19.2551	131.2333	 11.8773	116.8625	  1.8091
 19.2599	131.1833	 11.8816	116.9542	  1.8093
 19.2526	131.5333	 11.8737	116.4292	  1.8090
 19.2520	130.9042	 11.8722	117.1958	  1.8086
 19.2392	131.5542	 11.8725	116.9708	  1.8086
 19.2454	131.0083	 11.8760	116.9167	  1.8089
 19.2527	131.1875	 11.8796	116.7583	  1.8093
 19.2436	131.3083	 11.8674	117.1708	  1.8090
 19.2279	130.9458	 11.8887	115.8417	  1.8090
 19.2618	131.6708	 11.8902	116.5917	  1.8090
 19.2537	131.5625	 11.8813	116.4750	  1.8094
 19.2537	131.3125	 11.8815	116.4375	  1.8088
 19.2319	131.0417	 11.8654	116.7625	  1.8089
 19.2462	131.3833	 11.8712	116.8583	  1.8090
 19.2425	131.2125	 11.8726	116.5917	  1.8092
 19.2447	131.3167	 11.8799	117.5708	  1.8084
 19.2759	131.3375	 11.8778	116.8458	  1.8085
 19.2567	130.8458	 11.8763	116.3625	  1.8089
 19.2442	131.4208	 11.8768	116.7125	  1.8091
 19.2595	131.1667	 11.8788	116.0917	  1.8090
 19.2287	131.5750	 11.8767	116.7500	  1.8084
 19.2350	131.6833	 11.8721	116.6000	  1.8086
 19.2402	131.3708	 11.8777	116.6625	  1.8090
 19.2538	131.4875	 11.8723	117.1083	  1.8086
 19.2463	131.4792	 11.8776	117.0708	  1.8100
 19.2503	131.6125	 11.8611	117.0208	  1.8094
 19.2417	131.2417	 11.8839	117.0625	  1.8086
 19.2564	131.3125	 11.8719	116.9000	  1.8085
 19.2547	131.3000	 11.8857	116.6000	  1.8089
 19.2452	131.7208	 11.8757	116.4583	  1.8092
 19.2398	131.6167	 11.8662	116.6708	  1.8089
 19.2348	131.6542	 11.8645	117.1083	  1.8091
 19.2339	131.3667	 11.8647	116.6125	  1.8089
 19.2435	131.4292	 11.8725	116.9750	  1.8089
 19.2512	131.7250	 11.8696	116.6000	  1.8086
 19.2431	130.7250	 11.8826	117.4833	  1.8092
 19.2394	131.0792	 11.8952	116.7792	  1.8093
 19.2521	130.7083	 11.8636	116.5125	  1.8084
 19.2548	130.6583	 11.8849	116.9375	  1.8090
 19.2609	131.2167	 11.8826	117.0458	  1.8084
 19.2651	132.0250	 11.8718	116.7250	  1.8089
 19.2508	131.5375	 11.8612	116.6208	  1.8084
 19.2394	131.1833	 11.8643	116.6542	  1.8089
 19.2502	131.9125	 11.8797	116.9708	  1.8091
 19.2737	131.8083	 11.8752	116.5750	  1.8094
 19.2622	131.3375	 11.8707	116.7625	  1.8090
 19.2602	130.8042	 11.8685	116.6000	  1.8086
 19.2556	131.3333	 11.8699	116.8042	  1.8083
 19.2586	131.5708	 11.8913	116.6333	  1.8089
 19.2303	131.0458	 11.8868	116.3583	  1.8082
 19.2458	131.5583	 11.8752	116.4333	  1.8087
 19.2615	131.4208	 11.8824	117.0667	  1.8087
 19.2611	131.9917	 11.8918	116.8250	  1.8082
 19.2648	131.4375	 11.8784	116.8542	  1.8089
 19.2619	131.5208	 11.8935	116.9042	  1.8088
 19.2382	131.1417	 11.8803	116.6833	  1.8089
 19.2723	131.7125	 11.8804	116.4458	  1.8084
 19.2484	131.2333	 11.8919	117.0833	  1.8089
 19.2480	131.4125	 11.8809	117.4333	  1.8097
 19.2418	131.2750	 11.8701	117.4042	  1.8088
 19.2386	131.6250	 11.8715	116.7667	  1.8091
 19.2487	131.0083	 11.8776	116.8542	  1.8093
 19.2447	131.7708	 11.8902	117.3625	  1.8091
 19.2475	131.5292	 11.8822	116.7042	  1.8097
 19.2441	131.1000	 11.8746	116.6833	  1.8091
 19.2581	131.2583	 11.8809	116.2167	  1.8085
 19.2604	131.5083	 11.8740	116.6417	  1.8089
 19.2465	132.3917	 11.8901	116.7583	  1.8089
 19.2384	131.6917	 11.8752	117.0250	  1.8091
 19.2502	131.6000	 11.8703	116.6333	  1.8086
 19.2634	131.8875	 11.8855	116.9125	  1.8090
 19.2338	131.4875	 11.8932	117.1042	  1.8086
 19.2620	131.7458	 11.8974	117.0250	  1.8091
 19.2546	131.5917	 11.8690	117.4542	  1.8087
 19.2566	131.2708	 11.8859	116.9625	  1.8094
 19.2562	131.3208	 11.8806	116.6292	  1.8085
 19.2605	131.2250	 11.8808	117.2000	  1.8087
 19.2649	131.4750	 11.8627	116.9292	  1.8081
 19.2445	130.9625	 11.9019	117.0875	  1.8094
 19.2526	131.4625	 11.8772	116.1625	  1.8093
 19.2497	131.4208	 11.8847	117.0000	  1.8090
 19.2533	131.0833	 11.8816	116.7125	  1.8087
 19.2539	131.4083	 11.8755	116.9125	  1.8084
 19.2459	131.2375	 11.9015	116.4375	  1.8090
 19.2619	131.3208	 11.8697	117.0333	  1.8091
 19.2607	131.2917	 11.8823	117.0708	  1.8089
 19.2519	130.6542	 11.8873	116.8583	  1.8086
 19.2597	131.5542	 11.8704	117.0333	  1.8091
 19.2709	131.5917	 11.8656	116.7292	  1.8087
 19.2478	130.8625	 11.8728	116.8917	  1.8085
 19.2597	131.3250	 11.8740	116.8083	  1.8093
 19.2588	130.8167	 11.8771	116.9333	  1.8082
 19.2685	131.5625	 11.8851	117.3500	  1.8089
 19.2551	131.0375	 11.8897	116.6000	  1.8086
 19.2364	131.6708	 11.8575	116.8125	  1.8090
 19.2560	131.2833	 11.8812	117.0667	  1.8084
 19.2350	131.3083	 11.8796	116.3875	  1.8090
 19.2535	131.2833	 11.8757	117.3500	  1.8101
 19.2617	130.8708	 11.8839	117.0167	  1.8089
 19.2538	132.2208	 11.8749	116.6667	  1.8089
 19.2502	131.3917	 11.8771	116.7250	  1.8091
 19.2392	130.8750	 11.8703	115.7917	  1.8093
 19.2597	131.2083	 11.8816	117.0042	  1.8091
 19.2531	130.8833	 11.8786	116.5875	  1.8090
 19.2548	131.5417	 11.8896	116.7750	  1.8094
 19.2369	130.9500	 11.8845	117.2292	  1.8082
 19.2388	131.1958	 11.8736	117.4458	  1.8091
 19.2514	130.9333	 11.8852	116.7000	  1.8092
 19.2630	131.6583	 11.8852	116.7750	  1.8092
 19.2386	130.9292	 11.8761	117.2458	  1.8088
 19.2402	131.6458	 11.8833	117.2000	  1.8093
 19.2533	131.5125	 11.8833	117.4125	  1.8091
 19.2446	131.3167	 11.8733	116.9167	  1.8085
 19.2479	131.7333	 11.8846	116.8250	  1.8084
 19.2593	131.7083	 11.8721	116.9750	  1.8088
 19.2390	131.4750	 11.8841	116.2208	  1.8093
 19.2349	131.6583	 11.8824	116.9250	  1.8088
 19.2568	130.9208	 11.8848	116.9542	  1.8086
 19.2148	131.0792	 11.8786	116.7667	  1.8092
 19.2543	131.5625	 11.8686	117.1167	  1.8086
 19.2662	130.9792	 11.8786	116.9667	  1.8088
 19.2592	131.5833	 11.8863	117.3208	  1.8083
 19.2497	131.0708	 11.8764	116.8000	  1.8090
 19.2498	131.0833	 11.8704	117.0000	  1.8091
 19.2345	131.3333	 11.8725	116.7167	  1.8088
 19.2389	131.2208	 11.8728	117.4667	  1.8088
 19.2364	131.6208	 11.8827	116.3333	  1.8083
 19.2668	131.7625	 11.8770	116.5833	  1.8089
 19.2482	131.3167	 11.8661	116.8083	  1.8089
 19.2613	131.2250	 11.8704	116.7875	  1.8087
 19.2539	130.9083	 11.8905	116.6458	  1.8083
 19.2581	131.0000	 11.8797	117.0458	  1.8088
 19.2534	130.8583	 11.8745	117.0833	  1.8083
 19.2499	131.2917	 11.8834	117.5375	  1.8089
 19.2529	131.7542	 11.8833	117.1083	  1.8088
 19.2298	131.3542	 11.8731	116.1542	  1.8086
 19.2544	130.9458	 11.8828	116.3250	  1.8089
 19.2588	131.3833	 11.8696	116.7417	  1.8088
 19.2592	131.2792	 11.8732	117.2875	  1.8089
 19.2518	131.2208	 11.8753	116.8875	  1.8087
 19.2450	131.0917	 11.8812	116.9708	  1.8082
 19.2579	131.0875	 11.8905	116.5833	  1.8081
 19.2550	131.8625	 11.8730	117.0208	  1.8093
 19.2406	131.2958	 11.8867	117.3250	  1.8082
 19.2580	131.1042	 11.8945	116.9708	  1.8087
 19.2369	131.2083	 11.8737	116.9500	  1.8093
 19.2598	131.4458	 11.8763	117.3167	  1.8084
 19.2391	131.2292	 11.8792	116.4458	  1.8092
 19.2433	131.5750	 11.8611	117.4000	  1.8093
 19.2495	131.3042	 11.8906	116.5042	  1.8087
 19.2466	131.1333	 11.8731	116.8500	  1.8091
 19.2513	131.0625	 11.8749	116.4542	  1.8089
 19.2468	131.6125	 11.8768	117.1417	  1.8084
 19.2474	131.1333	 11.8676	116.7917	  1.8093
 19.2433	131.6208	 11.8731	116.5458	  1.8092
 19.2473	130.9125	 11.8827	117.4208	  1.8089
 19.2323	131.2208	 11.8815	116.5458	  1.8093
 19.2654	131.2583	 11.8839	116.7833	  1.8092
 19.2426	131.1208	 11.8612	116.5375	  1.8086
 19.2391	131.7792	 11.8786	116.4917	  1.8086
 19.2751	131.8500	 11.8842	117.0250	  1.8093
 19.2467	131.5750	 11.8814	116.5375	  1.8092
 19.2589	131.4292	 11.8768	116.4375	  1.8084
 19.2469	131.1500	 11.8932	116.2417	  1.8088
 19.2579	131.5042	 11.8729	116.8458	  1.8088
 19.2495	131.8417	 11.8735	117.0333	  1.8092
 19.2537	131.1667	 11.8747	116.8750	  1.8082
 19.2343	131.4333	 11.8770	116.6375	  1.8092
 19.2565	131.2000	 11.8527	116.5375	  1.8086
 19.2480	131.4833	 11.8932	116.7958	  1.8086
 19.2577	131.3583	 11.8674	117.0917	  1.8090
 19.2662	130.7083	 11.8916	117.5583	  1.8085
 19.2400	131.0917	 11.8763	116.9958	  1.8084
 19.2440	131.2042	 11.8779	116.9708	  1.8087
 19.2667	131.7833	 11.8806	116.6125	  1.8087
 19.2434	130.8792	 11.8762	116.9667	  1.8083
 19.2596	130.9667	 11.8752	116.2833	  1.8087
 19.2514	131.5583	 11.8862	116.8333	  1.8090
 19.2476	131.5833	 11.8700	117.1750	  1.8091
 19.2355	131.5833	 11.8786	117.0167	  1.8086
 19.2422	131.0458	 11.8566	116.8375	  1.8085
 19.2718	130.9583	 11.8773	117.0333	  1.8086
 19.2567	131.2292	 11.8805	116.8458	  1.8088
 19.2400	131.0333	 11.8940	117.1542	  1.8088
 19.2456	131.1083	 11.8710	116.6083	  1.8087
 19.2568	131.4125	 11.8740	116.9875	  1.8089
 19.2428	131.7583	 11.8731	116.1875	  1.8091
 19.2397	131.4208	 11.8880	116.9958	  1.8085
 19.2514	131.2750	 11.8729	116.5667	  1.8089
 19.2414	131.2500	 11.8885	116.9667	  1.8092
 19.2530	131.7333	 11.8808	116.5083	  1.8091
 19.2545	131.3208	 11.8695	116.6167	  1.8092
 19.2590	131.6375	 11.8825	116.4250	  1.8086
 19.2476	131.7625	 11.8610	116.4042	  1.8086
 19.2305	130.8958	 11.8770	117.3042	  1.8089
 19.2642	131.3708	 11.8669	117.1917	  1.8083
 19.2578	131.7250	 11.9114	117.3750	  1.8092
 19.2473	131.4625	 11.8627	117.2167	  1.8091
 19.2348	131.1792	 11.8742	117.4625	  1.8091
 19.2649	131.4875	 11.8871	116.8958	  1.8094
 19.2603	131.1708	 11.8790	116.6083	  1.8091
 19.2473	131.2125	 11.8804	116.4750	  1.8089
 19.2536	131.6875	 11.8757	116.2917	  1.8087
 19.2479	131.3917	 11.8893	116.8917	  1.8080
 19.2240	131.5750	 11.8718	116.9750	  1.8085
 19.2439	131.2333	 11.8681	116.7458	  1.8087
 19.2701	131.1083	 11.8717	116.4292	  1.8089
 19.2621	131.8500	 11.8796	116.6625	  1.8086
 19.2458	130.9333	 11.8755	116.4583	  1.8086
 19.2445	131.1542	 11.8622	116.4208	  1.8089
 19.2537	131.7333	 11.8778	116.4500	  1.8088
 19.2339	130.7125	 11.8568	116.2625	  1.8090
 19.2585	130.7000	 11.8719	116.7625	  1.8089
 19.2401	131.2167	 11.8734	117.2625	  1.8088
 19.2381	131.0292	 11.8733	117.0833	  1.8088
 19.2544	130.9375	 11.8628	116.3708	  1.8089
 19.2444	131.1958	 11.8744	116.7625	  1.8088
 19.2401	131.4750	 11.8751	117.2375	  1.8084
 19.2416	131.6125	 11.8873	116.7083	  1.8084
 19.2605	131.3042	 11.8814	116.7125	  1.8089
 19.2655	131.2042	 11.8719	117.2083	  1.8088
 19.2501	132.1083	 11.8894	117.2750	  1.8086
 19.2552	131.3500	 11.8729	117.1500	  1.8089
 19.2451	131.9083	 11.8762	116.7500	  1.8085
 19.2541	131.3333	 11.8633	116.6583	  1.8092
 19.2661	130.9417	 11.8800	116.7958	  1.8089
 19.2547	130.5417	 11.8801	116.5583	  1.8085
 19.2400	130.8417	 11.8846	116.7333	  1.8086
 19.2418	131.0625	 11.8849	116.8750	  1.8092
 19.2599	131.5583	 11.8817	117.3042	  1.8083
 19.2563	131.4167	 11.8767	117.0208	  1.8088
 19.2438	131.2708	 11.8680	116.9750	  1.8088
 19.2635	131.6708	 11.8750	117.4000	  1.8086
 19.2623	131.2792	 11.8799	116.8042	  1.8091
 19.2507	131.5500	 11.8699	116.7875	  1.8085
 19.2532	130.9833	 11.8765	116.9708	  1.8087
 19.2432	131.2333	 11.8921	116.3333	  1.8085
 19.2473	131.0958	 11.8761	117.1875	  1.8082
 19.2415	131.8917	 11.8768	117.6750	  1.8088
 19.2546	131.4875	 11.8770	117.2583	  1.8086
 19.2439	131.3833	 11.8747	116.4792	  1.8085
 19.2403	130.7792	 11.8656	116.6833	  1.8090
 19.2489	131.3625	 11.8912	116.6167	  1.8094
 19.2474	131.1792	 11.8623	117.2125	  1.8095
 19.2434	131.3583	 11.8819	116.3042	  1.8089
 19.2482	131.5167	 11.8731	116.8083	  1.8088
 19.2389	130.6958	 11.8873	116.5292	  1.8083
 19.2434	132.0042	 11.8854	116.9417	  1.8091
 19.2479	131.7708	 11.8711	116.6542	  1.8086
 19.2555	131.1167	 11.8737	117.3917	  1.8089
 19.2403	131.2167	 11.8850	116.8125	  1.8088
 19.2451	130.8833	 11.8736	116.7875	  1.8087
 19.2426	131.6042	 11.8749	116.6167	  1.8088
 19.2624	131.3000	 11.8809	116.5708	  1.8087
 19.2532	131.0458	 11.8921	116.5000	  1.8088
 19.2487	131.0042	 11.8920	116.7417	  1.8087
 19.2385	131.1417	 11.8778	116.7875	  1.8084
 19.2521	131.6208	 11.8836	117.4125	  1.8091
 19.2485	131.4458	 11.8771	116.4875	  1.8083
 19.2374	131.2833	 11.8811	116.6333	  1.8090
 19.2408	131.8667	 11.8846	116.6708	  1.8080
 19.2589	131.3542	 11.8642	116.2583	  1.8091
 19.2531	131.5167	 11.8657	116.9167	  1.8094
 19.2451	132.0125	 11.8873	116.5750	  1.8091
 19.2406	130.7917	 11.8819	116.4333	  1.8084
 19.2646	131.3083	 11.8737	116.6583	  1.8090
 19.2407	131.5750	 11.8872	117.0083	  1.8086
 19.2571	131.8667	 11.8757	116.6875	  1.8088
 19.2474	131.4042	 11.8843	116.2167	  1.8087
 19.2487	131.5083	 11.8775	116.4667	  1.8090
 19.2503	132.3417	 11.8723	116.3500	  1.8090
 19.2504	131.4250	 11.8732	117.3583	  1.8091
 19.2754	131.3125	 11.8680	117.0333	  1.8083
 19.2481	131.4750	 11.8623	116.9000	  1.8091
 19.2476	130.7125	 11.8699	116.8833	  1.8087
 19.2532	131.7625	 11.8704	116.8750	  1.8084
 19.2335	131.7958	 11.8897	117.0250	  1.8091
 19.2592	131.2125	 11.8837	116.7708	  1.8087
 19.2564	131.5625	 11.8607	116.5125	  1.8086
 19.2466	131.1917	 11.8779	116.3833	  1.8085
 19.2458	131.2250	 11.8774	116.8167	  1.8089
 19.2582	131.3875	 11.8763	116.9417	  1.8085
 19.2424	132.0208	 11.8808	116.8917	  1.8088
 19.2404	131.6750	 11.8644	116.7375	  1.8086
 19.2381	131.5083	 11.8735	116.3417	  1.8088
 19.2552	130.6250	 11.8907	116.4167	  1.8085
 19.2522	130.7750	 11.8766	116.5792	  1.8082
 19.2595	131.5958	 11.8641	116.7792	  1.8089
 19.2568	131.4083	 11.8902	116.9708	  1.8089
 19.2627	131.2250	 11.8570	117.1375	  1.8089
 19.2827	131.4542	 11.8668	116.9208	  1.8092
 19.2364	131.2292	 11.8627	117.3083	  1.8092
 19.2516	130.9500	 11.8766	116.7417	  1.8091
 19.2589	131.4500	 11.8856	116.4292	  1.8085
 19.2490	131.0667	 11.8747	116.8708	  1.8094
 19.2509	131.3458	 11.8961	117.1292	  1.8086
 19.2564	130.5417	 11.8765	117.0250	  1.8095
 19.2454	131.3792	 11.8789	115.9000	  1.8086
 19.2519	131.3792	 11.8645	116.3458	  1.8088
 19.2448	130.7583	 11.8668	116.6917	  1.8085
 19.2453	130.9625	 11.8660	117.4625	  1.8087
 19.2470	131.6125	 11.8767	117.1042	  1.8082
 19.2331	131.2875	 11.8709	117.0958	  1.8088
 19.2281	131.5250	 11.8884	117.1500	  1.8090
 19.2387	131.8208	 11.8885	116.6833	  1.8085
 19.2472	131.3208	 11.8838	116.2125	  1.8086
 19.2615	130.6500	 11.8735	117.3917	  1.8089
 19.2504	131.3750	 11.8861	116.6500	  1.8086
 19.2485	130.9833	 11.8706	116.3917	  1.8090
 19.2527	131.5375	 11.8737	116.5042	  1.8086
 19.2540	131.3000	 11.8786	116.6667	  1.8089
 19.2446	131.1042	 11.8683	116.7375	  1.8085
 19.2555	131.7583	 11.8717	115.7375	  1.8080
 19.2397	131.2750	 11.8659	117.1583	  1.8089
 19.2576	131.7500	 11.8762	117.0125	  1.8087
 19.2569	131.9833	 11.8767	116.8375	  1.8087
 19.2483	130.9833	 11.8861	117.0792	  1.8087
 19.2502	131.9500	 11.8778	116.8292	  1.8085
 19.2496	131.2375	 11.8817	117.1958	  1.8085
 19.2502	132.4375	 11.8766	116.3417	  1.8086
 19.2632	131.0750	 11.8714	116.9417	  1.8087
 19.2536	131.2042	 11.8835	116.9875	  1.8087
 19.2523	130.8917	 11.8761	117.0625	  1.8088
 19.2481	132.1333	 11.8722	116.7167	  1.8087
 19.2598	131.6708	 11.8831	116.4167	  1.8087
 19.2487	130.9167	 11.8853	116.6292	  1.8089
 19.2863	131.7167	 11.8785	116.8125	  1.8087
 19.2624	131.3958	 11.8726	117.1458	  1.8086
 19.2387	130.9250	 11.8635	117.4958	  1.8087
 19.2526	131.9125	 11.8758	116.2583	  1.8094
 19.2439	131.7417	 11.8592	117.0708	  1.8084
 19.2584	131.0792	 11.8761	116.8708	  1.8090
 19.2556	131.3583	 11.8780	117.2083	  1.8085
 19.2402	131.6042	 11.8650	116.6167	  1.8085
 19.2412	130.7542	 11.8613	117.0042	  1.8092
 19.2326	131.0708	 11.8806	117.4042	  1.8089
 19.2335	131.5250	 11.8960	117.1875	  1.8093
 19.2487	131.3667	 11.8733	116.9000	  1.8087
 19.2573	131.5542	 11.8697	115.5458	  1.8085
 19.2644	131.4208	 11.8843	116.6792	  1.8084
 19.2398	131.6375	 11.8827	116.7083	  1.8082
 19.2423	131.3625	 11.8819	116.2875	  1.8094
 19.2682	131.1167	 11.8926	116.6833	  1.8090
 19.2582	130.8125	 11.8733	115.9417	  1.8085
 19.2512	131.1875	 11.8799	116.8458	  1.8088
 19.2470	131.4750	 11.8763	117.1542	  1.8085
 19.2612	131.2958	 11.8633	116.3167	  1.8084
 19.2490	131.1583	 11.8766	116.8500	  1.8090
 19.2422	131.1125	 11.8692	117.0125	  1.8089
 19.2478	130.8042	 11.8803	116.6708	  1.8083
 19.2442	131.8333	 11.8766	116.8292	  1.8097
 19.2555	130.9875	 11.8874	116.2458	  1.8087
 19.2390	131.1875	 11.8816	116.8875	  1.8085
 19.2695	130.7000	 11.8758	116.7000	  1.8091
 19.2508	131.1542	 11.8715	117.3125	  1.8085
 19.2537	131.7333	 11.8751	116.9000	  1.8089
 19.2649	130.9667	 11.8798	116.5667	  1.8092
 19.2588	131.6958	 11.8605	116.8625	  1.8093
 19.2490	131.3625	 11.8641	116.4625	  1.8089
 19.2498	131.1125	 11.8703	117.2250	  1.8088
 19.2377	131.6583	 11.8815	116.8708	  1.8093
 19.2452	131.5625	 11.8832	116.6500	  1.8092
 19.2430	131.3917	 11.9003	116.7708	  1.8088
 19.2351	131.5500	 11.9025	117.2500	  1.8088
 19.2597	131.2042	 11.8696	117.7708	  1.8082
 19.2566	130.9958	 11.8819	115.7625	  1.8087
 19.2692	131.0625	 11.8835	116.6500	  1.8086
 19.2563	131.2583	 11.8787	117.0417	  1.8087
 19.2466	131.5125	 11.8929	116.0167	  1.8089
 19.2720	131.8167	 11.8805	116.8333	  1.8084
 19.2427	131.1875	 11.8685	116.7167	  1.8083
 19.2592	131.1917	 11.8834	116.5625	  1.8089
 19.2700	131.0917	 11.8870	116.4542	  1.8093
 19.2476	130.9417	 11.8736	116.5083	  1.8085
 19.2570	131.3417	 11.8693	116.7083	  1.8087
 19.2362	131.4708	 11.8703	116.3083	  1.8091
 19.2481	131.5125	 11.8744	117.1417	  1.8088
 19.2407	131.3542	 11.8806	116.7792	  1.8085
 19.2517	130.8875	 11.8763	116.8292	  1.8092
 19.2615	131.0958	 11.8792	117.3458	  1.8090
 19.2493	130.9292	 11.8772	116.4292	  1.8085
 19.2457	131.7750	 11.8655	117.3792	  1.8091
 19.2325	131.0667	 11.8902	117.2750	  1.8089
 19.2543	131.6250	 11.8765	116.4625	  1.8080
 19.2600	131.2375	 11.8804	117.2833	  1.8083
 19.2630	131.4167	 11.8717	117.0917	  1.8090
 19.2323	130.5208	 11.8792	116.3583	  1.8086
 19.2410	131.2833	 11.8731	116.5583	  1.8088
 19.2397	131.9083	 11.8956	117.4292	  1.8088
 19.2695	131.3792	 11.8656	116.1417	  1.8087
 19.2436	131.3000	 11.8889	116.9500	  1.8086
 19.2415	131.0167	 11.8834	116.9458	  1.8090
 19.2494	131.3375	 11.8848	117.0167	  1.8088
 19.2539	131.0458	 11.8917	117.2583	  1.8093
 19.2340	130.7500	 11.8577	116.9250	  1.8087
 19.2598	130.8625	 11.8879	116.9458	  1.8083
 19.2464	130.8292	 11.8829	116.3292	  1.8084
 19.2517	131.4750	 11.8856	116.9917	  1.8088
 19.2330	130.8958	 11.8688	116.1333	  1.8087
 19.2311	131.6167	 11.8801	116.9667	  1.8089
 19.2546	131.7750	 11.8763	116.3083	  1.8087
 19.2487	131.3125	 11.8837	116.8042	  1.8085
 19.2578	131.4667	 11.8717	116.9417	  1.8086
 19.2532	131.1792	 11.8816	116.4250	  1.8089
 19.2522	131.5208	 11.8696	117.0167	  1.8085
 19.2584	131.8000	 11.8695	117.1250	  1.8090
 19.2512	131.3583	 11.8802	117.5833	  1.8084
 19.2458	131.0500	 11.8924	116.4333	  1.8086
 19.2490	131.3167	 11.8749	116.6125	  1.8089
 19.2408	131.3042	 11.8851	116.6208	  1.8090
 19.2487	131.1708	 11.8843	116.9833	  1.8085
 19.2581	131.5625	 11.8766	116.5125	  1.8088
 19.2357	131.0958	 11.8750	117.1958	  1.8090
 19.2404	131.1750	 11.8856	116.7167	  1.8085
 19.2530	130.9958	 11.8664	116.7083	  1.8084
 19.2557	130.6958	 11.8653	117.3083	  1.8086
 19.2604	131.4333	 11.8827	117.0667	  1.8089
 19.2474	131.6292	 11.8857	116.5375	  1.8086
 19.2314	131.6000	 11.8829	116.9875	  1.8091
 19.2662	130.8375	 11.8794	116.5458	  1.8088
 19.2576	132.2000	 11.8893	116.0875	  1.8086
 19.2556	131.0583	 11.8763	116.9708	  1.8083
 19.2454	130.8167	 11.8676	116.9167	  1.8089
 19.2531	131.4250	 11.8775	116.2667	  1.8088
 19.2323	131.7167	 11.8584	116.8917	  1.8087
 19.2654	131.1750	 11.8626	116.7583	  1.8083
 19.2382	131.2042	 11.8815	116.5875	  1.8088
 19.2460	132.0833	 11.8759	116.7125	  1.8087
 19.2669	131.5500	 11.8850	116.3125	  1.8090
 19.2642	131.4917	 11.8728	117.4417	  1.8084
 19.2491	131.6917	 11.8878	117.1417	  1.8092
 19.2390	131.3167	 11.8958	116.8042	  1.8089
 19.2497	131.9875	 11.8943	116.8458	  1.8086
 19.2711	131.3958	 11.8733	117.1333	  1.8079
 19.2586	131.3625	 11.8631	116.8333	  1.8095
 19.2530	131.5708	 11.8665	117.2917	  1.8081
 19.2426	131.1625	 11.8796	116.9625	  1.8082
 19.2729	131.7417	 11.8729	116.1750	  1.8091
 19.2363	131.7333	 11.8731	117.0917	  1.8089
 19.2591	130.8458	 11.8829	116.8958	  1.8084
 19.2416	131.4083	 11.8783	116.7000	  1.8088
 19.2391	131.7250	 11.8786	116.5333	  1.8085
 19.2520	131.1917	 11.8948	116.6167	  1.8084
 19.2586	131.3000	 11.8845	116.7250	  1.8088
 19.2487	131.1042	 11.8714	116.7917	  1.8089
 19.2487	131.7167	 11.8710	116.8083	  1.8087
 19.2491	131.4417	 11.8671	117.1250	  1.8086
 19.2659	131.7625	 11.8666	116.3000	  1.8081
 19.2503	131.4542	 11.8832	116.4167	  1.8085
 19.2373	131.2792	 11.8647	116.6917	  1.8088
 19.2456	131.5583	 11.8724	117.1583	  1.8086
 19.2443	131.4750	 11.8720	116.9125	  1.8087
 19.2520	131.2875	 11.8720	117.1250	  1.8089
 19.2516	131.2750	 11.8800	117.3708	  1.8084
 19.2549	131.7833	 11.8843	117.0750	  1.8093
 19.2594	131.7042	 11.8800	116.8875	  1.8085
 19.2451	131.5917	 11.8506	116.9500	  1.8087
 19.2548	131.2625	 11.8849	116.6750	  1.8092
 19.2464	130.9542	 11.8853	116.3958	  1.8086
 19.2642	130.8875	 11.8987	116.3292	  1.8085
 19.2563	131.1958	 11.8664	116.7875	  1.8090
 19.2605	131.0208	 11.8721	116.7458	  1.8085
 19.2407	131.3583	 11.8710	116.8417	  1.8082
 19.2431	131.4125	 11.8694	117.0125	  1.8084
 19.2378	131.3208	 11.8776	117.1333	  1.8082
 19.2617	131.4083	 11.8751	116.3792	  1.8091
 19.2600	131.1875	 11.8654	116.9958	  1.8087
 19.2574	131.8750	 11.8866	117.0000	  1.8086
 19.2489	130.9292	 11.8767	116.8208	  1.8092
 19.2521	130.9917	 11.8645	117.2708	  1.8090
 19.2567	131.1458	 11.8787	117.0167	  1.8087
 19.2534	131.7583	 11.8852	116.9042	  1.8092
 19.2559	131.0375	 11.8722	116.6458	  1.8080
 19.2569	131.6583	 11.8765	116.3250	  1.8085
 19.2457	130.9917	 11.8863	117.0500	  1.8084
 19.2468	131.4750	 11.8554	116.5875	  1.8087
 19.2424	131.2042	 11.8746	117.2458	  1.8083
 19.2522	131.4708	 11.8739	117.2917	  1.8086
 19.2448	131.5500	 11.8836	117.5083	  1.8086
 19.2556	130.9750	 11.8939	117.0000	  1.8087
 19.2462	131.3583	 11.8685	117.1167	  1.8089
 19.2234	131.0167	 11.8644	116.8667	  1.8087
 19.2504	130.8625	 11.8719	117.0333	  1.8083
 19.2448	130.8375	 11.8863	116.6125	  1.8083
 19.2527	131.4208	 11.8731	117.1833	  1.8087
 19.2714	131.2542	 11.8657	116.8958	  1.8088
 19.2359	131.0750	 11.8625	117.0708	  1.8086
 19.2448	131.0917	 11.8766	116.0917	  1.8088
 19.2653	131.8417	 11.8788	116.6083	  1.8082
 19.2386	131.4958	 11.8839	117.2167	  1.8088
 19.2535	131.5333	 11.8695	116.2417	  1.8089
 19.2575	131.5750	 11.8779	116.6125	  1.8083
 19.2592	131.7000	 11.8734	116.4458	  1.8082
 19.2528	131.5625	 11.8884	116.5417	  1.8088
 19.2415	131.3917	 11.8719	116.6208	  1.8087
 19.2354	131.1583	 11.8801	116.1417	  1.8085
 19.2523	131.3333	 11.8611	116.8417	  1.8086
 19.2376	131.5083	 11.8677	117.2083	  1.8091
 19.2539	131.1458	 11.8894	117.0333	  1.8087
 19.2736	131.1917	 11.8915	116.9167	  1.8087
 19.2497	131.2875	 11.8779	116.8333	  1.8084
 19.2607	131.2833	 11.8729	117.0208	  1.8090
 19.2485	131.3333	 11.8876	116.5708	  1.8092
 19.2286	131.1458	 11.8693	116.8708	  1.8087
 19.2516	131.1292	 11.8693	117.2958	  1.8087
 19.2478	130.8667	 11.8922	116.9708	  1.8085
 19.2445	130.7083	 11.8923	116.9500	  1.8091
 19.2594	131.0250	 11.8781	116.8000	  1.8088
 19.2500	131.0250	 11.8814	116.8125	  1.8091
 19.2456	130.9583	 11.8805	116.8750	  1.8090
 19.2560	131.3750	 11.8781	116.9708	  1.8090
 19.2606	131.4167	 11.8776	116.7708	  1.8087
 19.2527	131.4042	 11.8847	116.3042	  1.8083
 19.2512	131.5083	 11.8946	116.7167	  1.8088
 19.2470	131.7125	 11.8793	116.8125	  1.8090
 19.2519	131.1250	 11.8924	117.2542	  1.8090
 19.2440	131.0375	 11.8823	116.9167	  1.8086
 19.2502	131.2958	 11.8817	116.3625	  1.8082
 19.2453	131.3500	 11.8838	116.6667	  1.8083
 19.2531	130.6333	 11.8841	117.2292	  1.8086
 19.2275	131.5500	 11.8730	116.8875	  1.8091
 19.2512	131.0083	 11.8759	116.8500	  1.8079
 19.2475	131.1125	 11.8802	117.1500	  1.8091
 19.2431	131.4083	 11.8779	116.9333	  1.8083
 19.2267	131.5583	 11.8691	116.5958	  1.8093
 19.2222	131.5833	 11.8652	116.4333	  1.8080
 19.2556	131.0958	 11.8728	116.9958	  1.8090
 19.2718	131.4125	 11.8989	116.4083	  1.8088
 19.2630	131.6000	 11.8826	117.2250	  1.8086
 19.2627	131.6250	 11.8823	116.8458	  1.8088
 19.2567	132.0833	 11.8769	116.6875	  1.8089
 19.2590	131.1292	 11.8809	116.7083	  1.8086
 19.2532	131.2833	 11.8742	116.8292	  1.8093
 19.2280	131.4292	 11.8610	116.5833	  1.8081
 19.2576	131.1000	 11.8804	117.2167	  1.8091
 19.2488	131.1167	 11.8725	117.3875	  1.8087
 19.2586	131.1083	 11.8832	116.7333	  1.8081
 19.2669	131.7625	 11.8761	116.5875	  1.8086
 19.2652	131.4333	 11.8732	116.4792	  1.8086
 19.2647	131.4042	 11.8788	116.9625	  1.8088
 19.2573	131.1125	 11.8879	117.3167	  1.8094
 19.2565	131.5583	 11.8751	117.1708	  1.8088
 19.2615	131.4750	 11.8775	116.6458	  1.8088
 19.2399	131.6542	 11.8736	116.9500	  1.8089
 19.2475	131.3875	 11.8759	116.2583	  1.8081
 19.2637	130.8458	 11.8725	116.7250	  1.8092
 19.2557	131.1042	 11.8948	116.5792	  1.8086
 19.2642	132.0250	 11.8860	117.2458	  1.8083
 19.2364	130.8917	 11.8905	117.2833	  1.8089
 19.2450	130.7125	 11.8867	117.1458	  1.8089
 19.2480	131.4042	 11.8755	116.7333	  1.8090
 19.2322	131.2500	 11.8763	116.1833	  1.8089
 19.2408	131.5375	 11.8876	116.4667	  1.8080
 19.2426	132.0750	 11.8755	116.8833	  1.8079
 19.2456	130.7375	 11.8695	116.6250	  1.8084
 19.2535	131.6542	 11.8782	116.5333	  1.8086
 19.2537	131.5875	 11.8606	116.8333	  1.8094
 19.2336	131.3958	 11.8865	116.8833	  1.8085
 19.2384	131.0625	 11.8792	116.2958	  1.8085
 19.2428	131.3792	 11.8797	116.8875	  1.8087
 19.2434	130.9458	 11.8891	116.6500	  1.8089
 19.2432	130.8958	 11.8756	116.7917	  1.8088
 19.2628	131.5625	 11.8842	116.7333	  1.8087
 19.2402	130.6500	 11.8761	116.8250	  1.8085
 19.2651	131.2667	 11.8674	116.4167	  1.8083
 19.2441	131.3958	 11.8754	116.5917	  1.8092
 19.2457	131.4625	 11.8854	116.8292	  1.8085
 19.2483	131.1833	 11.8818	116.8583	  1.8088
 19.2686	131.1958	 11.8882	116.6125	  1.8088
 19.2578	130.9583	 11.8705	116.1750	  1.8083
 19.2356	131.1125	 11.8780	116.9417	  1.8085
 19.2500	131.5583	 11.8875	117.0833	  1.8083
 19.2548	131.4292	 11.8725	116.9375	  1.8086
 19.2545	131.7375	 11.8650	117.3458	  1.8086
 19.2583	131.0167	 11.8757	116.4292	  1.8085
 19.2505	131.3250	 11.8842	116.6208	  1.8084
 19.2401	131.3167	 11.8759	117.2042	  1.8088
 19.2530	130.8833	 11.8777	117.0792	  1.8082
 19.2575	131.0417	 11.8790	116.8542	  1.8089
 19.2508	131.1375	 11.8843	116.9292	  1.8087
 19.2555	131.0125	 11.8857	117.2708	  1.8089
 19.2484	131.3583	 11.8819	116.9125	  1.8094
 19.2694	131.3500	 11.8752	116.6667	  1.8083
 19.2464	131.2250	 11.8783	116.5458	  1.8085
 19.2434	131.8208	 11.8685	116.5750	  1.8090
 19.2504	131.6958	 11.8723	116.6792	  1.8080
 19.2590	131.3917	 11.8750	116.3292	  1.8089
 19.2620	131.3917	 11.8675	117.1875	  1.8088
 19.2302	131.1792	 11.8923	116.2708	  1.8086
 19.2507	131.1750	 11.8782	116.2958	  1.8088
 19.2400	131.9583	 11.8784	116.4583	  1.8084
 19.2541	131.3333	 11.8612	116.5667	  1.8082
 19.2664	131.6292	 11.8689	116.5417	  1.8084
 19.2505	131.1792	 11.8747	117.1792	  1.8081
 19.2544	131.5000	 11.8704	116.6458	  1.8090
 19.2416	131.2833	 11.8678	116.6583	  1.8088
 19.2482	131.0583	 11.8787	117.1000	  1.8092
 19.2486	130.6875	 11.8791	116.7417	  1.8093
 19.2774	131.4875	 11.8705	116.3042	  1.8087
 19.2402	131.6625	 11.8816	117.4458	  1.8088
 19.2576	131.3833	 11.8854	116.9833	  1.8090
 19.2487	131.3750	 11.8798	116.6625	  1.8083
 19.2345	131.5542	 11.8970	117.4042	  1.8087
 19.2466	131.7458	 11.8723	116.8917	  1.8086
 19.2460	131.5417	 11.8832	116.6125	  1.8082
 19.2649	131.8625	 11.8661	116.6167	  1.8084
 19.2754	130.8167	 11.8801	116.6083	  1.8089
 19.2507	132.1042	 11.8721	116.4667	  1.8088
 19.2641	131.8167	 11.8704	116.8417	  1.8083
 19.2479	131.6625	 11.8799	117.0625	  1.8085
 19.2493	130.8042	 11.8852	116.7375	  1.8080
 19.2683	131.4208	 11.8757	116.6542	  1.8084
 19.2527	131.3875	 11.8912	117.0792	  1.8084
 19.2600	131.3458	 11.8707	117.0083	  1.8086
 19.2563	130.6958	 11.8814	116.4583	  1.8089
 19.2405	131.1250	 11.8722	116.6167	  1.8087
 19.2562	131.2208	 11.8811	116.5667	  1.8085
 19.2519	130.8458	 11.8731	116.5625	  1.8085
 19.2405	130.8000	 11.8680	116.6333	  1.8092
 19.2597	131.0208	 11.8810	117.0417	  1.8086
 19.2695	131.0708	 11.8802	116.7792	  1.8084
 19.2533	131.4833	 11.8778	116.5083	  1.8087
 19.2392	131.4250	 11.8851	117.2542	  1.8085
 19.2638	131.0417	 11.8878	116.6667	  1.8080
 19.2594	131.8375	 11.8622	116.5000	  1.8083
 19.2565	131.0375	 11.8756	116.6250	  1.8083
 19.2375	131.2875	 11.8851	116.5042	  1.8083
 19.2535	131.1708	 11.8765	116.6208	  1.8091
 19.2438	131.2833	 11.8832	117.0708	  1.8093
 19.2496	131.6417	 11.8995	116.5458	  1.8086
 19.2491	131.4292	 11.8838	117.2625	  1.8087
 19.2322	131.4250	 11.8863	116.6208	  1.8084
 19.2404	131.5792	 11.8776	117.2125	  1.8085
 19.2601	130.9167	 11.8682	116.9792	  1.8087
 19.2415	131.7375	 11.8696	117.1625	  1.8086
 19.2563	131.6542	 11.8761	117.0042	  1.8082
 19.2446	131.4208	 11.8780	117.1333	  1.8088
 19.2457	131.6500	 11.8794	117.0333	  1.8089
 19.2381	131.0000	 11.8775	117.1167	  1.8083
 19.2605	130.9750	 11.8878	117.1792	  1.8088
 19.2531	131.2500	 11.8763	117.1542	  1.8089
 19.2602	132.0333	 11.8965	116.9083	  1.8082
 19.2455	131.4583	 11.8675	116.6292	  1.8089
 19.2319	131.4167	 11.8881	116.5458	  1.8086
 19.2637	131.0708	 11.8716	116.3708	  1.8085
 19.2586	130.8375	 11.8814	117.3250	  1.8090
 19.2397	131.0250	 11.8789	117.2208	  1.8088
 19.2232	131.0917	 11.8782	116.7167	  1.8082
 19.2528	131.7583	 11.8775	116.5708	  1.8085
 19.2232	130.6125	 11.8859	116.1625	  1.8085
 19.2489	131.0875	 11.8783	116.9750	  1.8083
 19.2354	131.3333	 11.8873	115.7667	  1.8086
 19.2638	130.8833	 11.8634	116.5833	  1.8087
 19.2531	131.5958	 11.8786	117.1333	  1.8086
 19.2549	131.5042	 11.8836	116.6708	  1.8089
 19.2487	131.2750	 11.8743	117.5875	  1.8087
 19.2634	131.2250	 11.8734	116.7833	  1.8087
 19.2299	131.4958	 11.8791	117.1542	  1.8086
 19.2659	131.0708	 11.8829	117.1417	  1.8088
 19.2526	131.5708	 11.8780	117.0708	  1.8085
 19.2383	131.4042	 11.8863	116.7667	  1.8078
 19.2411	131.3375	 11.8770	116.5417	  1.8083
 19.2416	130.5167	 11.8818	116.5458	  1.8080
 19.2465	131.5833	 11.8847	117.0500	  1.8077
 19.2546	131.0583	 11.8864	116.6458	  1.8087
 19.2500	131.2625	 11.8844	117.6542	  1.8085
 19.2509	131.2792	 11.8833	116.6958	  1.8084
 19.2457	130.8917	 11.8841	116.5458	  1.8086
 19.2398	130.7458	 11.9023	116.4792	  1.8089
 19.2435	131.2542	 11.8860	116.4875	  1.8088
 19.2454	131.0792	 11.8840	116.8708	  1.8083
 19.2374	131.9542	 11.8748	115.9792	  1.8086
 19.2379	130.7375	 11.8690	117.5833	  1.8084
 19.2617	131.4250	 11.8775	117.0167	  1.8084
 19.2461	131.8292	 11.8882	116.6208	  1.8087
 19.2523	131.8375	 11.8801	116.9708	  1.8085
 19.2546	131.3667	 11.8761	116.8708	  1.8086
 19.2474	131.2375	 11.8767	117.5208	  1.8085
 19.2416	131.1792	 11.8861	116.9625	  1.8086
 19.2496	131.3792	 11.8756	116.6875	  1.8088
 19.2478	131.3500	 11.8940	117.1333	  1.8086
 19.2653	131.1875	 11.8885	116.5125	  1.8086
 19.2517	131.6000	 11.8788	116.7458	  1.8086
 19.2514	131.2167	 11.8656	116.1083	  1.8085
 19.2354	132.0167	 11.8707	116.5042	  1.8083
 19.2603	131.6125	 11.8718	116.7167	  1.8081
 19.2406	131.2750	 11.8731	116.9375	  1.8092
 19.2445	131.7333	 11.8665	116.6375	  1.8085
 19.2637	131.8667	 11.8765	116.5958	  1.8089
 19.2641	131.0042	 11.8844	116.8083	  1.8086
 19.2634	130.5500	 11.8721	116.9375	  1.8089
 19.2393	131.4583	 11.8805	117.2167	  1.8084
 19.2537	131.9583	 11.8791	116.7208	  1.8086
 19.2557	131.3583	 11.8796	116.6625	  1.8086
 19.2725	131.2708	 11.8840	116.6208	  1.8080
 19.2449	131.4583	 11.8861	116.3708	  1.8084
 19.2483	130.9417	 11.8845	117.1625	  1.8081
 19.2452	131.0292	 11.8766	116.5083	  1.8089
 19.2445	131.0875	 11.8827	116.8667	  1.8089
 19.2331	131.1042	 11.8690	117.1292	  1.8086
 19.2527	131.8417	 11.8808	116.4208	  1.8091
 19.2528	131.4875	 11.8810	116.8083	  1.8082
 19.2141	131.0542	 11.8829	117.0000	  1.8085
 19.2476	131.4583	 11.8840	117.2917	  1.8082
 19.2677	131.0667	 11.8774	116.7833	  1.8082
 19.2589	131.1875	 11.8725	117.0083	  1.8090
 19.2533	131.6625	 11.8603	117.2250	  1.8087
 19.2566	131.6000	 11.8791	116.1583	  1.8089
 19.2567	131.0417	 11.8806	116.9667	  1.8085
 19.2696	131.2167	 11.8696	116.5667	  1.8090
 19.2362	131.2875	 11.8825	116.5625	  1.8092
 19.2220	131.0417	 11.8862	116.5750	  1.8088
 19.2459	130.9625	 11.8818	116.7833	  1.8087
 19.2615	131.2542	 11.8687	117.1542	  1.8086
 19.2592	131.5625	 11.8751	116.3250	  1.8088
 19.2266	131.0750	 11.8807	116.5833	  1.8087
 19.2655	131.7458	 11.8841	117.0667	  1.8085
 19.2306	131.4167	 11.8846	116.4708	  1.8087
 19.2459	131.9625	 11.8755	116.6667	  1.8085
 19.2571	131.5125	 11.8632	116.6042	  1.8090
 19.2416	131.8667	 11.8928	116.4042	  1.8087
 19.2463	131.6042	 11.8881	116.6792	  1.8086
 19.2444	131.0375	 11.8754	116.7583	  1.8082
 19.2419	131.2208	 11.8614	117.3167	  1.8082
 19.2440	131.3500	 11.8774	116.9250	  1.8080
 19.2482	131.5000	 11.8685	116.4125	  1.8083
 19.2559	130.4500	 11.8598	116.8083	  1.8087
 19.2538	130.9375	 11.8789	116.7458	  1.8090
 19.2466	131.2875	 11.8772	116.5167	  1.8083
 19.2461	130.9625	 11.8857	116.7583	  1.8084
 19.2523	131.1208	 11.8710	116.8167	  1.8091
 19.2474	131.4458	 11.8824	116.7167	  1.8086
 19.2548	131.1917	 11.8712	116.8250	  1.8083
 19.2736	131.4167	 11.8824	116.9792	  1.8083
 19.2565	131.1750	 11.8918	117.1667	  1.8090
 19.2307	131.2667	 11.8837	116.4500	  1.8086
 19.2503	131.4167	 11.8888	116.5958	  1.8078
 19.2268	131.2750	 11.8740	116.6083	  1.8088
 19.2445	131.6542	 11.8855	117.1792	  1.8081
 19.2580	131.2167	 11.8835	116.3000	  1.8080
 19.2650	131.2333	 11.8770	116.6167	  1.8083
 19.2551	130.8125	 11.8621	116.6708	  1.8084
 19.2517	131.7792	 11.8785	117.1417	  1.8084
 19.2590	131.3000	 11.8728	116.5250	  1.8079
 19.2400	131.1667	 11.8855	117.1292	  1.8083
 19.2706	131.4167	 11.8917	116.2917	  1.8090
 19.2590	131.1875	 11.8871	116.9583	  1.8083
 19.2558	131.5333	 11.8735	117.0917	  1.8082
 19.2560	131.4875	 11.8851	117.4833	  1.8085
 19.2466	131.0667	 11.8700	116.7958	  1.8090
 19.2383	131.4500	 11.8855	116.6542	  1.8089
 19.2593	131.3792	 11.8760	116.6750	  1.8082
 19.2468	131.3417	 11.8636	117.1458	  1.8093
 19.2478	131.7833	 11.8771	116.8750	  1.8085
 19.2314	131.2958	 11.8863	117.4333	  1.8083
 19.2452	131.4250	 11.8740	116.9208	  1.8085
 19.2550	131.2583	 11.8638	116.5000	  1.8083
 19.2493	131.0458	 11.8861	116.7125	  1.8087
 19.2356	131.2875	 11.8715	116.9250	  1.8085
 19.2612	131.1792	 11.8730	116.9125	  1.8087
 19.2630	131.6458	 11.8703	116.8750	  1.8087
 19.2529	130.7458	 11.8811	116.7667	  1.8085
 19.2429	130.4333	 11.8616	116.4250	  1.8088
 19.2480	131.4833	 11.8706	116.6750	  1.8087
 19.2453	131.6917	 11.8621	116.8875	  1.8085
 19.2440	130.6042	 11.8757	117.1417	  1.8081
 19.2271	131.4583	 11.8867	116.1667	  1.8085
 19.2325	131.5500	 11.8814	117.0500	  1.8081
 19.2502	130.9875	 11.8685	117.0708	  1.8088
 19.2484	131.2667	 11.8830	116.8958	  1.8083
 19.2549	131.1792	 11.8831	116.5333	  1.8082
 19.2489	131.3625	 11.8720	116.4542	  1.8080
 19.2587	131.2917	 11.8689	117.0750	  1.8082
 19.2487	131.8125	 11.8870	116.7625	  1.8087
 19.2469	131.0625	 11.8733	116.5083	  1.8091
 19.2507	131.3292	 11.8814	117.2292	  1.8091
 19.2496	130.7833	 11.8851	116.5167	  1.8084
 19.2568	131.3208	 11.8802	117.2000	  1.8086
 19.2568	130.6292	 11.8816	116.7875	  1.8085
 19.2634	131.5292	 11.8838	117.0458	  1.8086
 19.2573	130.9000	 11.8787	117.1875	  1.8088
 19.2684	131.4708	 11.8825	116.6542	  1.8083
 19.2656	131.0458	 11.8820	117.1458	  1.8090
 19.2624	131.4792	 11.8869	117.2000	  1.8095
 19.2521	131.0333	 11.8699	116.9125	  1.8081
 19.2458	131.3667	 11.8850	117.4500	  1.8088
 19.2614	130.9375	 11.8789	117.2167	  1.8083
 19.2566	130.9667	 11.8939	116.7042	  1.8084
 19.2452	130.7750	 11.8799	116.6292	  1.8082
 19.2374	131.3750	 11.8866	116.4833	  1.8078
 19.2557	131.2000	 11.8706	117.0833	  1.8089
 19.2698	131.5250	 11.8750	116.7750	  1.8083
 19.2502	131.3042	 11.8820	116.5208	  1.8084
 19.2451	131.8042	 11.8659	116.3292	  1.8083
 19.2419	131.2333	 11.8799	117.2083	  1.8087
 19.2582	131.0708	 11.8787	116.3292	  1.8081
 19.2542	130.9208	 11.8733	117.0792	  1.8088
 19.2313	130.8875	 11.8790	116.7958	  1.8089
 19.2663	132.0917	 11.8721	116.2500	  1.8087
 19.2499	131.6167	 11.8830	117.1125	  1.8084
 19.2492	131.6750	 11.8748	117.0125	  1.8087
 19.2492	131.1125	 11.9029	116.6875	  1.8081
 19.2296	131.0667	 11.8800	117.1000	  1.8081
 19.2590	130.9583	 11.8857	116.8500	  1.8085
 19.2529	131.8083	 11.8692	116.8500	  1.8088
 19.2560	130.8000	 11.8755	116.9333	  1.8087
 19.2746	131.5625	 11.8740	116.7958	  1.8086
 19.2502	130.9042	 11.8794	117.1750	  1.8087
 19.2646	130.7208	 11.8682	116.6833	  1.8089
 19.2646	131.7667	 11.8793	117.0000	  1.8088
 19.2517	131.5000	 11.8826	116.9083	  1.8085
 19.2549	131.7000	 11.8636	116.6083	  1.8084
 19.2527	131.8125	 11.8811	116.9000	  1.8083
 19.2408	132.0667	 11.8674	116.9083	  1.8086
 19.2696	131.8083	 11.8788	116.9958	  1.8088
 19.2528	131.0417	 11.8756	116.9542	  1.8088
 19.2550	131.4375	 11.8718	117.1792	  1.8084
 19.2464	131.6583	 11.8816	116.6625	  1.8084
 19.2334	131.2625	 11.8886	117.2375	  1.8087
 19.2587	131.4042	 11.8854	116.3500	  1.8080
 19.2393	131.5583	 11.8835	116.5792	  1.8085
 19.2381	131.5208	 11.8807	116.9542	  1.8085
 19.2487	131.1000	 11.8771	117.0208	  1.8082
 19.2433	131.4750	 11.8852	116.3917	  1.8087
 19.2494	131.5958	 11.8779	117.4958	  1.8085
 19.2559	130.6875	 11.8721	117.0333	  1.8086
 19.2636	131.3958	 11.8840	117.0875	  1.8083
 19.2493	131.7667	 11.8840	116.6792	  1.8088
 19.2301	131.9833	 11.8747	116.9875	  1.8085
 19.2419	131.3292	 11.8798	117.4917	  1.8092
 19.2453	131.4417	 11.8844	116.8625	  1.8089
 19.2347	131.0917	 11.8714	116.3583	  1.8086
 19.2357	131.7875	 11.8879	116.6292	  1.8084
 19.2462	131.3917	 11.8828	116.7542	  1.8085
 19.2391	130.7042	 11.8654	116.5042	  1.8083
 19.2556	130.6375	 11.8807	116.4417	  1.8081
 19.2499	131.5833	 11.8782	117.2500	  1.8080
 19.2627	131.2792	 11.8853	116.8542	  1.8080
 19.2351	131.7750	 11.8703	116.9667	  1.8081
 19.2628	130.8583	 11.8874	116.9167	  1.8086
 19.2525	131.3208	 11.8761	116.3333	  1.8091
 19.2552	131.6917	 11.8776	116.7875	  1.8082
 19.2511	131.3667	 11.8735	117.3750	  1.8085
 19.2492	131.2792	 11.8686	116.7250	  1.8082
 19.2400	131.5167	 11.8798	116.8542	  1.8087
 19.2414	131.1833	 11.8607	116.9708	  1.8081
 19.2551	131.2625	 11.8885	116.6375	  1.8082
 19.2539	131.1542	 11.8836	117.2167	  1.8083
 19.2594	131.9958	 11.8775	116.5792	  1.8086
 19.2795	131.6208	 11.8825	116.6125	  1.8082
 19.2429	130.9792	 11.8718	116.4542	  1.8083
 19.2259	130.8208	 11.8735	116.4417	  1.8083
 19.2425	131.7875	 11.8819	116.6750	  1.8085
 19.2429	131.0208	 11.8764	117.0833	  1.8090
 19.2417	131.2792	 11.8781	117.8292	  1.8084
 19.2498	131.6208	 11.8707	117.3208	  1.8085
 19.2552	131.1333	 11.8802	116.9458	  1.8090
 19.2517	131.4667	 11.8683	117.7417	  1.8084
 19.2597	130.4875	 11.8780	116.7042	  1.8081
 19.2644	131.2750	 11.8765	116.6042	  1.8083
 19.2644	130.9958	 11.8761	116.8292	  1.8088
 19.2502	132.1375	 11.8828	116.9750	  1.8091
 19.2424	131.2042	 11.8830	116.8333	  1.8085
 19.2434	131.4333	 11.8791	116.5708	  1.8086
 19.2438	131.5667	 11.8894	117.3292	  1.8082
 19.2534	131.1958	 11.8931	116.3750	  1.8081
 19.2494	131.0583	 11.8752	116.2208	  1.8089
 19.2458	130.7625	 11.8850	116.9750	  1.8082
 19.2524	131.0125	 11.8656	116.5000	  1.8080
 19.2557	131.0500	 11.8831	116.5958	  1.8081
 19.2674	130.8542	 11.8978	116.9625	  1.8084
 19.2486	132.1542	 11.8838	116.8333	  1.8091
 19.2449	131.5750	 11.8751	116.8042	  1.8084
 19.2553	130.6833	 11.8654	117.2375	  1.8092
 19.2432	131.1750	 11.8773	116.4542	  1.8080
 19.2438	131.8625	 11.8834	116.5917	  1.8085
 19.2368	131.8500	 11.8675	116.9958	  1.8079
 19.2667	130.9917	 11.8645	116.5083	  1.8085
 19.2511	131.7167	 11.8834	116.4792	  1.8082
 19.2560	130.2583	 11.8561	116.6292	  1.8090
 19.2387	131.5708	 11.8683	116.7542	  1.8084
 19.2539	131.9583	 11.8773	116.7292	  1.8087
 19.2593	131.1667	 11.8739	116.8792	  1.8087
 19.2359	131.2458	 11.8875	116.6333	  1.8088
 19.2286	131.2042	 11.8784	116.9833	  1.8083
 19.2502	131.1292	 11.8797	116.7625	  1.8086
 19.2499	131.3792	 11.8958	117.2333	  1.8087
 19.2586	130.8958	 11.8683	116.6833	  1.8082
 19.2412	131.4792	 11.8777	116.6583	  1.8081
 19.2464	131.4708	 11.8759	116.5000	  1.8083
 19.2637	131.6750	 11.8819	117.3917	  1.8088
 19.2504	131.3667	 11.8715	116.8333	  1.8089
 19.2633	131.3542	 11.8850	116.3167	  1.8085
 19.2485	131.6750	 11.8733	117.5208	  1.8091
 19.2413	131.3333	 11.8747	117.0000	  1.8085
 19.2587	131.4667	 11.8775	117.1500	  1.8082
 19.2550	131.3292	 11.8634	116.5042	  1.8083
 19.2447	131.1750	 11.8855	116.6125	  1.8089
 19.2657	131.5250	 11.9051	116.9458	  1.8087
 19.2402	131.4250	 11.8730	116.6375	  1.8084
 19.2426	131.2583	 11.8753	116.9333	  1.8087
 19.2413	131.0250	 11.8776	117.1833	  1.8079
 19.2499	131.6917	 11.8737	117.2542	  1.8084
 19.2441	131.3917	 11.8750	117.1750	  1.8090
 19.2466	131.3125	 11.8808	116.6875	  1.8086
 19.2615	131.2917	 11.8881	116.6750	  1.8086
 19.2528	131.6875	 11.8941	116.8833	  1.8082
 19.2407	131.1625	 11.8730	116.4042	  1.8087
 19.2565	131.3125	 11.8772	116.3750	  1.8088
 19.2368	131.5667	 11.8589	116.4958	  1.8086
 19.2411	130.9667	 11.8768	116.7750	  1.8080
 19.2299	131.1375	 11.8839	116.9042	  1.8083
 19.2404	130.8917	 11.8812	116.4958	  1.8084
 19.2486	131.6750	 11.8703	116.6917	  1.8085
 19.2499	131.3125	 11.8879	116.2042	  1.8084
 19.2405	131.8625	 11.8706	116.8333	  1.8081
 19.2417	131.0875	 11.8778	116.3958	  1.8088
 19.2271	131.4417	 11.8623	116.9375	  1.8085
 19.2418	130.9875	 11.8910	116.0375	  1.8087
 19.2520	131.2667	 11.8880	116.4167	  1.8085
 19.2317	131.3458	 11.8769	116.5625	  1.8085
 19.2430	131.5208	 11.8699	116.4125	  1.8079
 19.2538	132.1500	 11.8745	117.0958	  1.8087
