P8010116.472884
GADANKI 01/01/1980 16:46:28 01/01/1980 16:47:29 0350 0079.2 0013.4 00
0000000 0020 0001200 0020 05
1 0 2 02000 1 0000 0030 00532.o 0 0 00 000 14 001200 0.100 BT0
1 1 2 02000 1 0000 0030 00532.o 0 0 00 000 00 001200 0.0000 BC0
1 0 2 02000 1 0000 0030 00532.p 0 0 00 000 14 001200 0.100 BT1
1 1 2 02000 1 0000 0030 00532.p 0 0 00 000 00 001200 0.0000 BC1
1 0 2 02000 1 0000 0030 01064.o 0 0 00 000 14 001200 0.100 BT2
532.000 .o analog 0 	532.000 .o photon 0 	532.000 .p analog 1 	532.000 .p photon 1 	1064.000 .o analog 2 
 20.3288	110.0625	  9.8278	 94.3125	  1.8083
 21.6135	147.3708	 11.1751	127.5000	  1.8095
 97.7365	144.0208	 68.5018	126.3083	  1.8091
 99.9709	140.8708	 35.2085	125.1833	  1.8090
 88.9598	138.5125	 29.3221	123.9292	  1.8090
 62.6083	136.6500	 22.7159	123.3083	  1.8089
 47.7748	135.3667	 18.3936	121.9042	  1.8090
 39.1470	133.9708	 15.8484	121.9333	  1.8092
 33.7781	133.5583	 14.2472	120.7125	  1.8090
 30.2772	133.2375	 13.1457	120.9292	  1.8089
 27.8962	132.5125	 12.3541	120.3167	  1.8087
 26.2282	132.2167	 11.8277	120.3500	  1.8091
 25.0273	131.1208	 11.4400	119.9292	  1.8092
 24.1497	132.2083	 11.1618	119.3500	  1.8092
 23.4750	131.6875	 10.9537	119.7167	  1.8093
 22.9450	131.8083	 10.7729	119.5042	  1.8092
 22.5408	131.8917	 10.6268	119.8250	  1.8096
 22.2341	130.9083	 10.5163	119.5083	  1.8090
 21.9527	130.9167	 10.4200	119.4125	  1.8090
 21.7505	131.0083	 10.3412	118.8917	  1.8098
 21.5585	131.0542	 10.2773	118.9333	  1.8089
 21.4062	131.5292	 10.2293	118.9042	  1.8089
 21.2839	131.3625	 10.1871	118.8708	  1.8094
 21.1680	131.1250	 10.1374	118.9375	  1.8089
 21.0804	131.1292	 10.1214	119.0583	  1.8088
 21.0116	130.6875	 10.0864	118.8875	  1.8093
 20.9348	130.6958	 10.0816	119.2250	  1.8096
 20.8329	131.1750	 10.0390	119.4083	  1.8093
 20.7568	131.2875	 10.0000	118.9708	  1.8087
 20.7124	130.8792	  9.9804	118.2667	  1.8093
 20.6797	130.7125	  9.9575	118.8292	  1.8094
 20.6312	130.7583	  9.9309	119.1250	  1.8090
 20.5883	131.1042	  9.9416	118.5750	  1.8091
 20.5766	130.6167	  9.9133	118.5458	  1.8095
 20.5598	131.1542	  9.9592	118.1042	  1.8091
 20.5269	130.3500	  9.9205	118.3583	  1.8086
 20.5119	130.8667	  9.9202	119.1375	  1.8093
 20.5086	130.9292	  9.8895	118.8667	  1.8088
 20.4679	130.7167	  9.8984	118.8792	  1.8091
 20.4415	130.3125	  9.8650	118.5167	  1.8092
 20.3904	131.0875	  9.8476	118.7333	  1.8091
 20.3930	130.4833	  9.8532	118.8917	  1.8094
 20.3805	130.3708	  9.8593	118.8667	  1.8089
 20.3570	130.8458	  9.8590	118.7167	  1.8087
 20.3577	130.1917	  9.8327	118.5292	  1.8094
 20.3711	130.1500	  9.8615	119.2458	  1.8094
 20.3505	129.9917	  9.8394	118.7625	  1.8095
 20.3518	131.0500	  9.8526	118.7333	  1.8087
 20.3464	131.1583	  9.8508	118.4292	  1.8092
 20.3431	130.4333	  9.8442	118.2750	  1.8086
 20.3230	131.3500	  9.8311	118.6375	  1.8090
 20.3575	130.4458	  9.8415	119.5333	  1.8085
 20.3446	130.5292	  9.8464	118.4667	  1.8094
 20.3222	130.5083	  9.8458	118.6625	  1.8093
 20.3244	130.7833	  9.8296	118.8750	  1.8091
 20.3469	130.6208	  9.8320	118.4375	  1.8084
 20.3280	131.0583	  9.8444	118.7833	  1.8091
 20.3198	130.3875	  9.8312	118.6667	  1.8093
 20.3238	131.2958	  9.8241	118.6625	  1.8091
 20.3346	130.6750	  9.8408	118.7625	  1.8089
 20.3284	130.4167	  9.8286	119.0667	  1.8091
 20.3268	130.8375	  9.8331	118.4750	  1.8089
 20.3289	131.2292	  9.8246	118.2333	  1.8091
 20.3504	130.4750	  9.8448	118.4458	  1.8091
 20.3286	130.8458	  9.8407	118.6458	  1.8095
 20.3101	130.8167	  9.8376	118.1458	  1.8093
 20.3213	130.5167	  9.8211	118.6667	  1.8096
 20.3308	130.4542	  9.8437	118.2083	  1.8095
 20.3384	130.5083	  9.8317	119.2000	  1.8089
 20.3158	129.9875	  9.8384	118.3667	  1.8086
 20.2982	130.6542	  9.8123	118.1542	  1.8092
 20.3239	130.4417	  9.8329	118.0042	  1.8097
 20.3175	130.7875	  9.8128	119.5292	  1.8095
 20.3154	130.5792	  9.8332	118.5333	  1.8091
 20.3249	131.0167	  9.8216	118.1042	  1.8094
 20.3362	130.5083	  9.8296	119.5458	  1.8089
 20.3360	130.7042	  9.8514	118.4458	  1.8089
 20.3290	130.7083	  9.8106	118.3750	  1.8091
 20.3516	130.9500	  9.8313	118.3458	  1.8089
 20.3251	130.7083	  9.8266	118.7917	  1.8093
 20.3132	130.9125	  9.8209	118.1458	  1.8096
 20.3186	130.9750	  9.8447	117.9083	  1.8097
 20.3342	130.6208	  9.8236	118.5917	  1.8087
 20.3455	130.7583	  9.8413	118.4292	  1.8088
 20.3244	130.8250	  9.8285	118.6625	  1.8091
 20.3214	130.8625	  9.8259	118.6625	  1.8093
 20.3166	130.9375	  9.8251	118.6292	  1.8099
 20.3207	130.6250	  9.8339	118.6083	  1.8090
 20.3163	131.0417	  9.8265	118.2375	  1.8096
 20.3252	130.8500	  9.8200	118.3042	  1.8097
 20.3223	130.9583	  9.8246	118.4208	  1.8090
 20.3261	130.6458	  9.8503	117.9583	  1.8088
 20.3266	130.5125	  9.8410	117.9542	  1.8094
 20.3179	130.4375	  9.8523	118.6667	  1.8091
 20.3319	130.7042	  9.8409	118.1833	  1.8089
 20.3263	130.5792	  9.8334	118.7042	  1.8093
 20.3318	130.4667	  9.8540	119.0292	  1.8096
 20.3248	130.3625	  9.8490	118.7292	  1.8093
 20.3240	130.9583	  9.8338	118.3125	  1.8086
 20.3167	130.4958	  9.8269	118.7000	  1.8088
 20.3364	130.4167	  9.8269	119.0625	  1.8090
 20.3272	130.8542	  9.8214	118.2875	  1.8089
 20.3477	130.6208	  9.8579	118.8000	  1.8090
 20.3276	131.1292	  9.8428	119.1917	  1.8096
 20.3130	130.0750	  9.8349	118.2375	  1.8090
 20.3251	130.9875	  9.8399	119.0250	  1.8092
 20.3122	130.0875	  9.8231	118.7708	  1.8091
 20.3229	130.8542	  9.8252	118.8292	  1.8094
 20.3164	130.5750	  9.8333	118.8875	  1.8093
 20.3363	130.8667	  9.8331	118.7958	  1.8091
 20.3196	130.1292	  9.8172	118.5125	  1.8093
 20.3255	130.8292	  9.8376	119.4208	  1.8091
 20.3061	130.8167	  9.8439	118.3375	  1.8089
 20.3442	130.8958	  9.8289	118.3875	  1.8088
 20.3221	130.8833	  9.8212	118.6292	  1.8092
 20.3360	130.4833	  9.8360	118.7500	  1.8089
 20.3308	130.9042	  9.8285	118.5875	  1.8095
 20.3321	130.4333	  9.8409	118.0250	  1.8094
 20.3539	130.6083	  9.8277	118.5542	  1.8086
 20.3172	131.0500	  9.8439	118.3292	  1.8091
 20.3206	131.2042	  9.8319	118.7292	  1.8089
 20.3187	130.8708	  9.8380	118.2250	  1.8090
 20.3181	130.7208	  9.8218	118.6542	  1.8092
 20.3296	130.7500	  9.8346	119.0625	  1.8092
 20.3465	130.9500	  9.8345	118.3167	  1.8093
 20.3318	130.3667	  9.8130	118.9917	  1.8090
 20.3305	130.7375	  9.8315	118.7250	  1.8086
 20.3228	130.5042	  9.8483	118.9708	  1.8093
 20.3314	130.0250	  9.8184	118.5167	  1.8090
 20.3228	130.6583	  9.8246	119.0708	  1.8090
 20.3240	130.3333	  9.8353	118.0708	  1.8089
 20.3448	130.6167	  9.8307	118.8667	  1.8093
 20.3256	130.7333	  9.8339	117.8667	  1.8095
 20.3156	130.3208	  9.8294	119.1167	  1.8093
 20.3158	130.9208	  9.8468	118.5833	  1.8092
 20.3235	130.6042	  9.8502	118.5458	  1.8089
 20.3425	130.5875	  9.8348	118.4167	  1.8091
 20.3225	130.4042	  9.8517	118.5083	  1.8093
 20.3249	130.7125	  9.8500	118.3208	  1.8084
 20.3197	131.0708	  9.8230	118.0000	  1.8095
 20.3205	130.8750	  9.8506	117.9708	  1.8093
 20.3312	130.6292	  9.8320	118.5167	  1.8087
 20.3265	130.1625	  9.8427	118.4833	  1.8085
 20.3235	130.0417	  9.8136	118.4000	  1.8093
 20.3438	131.0333	  9.8449	118.7167	  1.8088
 20.3206	130.6000	  9.8482	119.1042	  1.8090
 20.3189	130.4792	  9.8457	118.6125	  1.8087
 20.3240	130.2500	  9.8372	118.3875	  1.8090
 20.3127	130.8708	  9.8260	118.6000	  1.8089
 20.3282	131.0625	  9.8479	118.5458	  1.8085
 20.3212	130.8125	  9.8388	118.1833	  1.8094
 20.3126	130.9417	  9.8483	118.4208	  1.8092
 20.3218	130.6500	  9.8311	118.2750	  1.8085
 20.3101	130.5917	  9.8194	118.8250	  1.8098
 20.3313	130.7792	  9.8205	118.8333	  1.8099
 20.3227	130.3583	  9.8374	119.0375	  1.8091
 20.3135	130.6083	  9.8524	119.2750	  1.8088
 20.3250	130.9250	  9.8181	118.6042	  1.8091
 20.3207	130.5500	  9.8320	118.9750	  1.8087
 20.3307	130.8833	  9.8224	118.3500	  1.8093
 20.3166	131.3250	  9.8434	118.2458	  1.8094
 20.3163	130.9542	  9.8014	118.8167	  1.8093
 20.3289	130.5000	  9.8320	118.4917	  1.8089
 20.3418	130.8500	  9.8373	118.3917	  1.8094
 20.3367	131.1208	  9.8416	118.8708	  1.8089
 20.3137	130.3042	  9.8340	119.2042	  1.8094
 20.3270	131.0667	  9.8360	118.6000	  1.8089
 20.3358	130.1542	  9.8289	118.7875	  1.8094
 20.3157	130.8250	  9.8443	118.2667	  1.8088
 20.3305	130.7208	  9.8381	119.0083	  1.8088
 20.3304	130.7042	  9.8199	119.0042	  1.8093
 20.3392	130.7500	  9.8299	118.6083	  1.8095
 20.3260	131.3375	  9.8303	118.3375	  1.8092
 20.3224	130.7500	  9.8236	118.6417	  1.8088
 20.3176	130.9667	  9.8418	118.6417	  1.8084
 20.3215	130.7458	  9.8433	118.4917	  1.8090
 20.3438	130.4333	  9.8203	118.5375	  1.8090
 20.3141	131.0667	  9.8428	118.2125	  1.8091
 20.3274	130.8083	  9.8282	118.2333	  1.8090
 20.3251	131.2000	  9.8448	118.9625	  1.8091
 20.3090	130.9208	  9.8474	118.0125	  1.8090
 20.3375	130.8583	  9.8236	118.6042	  1.8085
 20.3231	131.1167	  9.8242	118.7250	  1.8090
 20.3384	130.3458	  9.8454	118.5333	  1.8091
 20.3215	130.7958	  9.8235	118.8375	  1.8093
 20.3110	131.1625	  9.8146	118.1083	  1.8095
 20.3318	130.5167	  9.8330	117.8250	  1.8093
 20.3315	130.8833	  9.8468	118.2167	  1.8091
 20.3431	130.4208	  9.8469	118.6667	  1.8096
 20.3196	131.2167	  9.8426	118.4042	  1.8095
 20.3115	130.2667	  9.8392	118.6958	  1.8090
 20.3341	130.5292	  9.8239	118.6667	  1.8089
 20.3102	130.8750	  9.8288	118.3583	  1.8092
 20.3256	130.6917	  9.8202	119.2708	  1.8093
 20.3138	131.0708	  9.8218	118.9208	  1.8090
 20.3286	130.8292	  9.8324	118.3750	  1.8088
 20.3247	130.8833	  9.8285	118.4958	  1.8093
 20.3106	130.0458	  9.8279	118.8000	  1.8096
 20.3144	130.8083	  9.8605	119.0917	  1.8097
 20.3514	130.8917	  9.8375	118.5792	  1.8084
 20.3303	130.4958	  9.8350	118.3625	  1.8093
 20.3283	130.6750	  9.8450	118.6958	  1.8090
 20.3215	130.7042	  9.8288	118.9292	  1.8092
 20.3046	131.0542	  9.8480	118.2500	  1.8093
 20.3266	130.4875	  9.8379	118.0417	  1.8096
 20.3210	130.8625	  9.8248	118.0042	  1.8094
 20.3279	130.4792	  9.8272	117.8500	  1.8091
 20.3334	130.2167	  9.8302	118.6542	  1.8092
 20.3366	130.5208	  9.8534	119.1083	  1.8085
 20.3315	130.5875	  9.8288	118.5833	  1.8097
 20.3133	130.4875	  9.8285	117.8458	  1.8093
 20.3343	131.0708	  9.8335	118.3625	  1.8095
 20.3269	130.9417	  9.8373	118.5625	  1.8088
 20.3087	130.7333	  9.8414	119.2667	  1.8089
 20.3267	130.8292	  9.8382	118.4125	  1.8093
 20.3479	130.5125	  9.8056	118.9625	  1.8089
 20.3284	131.1375	  9.8264	119.0417	  1.8093
 20.3165	130.8167	  9.8377	118.5792	  1.8097
 20.3254	131.0083	  9.8352	118.5750	  1.8089
 20.3263	130.6042	  9.8211	118.2958	  1.8085
 20.3149	131.2083	  9.8269	118.6958	  1.8093
 20.3275	130.6167	  9.8174	118.9417	  1.8089
 20.3076	130.5208	  9.8343	118.4500	  1.8087
 20.3311	130.5417	  9.8157	119.2625	  1.8089
 20.3110	130.8333	  9.8372	118.3458	  1.8090
 20.3111	130.8958	  9.8214	118.4958	  1.8091
 20.3213	130.7250	  9.8318	118.8625	  1.8089
 20.3378	130.9917	  9.8451	119.1125	  1.8089
 20.3428	131.0333	  9.8110	118.0083	  1.8091
 20.3329	130.4792	  9.8235	118.7042	  1.8091
 20.3273	129.9917	  9.8364	118.8375	  1.8088
 20.3282	130.5333	  9.8306	119.6375	  1.8096
 20.3407	129.9750	  9.8439	118.6083	  1.8090
 20.3310	130.5042	  9.8418	118.4042	  1.8088
 20.3245	130.5167	  9.8345	118.4875	  1.8093
 20.3384	130.1125	  9.8486	118.7667	  1.8091
 20.3326	130.9250	  9.8495	118.6542	  1.8087
 20.3328	130.6583	  9.8220	118.3958	  1.8090
 20.3356	131.4833	  9.8446	118.1167	  1.8094
 20.3179	130.5917	  9.8260	118.7750	  1.8092
 20.3388	130.4333	  9.8224	118.4708	  1.8093
 20.3305	130.9667	  9.8433	119.0000	  1.8094
 20.3224	131.1833	  9.8227	118.5708	  1.8088
 20.3290	130.6667	  9.8368	118.8875	  1.8093
 20.3268	130.9708	  9.8255	117.8708	  1.8087
 20.3401	130.9042	  9.8148	118.6917	  1.8097
 20.3330	131.0833	  9.8513	119.0417	  1.8090
 20.3223	131.4792	  9.8406	117.8083	  1.8090
 20.3293	130.3583	  9.8314	118.9333	  1.8094
 20.3073	130.4792	  9.8456	118.7083	  1.8091
 20.3128	130.4625	  9.8205	118.9042	  1.8090
 20.3254	130.5125	  9.8333	119.0125	  1.8091
 20.3149	131.2500	  9.8395	118.8917	  1.8095
 20.3153	131.0917	  9.8309	118.6542	  1.8096
 20.3227	130.1458	  9.8372	118.8833	  1.8090
 20.3283	130.8667	  9.8322	118.3708	  1.8092
 20.3382	130.9708	  9.8215	118.7042	  1.8084
 20.3364	130.8708	  9.8343	118.5250	  1.8086
 20.3074	130.2250	  9.8258	118.7042	  1.8090
 20.3105	130.4167	  9.8459	118.9667	  1.8094
 20.3353	130.2167	  9.8319	119.1333	  1.8094
 20.3391	131.0833	  9.8379	119.0125	  1.8089
 20.3251	130.8042	  9.8320	119.0167	  1.8086
 20.3179	130.8042	  9.8430	119.0917	  1.8090
 20.3460	130.5292	  9.8350	118.9875	  1.8092
 20.3227	131.0500	  9.8323	118.5375	  1.8089
 20.3221	131.0750	  9.8409	118.7292	  1.8083
 20.3331	130.6333	  9.8371	118.4417	  1.8093
 20.3365	130.9250	  9.8285	118.3292	  1.8084
 20.3420	130.6000	  9.8232	118.4625	  1.8090
 20.3179	130.8208	  9.8434	118.0875	  1.8091
 20.3272	131.6333	  9.8350	118.8458	  1.8089
 20.3332	130.4167	  9.8133	118.4292	  1.8083
 20.3003	130.7417	  9.8250	118.9333	  1.8094
 20.3335	130.6708	  9.8375	118.2458	  1.8088
 20.3183	130.2667	  9.8338	118.5375	  1.8086
 20.3380	131.2167	  9.8462	118.9417	  1.8085
 20.3326	130.8250	  9.8189	118.2667	  1.8092
 20.3380	130.3625	  9.8475	118.4875	  1.8089
 20.3430	130.8542	  9.8496	118.9792	  1.8084
 20.3174	130.1500	  9.8584	118.7708	  1.8090
 20.3303	130.5917	  9.8225	118.4208	  1.8087
 20.3346	130.7042	  9.8368	118.0000	  1.8084
 20.3226	130.1250	  9.8572	118.5625	  1.8091
 20.3283	131.4167	  9.8277	118.3667	  1.8084
 20.3401	130.7583	  9.8435	118.8292	  1.8096
 20.2989	130.4375	  9.8334	118.3208	  1.8089
 20.3198	130.9083	  9.8411	119.0958	  1.8089
 20.3501	130.7458	  9.8336	118.4750	  1.8086
 20.3378	131.3208	  9.8277	118.6250	  1.8097
 20.3298	130.7875	  9.8360	118.8833	  1.8085
 20.3259	130.3667	  9.8323	118.4000	  1.8091
 20.3260	130.3833	  9.8426	118.0792	  1.8091
 20.3365	130.5375	  9.8461	118.6417	  1.8089
 20.3306	130.5708	  9.8365	118.9250	  1.8086
 20.3181	130.9250	  9.8287	118.6583	  1.8095
 20.3206	131.4292	  9.8593	118.5958	  1.8085
 20.3426	131.0542	  9.8108	118.8667	  1.8087
 20.3300	130.7750	  9.8261	118.7125	  1.8092
 20.3456	130.3750	  9.8435	118.2083	  1.8090
 20.3155	130.3792	  9.8169	118.6625	  1.8089
 20.3176	131.2250	  9.8238	119.1583	  1.8095
 20.3341	130.5417	  9.8270	118.3958	  1.8086
 20.3338	131.2792	  9.8485	118.6375	  1.8089
 20.3059	130.5917	  9.8558	118.7083	  1.8087
 20.3290	130.5542	  9.8300	118.7625	  1.8101
 20.3244	130.6958	  9.8401	118.7000	  1.8093
 20.3231	130.7750	  9.8290	118.2583	  1.8085
 20.3234	130.8250	  9.8376	118.5208	  1.8095
 20.3187	131.3000	  9.8279	118.8000	  1.8089
 20.3543	130.9708	  9.8378	119.1542	  1.8092
 20.3383	130.3667	  9.8206	118.6583	  1.8091
 20.3293	130.9583	  9.8113	118.5458	  1.8093
 20.3173	130.6125	  9.8369	118.4458	  1.8085
 20.3088	131.2167	  9.8275	119.0083	  1.8088
 20.3334	131.0458	  9.8258	118.3333	  1.8087
 20.3305	130.6125	  9.8339	119.0625	  1.8087
 20.3398	130.6708	  9.8256	118.4292	  1.8089
 20.3154	130.4833	  9.8369	118.4833	  1.8088
 20.3280	130.7875	  9.8338	118.5917	  1.8091
 20.3120	130.9375	  9.8254	118.4792	  1.8094
 20.3203	130.9333	  9.8382	118.9625	  1.8091
 20.3329	130.8917	  9.8349	118.9708	  1.8089
 20.3371	130.5833	  9.8420	118.5958	  1.8096
 20.3288	130.5250	  9.8249	117.9750	  1.8085
 20.3403	130.2542	  9.8150	118.3000	  1.8085
 20.3140	130.9292	  9.8343	119.0667	  1.8090
 20.3352	130.5292	  9.8354	118.5958	  1.8091
 20.3215	130.6458	  9.8138	118.9333	  1.8089
 20.3313	130.6458	  9.8418	118.4250	  1.8093
 20.3166	130.2625	  9.8222	119.0625	  1.8089
 20.3300	131.0500	  9.8342	118.1000	  1.8089
 20.3298	130.8542	  9.8229	118.6625	  1.8089
 20.3289	130.4833	  9.8432	118.5042	  1.8085
 20.3256	130.7375	  9.8198	118.9500	  1.8085
 20.3382	131.1625	  9.8492	118.8208	  1.8086
 20.3277	130.8250	  9.8403	118.4958	  1.8086
 20.3316	130.7625	  9.8300	118.1333	  1.8089
 20.3298	130.5125	  9.8180	118.4458	  1.8092
 20.3332	130.7292	  9.8410	118.5917	  1.8091
 20.3194	130.6875	  9.8490	119.2083	  1.8088
 20.3213	130.5375	  9.8370	118.4750	  1.8094
 20.3109	130.7792	  9.8406	118.3625	  1.8098
 20.3239	130.6875	  9.8335	118.3833	  1.8082
 20.3124	130.4625	  9.8351	117.9333	  1.8090
 20.3210	131.2708	  9.8320	119.2708	  1.8087
 20.3312	130.6875	  9.8262	118.7417	  1.8095
 20.3298	130.3500	  9.8318	118.6583	  1.8085
 20.3226	130.5833	  9.8457	117.9083	  1.8091
 20.3177	130.2583	  9.8269	118.3000	  1.8091
 20.3287	130.1583	  9.8400	119.0417	  1.8087
 20.3169	130.2833	  9.8397	118.4292	  1.8092
 20.3241	130.2542	  9.8445	118.0875	  1.8091
 20.3295	130.7417	  9.8323	119.1250	  1.8096
 20.3440	130.5000	  9.8364	119.1083	  1.8092
 20.3264	130.5875	  9.8600	118.4208	  1.8086
 20.3182	130.7750	  9.8245	118.3792	  1.8090
 20.3256	130.9792	  9.8322	118.4333	  1.8092
 20.3355	130.5250	  9.8131	118.5917	  1.8094
 20.3430	130.4333	  9.8354	119.0542	  1.8093
 20.3198	130.9792	  9.8451	118.1167	  1.8087
 20.3082	130.5000	  9.8300	119.0625	  1.8092
 20.3244	130.4042	  9.8253	119.0125	  1.8092
 20.3584	130.2083	  9.8265	118.3375	  1.8089
 20.3313	130.4125	  9.8516	118.7958	  1.8087
 20.3388	130.8125	  9.8276	118.7833	  1.8088
 20.3368	130.6875	  9.8126	118.5167	  1.8088
 20.3198	130.4417	  9.8403	118.3000	  1.8091
 20.3312	130.7750	  9.8315	118.8250	  1.8088
 20.3264	130.5208	  9.8339	119.0333	  1.8091
 20.3273	130.9625	  9.8200	118.3667	  1.8089
 20.3171	130.9500	  9.8430	118.3250	  1.8095
 20.3225	130.4042	  9.8129	118.7083	  1.8089
 20.3129	130.3458	  9.8391	118.9583	  1.8092
 20.3394	130.3333	  9.8416	118.2833	  1.8091
 20.3441	130.8417	  9.8332	118.7958	  1.8095
 20.3264	130.9333	  9.8528	118.6208	  1.8093
 20.3260	130.9542	  9.8484	118.8042	  1.8088
 20.3263	130.7250	  9.8367	118.1333	  1.8089
 20.3042	129.9958	  9.8386	118.3708	  1.8086
 20.3472	130.8042	  9.8461	118.2750	  1.8087
 20.3062	130.8917	  9.8264	118.9750	  1.8089
 20.3035	130.5875	  9.8406	118.0583	  1.8090
 20.3288	130.9667	  9.8268	119.2917	  1.8086
 20.3490	131.1125	  9.8080	118.1625	  1.8091
 20.3395	130.5917	  9.8235	118.1042	  1.8085
 20.3337	131.1917	  9.8486	118.8500	  1.8098
 20.3188	130.7875	  9.8348	118.9417	  1.8089
 20.3365	130.1542	  9.8194	118.8375	  1.8087
 20.3106	130.8208	  9.8473	118.0292	  1.8091
 20.3358	130.6875	  9.8368	118.4458	  1.8092
 20.3134	130.9000	  9.8275	118.2292	  1.8085
 20.3386	130.6000	  9.8284	118.5250	  1.8092
 20.3216	130.5583	  9.8468	118.4792	  1.8085
 20.3432	131.2167	  9.8295	119.0083	  1.8090
 20.3303	131.0500	  9.8396	118.3542	  1.8086
 20.3230	130.6375	  9.8340	118.5875	  1.8092
 20.3424	130.6833	  9.8382	118.2208	  1.8092
 20.3371	130.7667	  9.8402	118.4875	  1.8084
 20.3107	131.2375	  9.8092	118.2083	  1.8094
 20.3327	130.5833	  9.8344	118.8500	  1.8090
 20.3178	130.6958	  9.8133	118.5625	  1.8093
 20.3175	130.0667	  9.8226	118.3292	  1.8088
 20.3437	131.1208	  9.8177	118.6208	  1.8086
 20.3407	130.1875	  9.8396	118.8833	  1.8085
 20.3570	130.4625	  9.8296	119.3417	  1.8093
 20.3456	130.5625	  9.8235	118.6542	  1.8088
 20.3340	130.2125	  9.8276	118.8708	  1.8090
 20.3256	131.0625	  9.8275	118.7208	  1.8095
 20.3257	130.2792	  9.8422	119.1917	  1.8088
 20.3217	131.2417	  9.8205	118.2250	  1.8092
 20.3293	130.8625	  9.8401	118.7458	  1.8090
 20.3307	130.6917	  9.8204	118.5708	  1.8086
 20.3095	131.7917	  9.8345	118.1375	  1.8093
 20.3259	130.5417	  9.8370	118.4125	  1.8088
 20.3246	130.5083	  9.8424	118.7375	  1.8096
 20.3326	130.2542	  9.8320	119.1875	  1.8088
 20.3278	130.6083	  9.8337	119.0000	  1.8089
 20.3364	130.8000	  9.8375	118.8500	  1.8092
 20.3076	130.9000	  9.8255	118.3917	  1.8088
 20.3205	130.2375	  9.8165	118.3750	  1.8091
 20.3500	130.9292	  9.8211	118.8417	  1.8091
 20.3242	130.2792	  9.8368	118.9583	  1.8088
 20.3508	130.8500	  9.8388	118.0000	  1.8094
 20.3453	130.6333	  9.8253	119.1667	  1.8092
 20.3317	130.4958	  9.8347	119.0875	  1.8093
 20.3213	130.7708	  9.8418	118.7917	  1.8084
 20.3236	130.3917	  9.8422	118.6000	  1.8087
 20.3244	130.8833	  9.8337	118.8167	  1.8092
 20.3232	130.8167	  9.8166	118.6708	  1.8091
 20.3480	130.0208	  9.8255	119.2417	  1.8086
 20.3338	130.8208	  9.8297	118.8917	  1.8091
 20.3288	130.4417	  9.8391	118.1875	  1.8093
 20.3215	130.9625	  9.8537	118.6875	  1.8087
 20.3175	130.6875	  9.8365	118.7542	  1.8084
 20.3086	130.5750	  9.8096	118.2958	  1.8088
 20.3328	130.6667	  9.8267	118.8542	  1.8090
 20.3085	130.7958	  9.8243	118.6542	  1.8089
 20.3300	130.5250	  9.8239	119.2500	  1.8089
 20.3371	130.7833	  9.8240	118.8125	  1.8089
 20.3190	130.5542	  9.8396	118.0625	  1.8090
 20.3255	130.8958	  9.8398	119.1292	  1.8087
 20.3401	130.9458	  9.8287	118.0500	  1.8092
 20.3459	130.1500	  9.8344	118.7375	  1.8091
 20.3375	131.4208	  9.8348	118.6000	  1.8087
 20.3377	130.0917	  9.8259	118.9833	  1.8091
 20.3104	130.9792	  9.8411	118.2458	  1.8089
 20.3342	131.0375	  9.8216	118.7417	  1.8085
 20.3345	130.3458	  9.8329	118.6083	  1.8093
 20.3229	130.8958	  9.8204	118.8542	  1.8091
 20.3378	131.0458	  9.8333	118.3875	  1.8087
 20.3158	130.5792	  9.8227	118.8167	  1.8092
 20.3207	130.4083	  9.8201	118.4667	  1.8092
 20.3178	130.9750	  9.8283	119.1333	  1.8094
 20.3238	130.5583	  9.8252	118.4583	  1.8089
 20.3146	130.7500	  9.8317	118.1792	  1.8090
 20.3149	130.6042	  9.8367	118.2292	  1.8088
 20.3278	130.9833	  9.8363	117.9208	  1.8090
 20.3268	130.6250	  9.8257	118.2500	  1.8087
 20.3258	130.4875	  9.8197	118.3333	  1.8086
 20.3388	130.5875	  9.8125	118.4542	  1.8087
 20.3270	130.4208	  9.8245	118.9250	  1.8089
 20.3301	130.7875	  9.8289	118.6167	  1.8090
 20.3143	131.1000	  9.8278	118.1750	  1.8088
 20.3312	131.1458	  9.8464	118.7708	  1.8088
 20.3368	131.2625	  9.8591	118.5583	  1.8087
 20.3265	130.4833	  9.8391	118.8042	  1.8090
 20.3402	130.6750	  9.8256	118.3583	  1.8088
 20.3354	130.7417	  9.8340	118.0583	  1.8089
 20.3297	130.6292	  9.8435	119.1958	  1.8090
 20.3187	131.1667	  9.8526	118.5667	  1.8091
 20.3394	130.6292	  9.8430	118.4458	  1.8095
 20.3239	130.3333	  9.8333	118.3542	  1.8091
 20.3377	130.5500	  9.8274	118.7292	  1.8090
 20.3334	130.4042	  9.8163	118.4750	  1.8093
 20.3363	130.6000	  9.8255	118.1833	  1.8091
 20.3220	130.4167	  9.8212	118.5417	  1.8092
 20.3196	130.5125	  9.8290	118.1500	  1.8087
 20.3219	130.2417	  9.8374	119.1792	  1.8094
 20.3266	131.0583	  9.8273	118.5625	  1.8083
 20.3298	131.4750	  9.8543	118.6167	  1.8090
 20.3126	131.0250	  9.8327	118.8875	  1.8084
 20.3295	130.5958	  9.8293	118.6500	  1.8091
 20.3350	130.8417	  9.8493	119.0375	  1.8085
 20.3277	130.7250	  9.8378	119.1875	  1.8087
 20.3529	131.2708	  9.8411	117.9292	  1.8090
 20.3076	130.9958	  9.8389	117.9958	  1.8089
 20.3386	130.4875	  9.8332	118.7875	  1.8092
 20.3216	130.6583	  9.8329	118.3250	  1.8084
 20.3166	130.4208	  9.8298	119.2042	  1.8090
 20.3303	130.4625	  9.8172	119.0208	  1.8088
 20.3358	130.6208	  9.8398	118.5000	  1.8097
 20.3289	130.5083	  9.8326	118.8625	  1.8090
 20.3252	130.3875	  9.8287	118.1958	  1.8091
 20.3435	130.2125	  9.8354	118.3292	  1.8092
 20.3437	130.6542	  9.8362	118.9750	  1.8096
 20.3398	130.1458	  9.8128	118.2792	  1.8092
 20.3185	130.4542	  9.8251	118.3458	  1.8093
 20.3398	130.7042	  9.8328	118.6583	  1.8092
 20.3151	130.6250	  9.8315	118.2708	  1.8088
 20.3375	131.1208	  9.8432	119.4958	  1.8087
 20.3230	130.5375	  9.8481	118.9417	  1.8089
 20.3495	130.6792	  9.8329	118.3583	  1.8089
 20.3155	130.7000	  9.8366	118.3667	  1.8095
 20.3168	130.3833	  9.8268	118.4583	  1.8086
 20.3297	130.8625	  9.8314	119.2583	  1.8088
 20.3332	130.3167	  9.8198	118.8208	  1.8085
 20.3262	131.2042	  9.8360	118.4292	  1.8087
 20.3502	130.7583	  9.8266	118.8167	  1.8088
 20.3458	130.4917	  9.8290	118.7250	  1.8089
 20.3171	130.6625	  9.8344	119.4208	  1.8083
 20.3453	130.8417	  9.8415	118.8833	  1.8091
 20.3302	131.5583	  9.8316	118.2625	  1.8090
 20.3333	131.1500	  9.8346	118.4500	  1.8087
 20.3252	130.5500	  9.8357	118.6542	  1.8089
 20.3328	131.0208	  9.8081	118.0500	  1.8083
 20.3314	130.5958	  9.8160	118.5875	  1.8091
 20.3376	131.2625	  9.8325	118.6958	  1.8091
 20.3358	130.7625	  9.8420	118.0042	  1.8091
 20.3330	130.7542	  9.8343	118.8000	  1.8092
 20.3219	130.8292	  9.8363	118.5083	  1.8087
 20.3148	130.5792	  9.8429	118.7833	  1.8087
 20.3324	130.9875	  9.8248	118.4000	  1.8085
 20.3219	130.3875	  9.8109	118.6625	  1.8090
 20.3293	130.3417	  9.8269	118.5125	  1.8091
 20.3462	130.2542	  9.8389	118.7208	  1.8091
 20.3294	131.0000	  9.8384	118.2458	  1.8087
 20.3371	131.0542	  9.8305	118.4083	  1.8089
 20.3091	130.8167	  9.8476	119.2708	  1.8089
 20.3227	130.3208	  9.8107	118.2333	  1.8092
 20.3163	130.9833	  9.8338	118.9042	  1.8092
 20.3425	130.6875	  9.8265	118.7208	  1.8091
 20.3388	130.3333	  9.8324	118.9750	  1.8085
 20.3308	130.5000	  9.8460	118.6875	  1.8089
 20.3238	130.4833	  9.8086	118.5500	  1.8090
 20.3212	130.5042	  9.8439	118.5792	  1.8093
 20.3286	130.5833	  9.8351	118.4750	  1.8092
 20.3186	130.0292	  9.8247	118.5583	  1.8085
 20.3371	130.9833	  9.8307	118.5292	  1.8092
 20.3142	130.9917	  9.8365	118.8125	  1.8089
 20.3532	130.8125	  9.8264	118.7125	  1.8092
 20.3367	130.6417	  9.8184	119.0667	  1.8092
 20.3319	130.8125	  9.8516	118.6125	  1.8089
 20.3207	130.8333	  9.8364	118.7833	  1.8094
 20.3298	130.4500	  9.8414	119.2000	  1.8093
 20.3441	131.1000	  9.8203	118.0833	  1.8092
 20.3099	130.3833	  9.8499	118.4042	  1.8090
 20.3231	130.9708	  9.8421	119.0833	  1.8088
 20.3186	131.1875	  9.8308	118.4542	  1.8089
 20.3365	130.2750	  9.8363	118.1292	  1.8091
 20.3248	130.6542	  9.8139	118.6417	  1.8090
 20.3423	130.5375	  9.8312	119.0542	  1.8084
 20.3244	130.3042	  9.8276	118.5708	  1.8084
 20.3157	130.7500	  9.8350	118.5250	  1.8090
 20.3363	130.3958	  9.8515	118.9375	  1.8093
 20.3389	130.9500	  9.8373	118.2833	  1.8090
 20.3255	130.2542	  9.8364	118.7875	  1.8089
 20.3289	130.7250	  9.8289	118.1625	  1.8088
 20.3156	130.7875	  9.8211	118.9583	  1.8092
 20.3313	131.3000	  9.8312	118.7250	  1.8090
 20.3341	130.1042	  9.8476	118.7833	  1.8086
 20.3297	131.1792	  9.8414	118.1292	  1.8087
 20.3233	130.4542	  9.8269	118.5083	  1.8092
 20.3114	130.9917	  9.8350	118.3083	  1.8094
 20.3125	131.4042	  9.8290	117.8000	  1.8085
 20.3364	130.6042	  9.8338	119.1792	  1.8089
 20.3307	130.8958	  9.8152	118.4167	  1.8091
 20.3406	130.4917	  9.8483	118.6958	  1.8083
 20.3035	130.7625	  9.8242	118.1708	  1.8086
 20.3013	131.4000	  9.8350	118.6125	  1.8089
 20.3393	130.8292	  9.8505	119.2792	  1.8086
 20.3064	130.9500	  9.8277	119.3083	  1.8089
 20.3062	130.9375	  9.8119	118.8958	  1.8085
 20.3326	130.0500	  9.8348	118.6500	  1.8088
 20.3073	131.1500	  9.8406	118.5125	  1.8090
 20.3253	131.1750	  9.8268	119.5667	  1.8088
 20.3237	130.6417	  9.8275	118.8125	  1.8086
 20.3164	130.8542	  9.8279	118.6417	  1.8088
 20.3183	131.4833	  9.8424	118.0208	  1.8086
 20.3378	130.7375	  9.8355	118.5375	  1.8088
 20.3307	130.6667	  9.8315	118.8167	  1.8088
 20.3149	130.6417	  9.8258	118.5667	  1.8087
 20.3447	131.1375	  9.8471	118.6292	  1.8090
 20.3286	130.9750	  9.8229	118.5917	  1.8092
 20.3255	130.6833	  9.8517	118.9667	  1.8088
 20.3347	130.9208	  9.8338	119.0583	  1.8085
 20.3269	130.7375	  9.8268	119.1333	  1.8094
 20.3306	131.1375	  9.8317	118.5250	  1.8092
 20.3245	130.4333	  9.8270	118.5792	  1.8090
 20.3349	130.7083	  9.8192	118.8000	  1.8091
 20.3289	130.3375	  9.8190	118.7458	  1.8089
 20.3253	130.8417	  9.8272	118.9542	  1.8086
 20.3200	131.0833	  9.8284	118.2250	  1.8091
 20.3022	130.7625	  9.8313	118.2042	  1.8084
 20.3420	130.4083	  9.8312	118.9875	  1.8088
 20.3295	131.4292	  9.8226	118.6458	  1.8095
 20.3220	131.0292	  9.8229	118.3042	  1.8088
 20.3159	131.2250	  9.8448	118.6458	  1.8087
 20.3037	130.6958	  9.8535	118.4875	  1.8090
 20.3373	130.8167	  9.8283	118.6833	  1.8088
 20.3210	130.9458	  9.8300	118.7958	  1.8090
 20.3348	130.7792	  9.8394	118.6917	  1.8090
 20.3225	131.0583	  9.8392	118.4292	  1.8090
 20.3091	130.5875	  9.8473	118.4500	  1.8087
 20.3405	130.7583	  9.8387	118.8750	  1.8088
 20.3207	130.4750	  9.8345	118.4958	  1.8091
 20.3195	131.3458	  9.8331	118.2750	  1.8093
 20.3363	130.5792	  9.8261	118.7083	  1.8089
 20.3267	131.1208	  9.8322	118.8625	  1.8089
 20.3319	130.9750	  9.8286	118.3042	  1.8091
 20.3226	130.7917	  9.8450	118.7042	  1.8090
 20.3238	131.1042	  9.8320	119.4458	  1.8084
 20.3367	130.7958	  9.8450	118.4500	  1.8088
 20.3373	130.2833	  9.8449	118.9458	  1.8090
 20.3082	129.8000	  9.8384	118.5625	  1.8094
 20.3168	130.8083	  9.8145	118.5792	  1.8091
 20.3324	130.3792	  9.8370	118.5458	  1.8088
 20.3411	131.1792	  9.8302	118.3833	  1.8093
 20.3018	130.3750	  9.8320	118.5000	  1.8086
 20.3272	130.2125	  9.8457	118.8208	  1.8091
 20.3366	130.7375	  9.8372	119.3500	  1.8084
 20.3314	130.1208	  9.8492	118.0583	  1.8082
 20.3170	130.7750	  9.8207	118.6417	  1.8093
 20.3289	130.5750	  9.8253	118.2708	  1.8090
 20.3352	130.5750	  9.8266	118.7333	  1.8089
 20.3177	130.4708	  9.8394	118.6417	  1.8097
 20.3137	130.7417	  9.8340	118.6750	  1.8091
 20.3058	130.2333	  9.8214	118.8417	  1.8086
 20.3390	130.3083	  9.8200	118.7833	  1.8088
 20.3155	130.2958	  9.8338	118.6542	  1.8089
 20.3198	130.6917	  9.8317	118.6542	  1.8093
 20.3347	130.9250	  9.8290	118.6375	  1.8090
 20.3246	130.6167	  9.8376	119.0333	  1.8087
 20.3263	130.5417	  9.8585	118.4333	  1.8087
 20.3301	131.1375	  9.8288	118.2792	  1.8087
 20.3306	130.2875	  9.8305	119.0042	  1.8088
 20.3515	130.8292	  9.8151	118.8750	  1.8089
 20.3340	130.5000	  9.8352	118.5125	  1.8088
 20.3299	130.4542	  9.8050	118.0750	  1.8089
 20.3319	130.8625	  9.8405	118.7542	  1.8091
 20.3131	130.9875	  9.8354	118.4250	  1.8095
 20.3168	130.7542	  9.8287	118.9042	  1.8094
 20.3244	130.8542	  9.8506	118.8625	  1.8095
 20.3086	130.5833	  9.8349	118.2917	  1.8088
 20.3451	130.3500	  9.8140	118.2500	  1.8089
 20.3320	130.4167	  9.8481	118.4750	  1.8089
 20.3422	130.5125	  9.8393	118.4750	  1.8084
 20.3305	130.5500	  9.8290	118.7500	  1.8095
 20.3325	130.7417	  9.8208	118.5542	  1.8089
 20.3308	130.6708	  9.8367	118.2250	  1.8088
 20.3257	131.2667	  9.8321	118.8333	  1.8093
 20.3307	130.5250	  9.8297	119.2542	  1.8086
 20.3481	130.7958	  9.8521	118.8417	  1.8091
 20.3312	130.9583	  9.8229	119.3333	  1.8087
 20.3469	130.2958	  9.8400	118.6292	  1.8091
 20.3258	130.8000	  9.8174	119.2042	  1.8085
 20.3368	130.2208	  9.8613	119.0250	  1.8089
 20.3293	131.5750	  9.8285	118.4833	  1.8089
 20.3147	130.9292	  9.8335	118.4583	  1.8088
 20.3252	130.9375	  9.8513	118.4458	  1.8093
 20.3299	130.4458	  9.8371	118.2208	  1.8092
 20.3235	130.3958	  9.8370	118.1750	  1.8090
 20.3393	130.5000	  9.8385	118.1833	  1.8092
 20.3252	130.7417	  9.8548	118.1417	  1.8085
 20.3089	130.3208	  9.8191	118.9750	  1.8093
 20.3196	130.9042	  9.8335	118.6875	  1.8086
 20.3282	130.2833	  9.8274	119.1208	  1.8089
 20.3206	130.9875	  9.8304	118.5000	  1.8088
 20.3270	130.6875	  9.8314	118.6917	  1.8089
 20.3247	130.6208	  9.8550	118.5375	  1.8088
 20.3291	130.3417	  9.8378	118.8625	  1.8092
 20.3217	130.6083	  9.8371	118.8875	  1.8087
 20.3354	130.2833	  9.8240	118.3083	  1.8095
 20.3295	130.5208	  9.8504	119.0667	  1.8093
 20.3383	130.7375	  9.8311	118.4458	  1.8086
 20.3406	130.8333	  9.8519	118.9417	  1.8084
 20.3410	130.6875	  9.8121	118.7500	  1.8087
 20.3416	130.7667	  9.8435	118.3958	  1.8090
 20.3573	130.4750	  9.8494	118.6333	  1.8095
 20.3185	130.4958	  9.8310	118.7917	  1.8089
 20.3259	130.8208	  9.8334	119.0042	  1.8092
 20.3205	130.3167	  9.8329	118.7583	  1.8093
 20.3397	130.4625	  9.8351	118.5875	  1.8085
 20.3413	130.9708	  9.8378	118.6542	  1.8086
 20.3380	130.7333	  9.8411	118.6792	  1.8085
 20.3244	130.9458	  9.8327	119.0333	  1.8085
 20.3182	130.9875	  9.8348	118.2875	  1.8089
 20.3509	130.7500	  9.8333	118.5042	  1.8089
 20.3380	130.6500	  9.8470	118.8458	  1.8087
 20.3291	131.0167	  9.8222	118.4125	  1.8084
 20.3418	130.7125	  9.8370	119.1250	  1.8085
 20.3421	131.2208	  9.8493	118.4917	  1.8085
 20.3461	131.3625	  9.8274	118.7958	  1.8089
 20.3328	131.1958	  9.8166	117.8875	  1.8090
 20.3381	130.1500	  9.8276	118.9167	  1.8086
 20.3033	130.8208	  9.8005	118.7708	  1.8089
 20.3397	130.6667	  9.8351	117.9708	  1.8087
 20.3252	131.1917	  9.8353	119.0792	  1.8085
 20.3331	130.5583	  9.8498	118.6250	  1.8091
 20.3338	130.5500	  9.8523	118.7917	  1.8091
 20.3189	130.7542	  9.8310	118.4333	  1.8089
 20.3342	131.0542	  9.8379	118.2083	  1.8087
 20.3310	130.7625	  9.8402	118.8292	  1.8091
 20.3188	130.7375	  9.8475	118.2542	  1.8088
 20.3248	130.5167	  9.8474	118.2625	  1.8089
 20.3440	131.1250	  9.8249	118.5292	  1.8087
 20.3427	130.4292	  9.8362	118.6583	  1.8082
 20.3346	131.1208	  9.8350	118.6583	  1.8093
 20.3420	130.7500	  9.8273	118.8958	  1.8093
 20.3229	130.9417	  9.8313	118.7250	  1.8088
 20.3222	130.3083	  9.8081	118.7458	  1.8089
 20.3175	130.8167	  9.8256	118.4792	  1.8092
 20.3234	130.9250	  9.8353	119.1333	  1.8088
 20.3118	130.7000	  9.8349	118.8833	  1.8085
 20.3412	130.8208	  9.8349	118.1000	  1.8088
 20.3356	130.4625	  9.8371	118.5417	  1.8091
 20.3183	130.3708	  9.8210	119.2167	  1.8094
 20.3260	130.9917	  9.8469	118.6833	  1.8089
 20.3251	130.8875	  9.8241	119.1000	  1.8087
 20.3303	130.8667	  9.8505	118.5542	  1.8088
 20.3314	130.2708	  9.8327	118.9750	  1.8092
 20.3343	130.8083	  9.8251	118.3042	  1.8084
 20.3250	130.0917	  9.8446	118.3667	  1.8085
 20.3201	130.6708	  9.8468	118.8208	  1.8088
 20.3189	130.4167	  9.8157	118.7292	  1.8084
 20.3209	130.5667	  9.8467	118.5125	  1.8092
 20.3404	130.6750	  9.8285	118.8417	  1.8088
 20.3202	130.3292	  9.8294	118.5500	  1.8089
 20.3297	130.8250	  9.8317	118.5667	  1.8090
 20.3371	131.0833	  9.8272	118.1958	  1.8084
 20.3314	131.4833	  9.8229	118.8708	  1.8094
 20.3287	130.9875	  9.8291	118.7875	  1.8088
 20.3306	130.0667	  9.8373	118.7250	  1.8089
 20.3193	130.8208	  9.8185	118.6417	  1.8090
 20.3267	130.8042	  9.8396	118.3000	  1.8083
 20.3114	130.4458	  9.8326	118.5375	  1.8090
 20.3241	130.3417	  9.8216	118.5167	  1.8092
 20.3139	130.5583	  9.8218	118.3125	  1.8089
 20.3409	130.3083	  9.8201	118.7833	  1.8086
 20.3350	130.7875	  9.8609	117.9708	  1.8091
 20.3321	131.0083	  9.8446	118.5750	  1.8089
 20.3190	131.0792	  9.8408	118.8958	  1.8094
 20.3128	130.4792	  9.8437	118.8417	  1.8089
 20.3195	130.4167	  9.8168	118.6708	  1.8086
 20.3338	130.7042	  9.8280	118.8333	  1.8087
 20.3177	130.8125	  9.8346	118.2667	  1.8081
 20.3291	130.6042	  9.8265	118.6250	  1.8098
 20.3385	130.2833	  9.8430	118.8792	  1.8088
 20.3202	130.6625	  9.8564	118.3750	  1.8095
 20.3429	130.8083	  9.8361	118.9083	  1.8092
 20.3189	131.0917	  9.8380	118.3417	  1.8093
 20.3295	130.4792	  9.8459	118.1417	  1.8089
 20.3019	130.8042	  9.8090	118.4667	  1.8088
 20.3493	131.1125	  9.8496	118.6000	  1.8085
 20.3179	130.4667	  9.8415	119.1417	  1.8090
 20.3213	130.8250	  9.8352	118.5125	  1.8090
 20.3188	130.3042	  9.8329	119.1625	  1.8082
 20.3374	130.5375	  9.8462	118.9375	  1.8090
 20.3260	129.9083	  9.8268	118.5667	  1.8083
 20.3201	130.5833	  9.8545	118.3500	  1.8089
 20.3418	130.4167	  9.8278	119.4958	  1.8095
 20.3286	131.2458	  9.8189	118.8958	  1.8088
 20.3186	130.0375	  9.8220	118.3583	  1.8086
 20.3378	130.2792	  9.8422	118.5958	  1.8092
 20.3328	130.3333	  9.8486	118.9333	  1.8090
 20.3257	130.6708	  9.8258	118.1625	  1.8088
 20.3262	130.6125	  9.8360	119.0375	  1.8084
 20.3384	130.9958	  9.8286	118.6542	  1.8086
 20.3306	130.6167	  9.8267	119.2250	  1.8085
 20.3353	130.8042	  9.8318	118.8167	  1.8091
 20.3457	130.4000	  9.8197	118.9917	  1.8090
 20.3324	131.1833	  9.8377	118.7417	  1.8086
 20.3292	130.8667	  9.8344	118.9417	  1.8085
 20.3203	130.7042	  9.8150	118.0333	  1.8088
 20.3412	131.2375	  9.8024	117.8208	  1.8095
 20.3256	130.5333	  9.8421	118.5125	  1.8088
 20.3361	130.6125	  9.8412	118.1125	  1.8086
 20.3162	130.4750	  9.8356	118.7667	  1.8085
 20.3316	130.5458	  9.8330	118.6917	  1.8085
 20.3352	130.4083	  9.8204	118.5833	  1.8088
 20.3407	130.5542	  9.8190	118.8750	  1.8087
 20.3201	131.0375	  9.8258	118.2542	  1.8091
 20.3291	130.3667	  9.8313	118.7583	  1.8083
 20.3380	130.9458	  9.8300	118.7417	  1.8084
 20.3150	131.3083	  9.8406	119.1458	  1.8091
 20.3332	130.6292	  9.8161	118.7958	  1.8089
 20.3403	130.6458	  9.8462	118.8375	  1.8083
 20.3321	131.2208	  9.8382	118.7333	  1.8086
 20.3090	130.7292	  9.8488	119.3167	  1.8092
 20.3468	131.0583	  9.8423	117.3917	  1.8089
 20.3300	130.9667	  9.8583	118.8250	  1.8092
 20.3265	130.4583	  9.8186	118.4292	  1.8090
 20.3339	131.0000	  9.8286	118.1833	  1.8092
 20.3272	130.8958	  9.8163	118.8125	  1.8086
 20.3335	130.4458	  9.8157	118.4458	  1.8094
 20.3125	130.9167	  9.8329	118.0958	  1.8084
 20.3483	130.2000	  9.8170	118.3042	  1.8100
 20.3209	131.0500	  9.8368	118.9958	  1.8085
 20.3351	131.0458	  9.8113	118.7875	  1.8087
 20.3129	130.4125	  9.8363	119.1583	  1.8085
 20.3437	130.5958	  9.8339	118.7625	  1.8089
 20.3293	130.6542	  9.8187	118.8542	  1.8088
 20.3333	130.5333	  9.8368	118.9292	  1.8087
 20.3316	131.1250	  9.8370	118.2292	  1.8090
 20.3340	130.2542	  9.8436	118.0708	  1.8086
 20.3458	131.0958	  9.8253	118.9000	  1.8096
 20.3345	130.7542	  9.8417	118.7292	  1.8084
 20.3235	130.7542	  9.8136	118.6542	  1.8087
 20.3386	130.0417	  9.8399	118.8167	  1.8090
 20.3264	130.5167	  9.8476	118.2583	  1.8089
 20.3250	130.9542	  9.8439	118.1375	  1.8085
 20.3291	131.1083	  9.8440	118.0333	  1.8090
 20.3371	130.7958	  9.8281	118.9083	  1.8088
 20.3333	130.5708	  9.8354	119.1333	  1.8092
 20.3118	130.4750	  9.8322	118.3583	  1.8091
 20.3390	130.4083	  9.8297	118.3500	  1.8091
 20.3241	130.5542	  9.8409	117.8208	  1.8096
 20.3344	130.6292	  9.8331	118.8958	  1.8087
 20.3300	130.8042	  9.8336	118.8083	  1.8091
 20.3182	130.1750	  9.8179	118.4833	  1.8089
 20.3308	130.8083	  9.8286	118.3667	  1.8086
 20.3200	130.8750	  9.8069	119.0250	  1.8093
 20.3387	130.7167	  9.8218	118.3167	  1.8086
 20.3201	130.5667	  9.8354	119.2250	  1.8085
 20.3266	130.4250	  9.8234	118.8750	  1.8092
 20.3368	130.6083	  9.8288	118.9667	  1.8089
 20.3291	130.8083	  9.8194	118.2458	  1.8085
 20.3272	130.6167	  9.8230	118.4958	  1.8090
 20.3308	130.5458	  9.8426	118.3083	  1.8088
 20.3076	130.9250	  9.8427	118.2250	  1.8090
 20.3298	130.5542	  9.8445	118.7417	  1.8089
 20.3219	131.1125	  9.8365	118.3250	  1.8091
 20.3360	130.9458	  9.8269	118.9167	  1.8085
 20.3149	130.2542	  9.8423	118.9375	  1.8092
 20.3347	130.7042	  9.8341	118.0542	  1.8084
 20.3265	130.6417	  9.8318	118.8750	  1.8087
 20.3301	130.8125	  9.8260	118.6333	  1.8081
 20.3274	130.7667	  9.8450	119.0292	  1.8090
 20.3439	129.9875	  9.8360	118.7500	  1.8094
 20.3182	130.7583	  9.8437	118.7667	  1.8086
 20.3265	130.8542	  9.8524	118.0792	  1.8091
 20.3289	130.8917	  9.8433	118.3792	  1.8086
 20.3448	130.2417	  9.8423	118.5583	  1.8088
 20.3393	130.3542	  9.8341	119.2167	  1.8087
 20.3198	130.7917	  9.8411	118.4875	  1.8086
 20.3280	130.7875	  9.8333	118.3917	  1.8085
 20.3344	130.6625	  9.8420	118.1542	  1.8082
 20.3348	130.9833	  9.8479	118.4542	  1.8089
 20.3247	131.2917	  9.8422	118.3542	  1.8090
 20.3235	130.8458	  9.8318	118.9542	  1.8082
 20.3369	130.9958	  9.8221	118.8667	  1.8087
 20.3282	130.3792	  9.8262	118.5458	  1.8084
 20.3198	130.4458	  9.8304	118.9792	  1.8084
 20.3181	130.8292	  9.8364	118.6167	  1.8087
 20.3256	130.9667	  9.8326	118.8625	  1.8090
 20.3449	130.8667	  9.8267	118.3083	  1.8089
 20.3295	131.2667	  9.8290	118.7375	  1.8088
 20.3458	130.4833	  9.8468	118.4583	  1.8086
 20.3442	130.8625	  9.8364	118.3708	  1.8084
 20.3367	130.4500	  9.8310	118.2125	  1.8086
 20.3184	130.5875	  9.8253	118.6708	  1.8094
 20.3434	130.4667	  9.8280	118.7542	  1.8087
 20.3129	130.6042	  9.8447	118.8583	  1.8090
 20.3243	130.9667	  9.8213	118.8583	  1.8085
 20.3171	130.5167	  9.8235	118.7667	  1.8084
 20.3328	130.7958	  9.8438	118.1042	  1.8089
 20.3460	130.6333	  9.8414	118.9583	  1.8085
 20.3180	130.8583	  9.8152	118.7458	  1.8083
 20.3162	130.3708	  9.8148	118.7333	  1.8086
 20.3252	130.8708	  9.8496	118.7417	  1.8083
 20.3425	131.0542	  9.8393	118.2708	  1.8085
 20.3383	131.0708	  9.8256	118.5958	  1.8082
 20.3390	130.1667	  9.8301	118.2375	  1.8089
 20.3474	130.3917	  9.8434	118.4833	  1.8088
 20.3393	130.4417	  9.8376	118.1750	  1.8091
 20.3244	130.5250	  9.8319	118.3833	  1.8089
 20.3358	130.5125	  9.8332	118.2000	  1.8085
 20.3260	130.8500	  9.8417	119.1917	  1.8083
 20.3386	130.4375	  9.8274	118.5833	  1.8086
 20.3496	130.7125	  9.8403	118.8583	  1.8089
 20.3294	130.5875	  9.8465	118.2583	  1.8091
 20.3439	130.6417	  9.8424	118.7417	  1.8091
 20.3365	130.6333	  9.8219	118.5625	  1.8090
 20.3268	131.3500	  9.8406	118.6375	  1.8086
 20.3115	130.5167	  9.8208	118.2792	  1.8091
 20.3381	130.3083	  9.8191	118.1375	  1.8084
 20.3422	130.5292	  9.8413	119.0708	  1.8089
 20.3227	131.2375	  9.8295	118.8417	  1.8092
 20.3206	130.2042	  9.8372	119.0458	  1.8089
 20.3220	130.9708	  9.8141	118.4667	  1.8087
 20.3489	131.0083	  9.8095	118.6083	  1.8086
 20.3278	131.2833	  9.8120	118.6625	  1.8085
 20.3368	131.2125	  9.8503	118.5583	  1.8086
 20.3231	130.8083	  9.8186	118.9667	  1.8092
 20.3231	130.5917	  9.8462	118.7708	  1.8092
 20.3458	130.8167	  9.8267	118.6208	  1.8080
 20.3253	131.0958	  9.8483	118.5875	  1.8088
 20.3315	130.7500	  9.8240	118.4208	  1.8087
 20.3063	130.8500	  9.8298	118.5167	  1.8089
 20.3309	131.0125	  9.8314	118.3542	  1.8091
 20.3216	130.6167	  9.8216	118.5125	  1.8090
 20.3134	131.0083	  9.8411	118.1375	  1.8088
 20.3416	130.8667	  9.8299	118.2792	  1.8086
 20.3224	130.4708	  9.8230	118.9250	  1.8088
 20.3242	130.3000	  9.8390	118.5333	  1.8095
 20.3290	130.6792	  9.8286	118.5000	  1.8082
 20.3193	130.9250	  9.8201	118.3083	  1.8085
 20.3272	130.5083	  9.8135	118.8542	  1.8086
 20.3359	131.5958	  9.8451	118.6458	  1.8082
 20.3261	130.7417	  9.8345	118.8917	  1.8090
 20.3469	130.7583	  9.8377	119.0375	  1.8088
 20.3239	131.0083	  9.8377	118.8542	  1.8085
 20.3627	130.8292	  9.8415	118.7167	  1.8083
 20.3385	130.4917	  9.8489	117.8917	  1.8087
 20.3402	130.4750	  9.8352	118.6792	  1.8083
 20.3343	130.7708	  9.8439	118.6875	  1.8090
 20.3207	131.0417	  9.8457	117.9708	  1.8088
 20.3245	130.9000	  9.8454	118.4833	  1.8076
 20.3308	131.2375	  9.8286	118.4667	  1.8089
 20.3156	130.4875	  9.8429	118.3917	  1.8087
 20.3143	130.8917	  9.8145	118.5375	  1.8085
 20.3197	130.6625	  9.8321	118.3458	  1.8086
 20.3334	130.8708	  9.8378	118.5042	  1.8089
 20.3262	130.4417	  9.8295	118.7292	  1.8091
 20.3397	130.6542	  9.8118	119.0417	  1.8089
 20.3251	130.6125	  9.8376	119.4000	  1.8089
 20.3301	131.2583	  9.8281	118.8292	  1.8087
 20.3154	130.3292	  9.8496	118.0583	  1.8089
 20.3501	131.1000	  9.8328	118.3000	  1.8091
 20.3258	130.8208	  9.8190	118.3917	  1.8078
 20.3282	130.8167	  9.8320	118.8875	  1.8088
 20.3311	130.7625	  9.8340	118.3125	  1.8087
 20.3334	130.6250	  9.8381	118.9500	  1.8088
 20.3374	130.8417	  9.8377	118.2958	  1.8090
 20.3224	130.8167	  9.8279	119.1042	  1.8082
 20.3476	130.8833	  9.8309	118.7250	  1.8083
 20.3192	131.2625	  9.8184	118.5125	  1.8091
 20.3290	130.9167	  9.8303	118.0958	  1.8087
 20.3356	130.5750	  9.8430	118.3833	  1.8088
 20.3132	130.9292	  9.8454	118.6000	  1.8085
 20.3416	130.6667	  9.8193	118.6875	  1.8084
 20.3452	130.7208	  9.8421	118.7667	  1.8090
 20.3336	130.7167	  9.8178	118.3625	  1.8086
 20.3330	130.6208	  9.8322	118.9083	  1.8088
 20.3189	130.2583	  9.8026	119.0167	  1.8084
 20.3344	131.0833	  9.8294	119.0167	  1.8090
 20.3090	130.2583	  9.8268	118.4333	  1.8084
 20.3191	130.6417	  9.8341	119.5750	  1.8088
 20.3279	131.1250	  9.8331	117.9292	  1.8090
 20.3482	130.4542	  9.8302	118.0250	  1.8086
 20.3167	131.1667	  9.8459	118.3958	  1.8091
 20.3126	131.4167	  9.8271	118.8667	  1.8092
 20.3215	130.2125	  9.8317	118.8833	  1.8085
 20.3278	130.7083	  9.8258	118.6250	  1.8087
 20.3260	130.7750	  9.8352	118.8833	  1.8091
 20.3347	130.8167	  9.8481	118.5000	  1.8083
 20.3336	130.3833	  9.8129	118.7750	  1.8088
 20.3283	130.2333	  9.8187	118.9625	  1.8083
 20.3422	131.5625	  9.8244	118.6125	  1.8086
 20.3247	130.7208	  9.8438	117.8333	  1.8083
 20.3205	131.0500	  9.8363	118.9208	  1.8087
 20.3404	130.6208	  9.8428	118.3333	  1.8085
 20.3283	130.7583	  9.8241	118.6542	  1.8087
 20.3183	130.1000	  9.8113	119.0833	  1.8083
 20.3364	130.7792	  9.8419	118.5000	  1.8089
 20.3430	131.2958	  9.8455	118.5958	  1.8088
 20.3399	130.6042	  9.8383	119.0167	  1.8091
 20.3380	130.6000	  9.8246	118.2792	  1.8094
 20.3297	130.8500	  9.8312	118.7833	  1.8088
 20.3214	130.6875	  9.8190	118.5458	  1.8087
 20.3257	130.7583	  9.8115	118.6750	  1.8085
 20.3285	131.2292	  9.8210	118.8875	  1.8085
 20.3241	130.4250	  9.8224	118.3583	  1.8090
 20.3242	130.6833	  9.8392	118.3542	  1.8093
 20.3190	130.3167	  9.8679	118.9833	  1.8086
 20.3265	130.6375	  9.8518	118.7333	  1.8085
 20.3414	130.6792	  9.8447	118.5167	  1.8084
 20.3472	130.5083	  9.8300	118.2667	  1.8083
 20.3243	130.8625	  9.8366	118.5583	  1.8084
 20.3242	131.1042	  9.8357	119.2250	  1.8085
 20.3287	130.5542	  9.8215	118.4458	  1.8090
 20.3516	130.5792	  9.8225	118.6333	  1.8090
 20.3385	130.1542	  9.8506	118.7042	  1.8087
 20.3222	130.6458	  9.8304	118.3792	  1.8084
 20.3402	130.8583	  9.8483	118.2208	  1.8084
 20.3267	130.6042	  9.8334	118.4250	  1.8086
 20.3207	130.4542	  9.8416	118.9917	  1.8090
 20.3372	130.8125	  9.8347	118.6792	  1.8083
 20.3305	131.5708	  9.8450	118.5083	  1.8085
 20.3242	130.3792	  9.8476	118.8917	  1.8091
 20.3577	130.6000	  9.8242	118.4042	  1.8083
 20.3161	131.2083	  9.8318	118.4375	  1.8092
 20.3177	130.8208	  9.8399	118.2167	  1.8089
 20.3303	129.9958	  9.8366	118.7958	  1.8086
 20.3222	130.5500	  9.8277	118.3292	  1.8092
 20.3275	130.9667	  9.8242	117.8708	  1.8082
 20.3195	130.4292	  9.8444	118.5667	  1.8086
 20.3155	130.4458	  9.8286	118.9333	  1.8086
 20.3313	130.7542	  9.8373	118.2292	  1.8089
 20.3303	131.3208	  9.8410	118.1583	  1.8086
 20.3225	130.7125	  9.8147	118.0250	  1.8087
 20.3388	130.9000	  9.8393	118.8917	  1.8084
 20.3380	130.7792	  9.8217	118.8292	  1.8089
 20.3304	130.7667	  9.8351	119.0375	  1.8095
 20.3303	130.8417	  9.8308	118.9375	  1.8082
 20.3347	130.5125	  9.8406	118.0667	  1.8088
 20.3230	130.3458	  9.8255	118.2958	  1.8087
 20.3187	130.8333	  9.8453	118.5667	  1.8091
 20.3263	130.6583	  9.8353	118.8292	  1.8087
 20.3328	130.6292	  9.8201	118.3125	  1.8088
 20.3185	131.0958	  9.8344	118.6042	  1.8087
 20.3306	130.4250	  9.8122	118.2542	  1.8083
 20.3285	130.5292	  9.8254	118.5917	  1.8084
 20.3336	131.2875	  9.8520	118.4750	  1.8087
 20.3477	130.8958	  9.8179	118.9125	  1.8083
 20.3188	130.4250	  9.8361	118.9167	  1.8080
 20.3326	130.9250	  9.8321	118.7875	  1.8088
 20.3311	130.4625	  9.8450	118.4000	  1.8086
 20.3340	130.3958	  9.8498	118.2458	  1.8085
 20.3275	130.9250	  9.8361	118.6708	  1.8086
 20.3337	130.7417	  9.8275	118.3917	  1.8090
 20.3280	130.5917	  9.8302	118.8708	  1.8088
 20.3323	130.6792	  9.8291	118.9917	  1.8087
 20.3252	130.3875	  9.8203	118.3458	  1.8080
 20.3503	131.1583	  9.8378	118.5708	  1.8089
 20.3444	130.4708	  9.8409	118.6333	  1.8089
 20.3386	130.5542	  9.8255	119.0875	  1.8089
 20.3368	130.2875	  9.8429	118.3542	  1.8089
 20.3207	130.9958	  9.8344	118.9042	  1.8091
 20.3229	130.9750	  9.8178	118.4208	  1.8093
 20.3212	130.4292	  9.8224	118.2875	  1.8086
 20.3396	130.8667	  9.8251	118.5500	  1.8084
 20.3189	130.5167	  9.8339	118.8083	  1.8088
 20.3444	131.2958	  9.8199	118.7833	  1.8092
 20.3181	130.5000	  9.8398	119.1292	  1.8088
 20.3269	130.8583	  9.8374	118.3125	  1.8087
 20.3300	130.7083	  9.8247	118.5417	  1.8078
 20.3387	130.7750	  9.8388	119.0917	  1.8090
 20.3407	130.8750	  9.8345	118.6708	  1.8087
 20.3252	130.9667	  9.8376	119.0833	  1.8085
 20.3359	130.2833	  9.8357	118.2917	  1.8086
 20.3446	131.3875	  9.8255	118.4792	  1.8082
 20.3171	130.7833	  9.8230	118.5667	  1.8086
 20.3289	130.6708	  9.8347	118.8083	  1.8086
 20.3247	130.7000	  9.8309	118.7792	  1.8086
 20.3417	130.4000	  9.8205	118.6125	  1.8088
 20.3421	130.8000	  9.8205	119.0750	  1.8079
 20.3606	130.9417	  9.8321	118.5792	  1.8088
 20.3248	130.1708	  9.8301	118.9042	  1.8082
 20.3182	130.9458	  9.8335	118.7167	  1.8085
 20.3261	130.3875	  9.8243	118.3375	  1.8090
 20.3395	131.1000	  9.8245	118.8458	  1.8086
 20.3170	130.8333	  9.8304	118.6667	  1.8083
 20.3251	130.6208	  9.8151	118.6875	  1.8083
 20.3306	130.7792	  9.8325	119.2875	  1.8085
 20.3447	130.3583	  9.8221	118.3958	  1.8090
 20.3278	129.8583	  9.8201	118.4208	  1.8085
 20.3287	130.1417	  9.8311	118.4125	  1.8090
 20.3341	130.9500	  9.8438	118.3000	  1.8087
 20.3308	130.4875	  9.8360	118.4167	  1.8088
 20.3215	130.9000	  9.8278	117.6042	  1.8086
 20.3364	130.5208	  9.8394	118.7208	  1.8084
 20.3264	130.4167	  9.8406	118.7458	  1.8089
 20.3399	130.3125	  9.8329	119.0125	  1.8091
 20.3237	131.1042	  9.8298	118.6750	  1.8086
 20.3269	131.2917	  9.8405	118.3167	  1.8080
 20.3234	130.8417	  9.8242	118.5917	  1.8089
 20.3310	130.9958	  9.8364	118.5458	  1.8090
 20.3326	130.6083	  9.8418	118.6875	  1.8091
 20.3484	131.1250	  9.8091	118.5792	  1.8087
 20.3406	130.6208	  9.8378	119.3833	  1.8089
 20.3207	130.5708	  9.8231	118.7250	  1.8090
 20.3212	130.2042	  9.8496	118.3833	  1.8090
 20.3270	130.6708	  9.8413	119.0042	  1.8089
 20.3256	130.5667	  9.8227	119.2792	  1.8082
 20.3260	130.7000	  9.8265	118.2750	  1.8090
 20.3232	130.5625	  9.8444	118.7083	  1.8088
 20.3248	130.9292	  9.8324	118.0958	  1.8090
 20.3358	130.5375	  9.8457	118.6125	  1.8084
 20.3458	130.2333	  9.8437	118.7500	  1.8087
 20.3252	130.5708	  9.8366	118.4500	  1.8085
 20.3395	130.9500	  9.8231	118.3500	  1.8085
 20.3317	130.1125	  9.8325	118.2542	  1.8085
 20.3358	130.5042	  9.8205	118.6458	  1.8089
 20.3376	130.4083	  9.8430	118.9208	  1.8093
 20.3206	130.7167	  9.8336	118.4583	  1.8088
 20.3325	131.2958	  9.8385	118.4250	  1.8092
 20.3402	130.9125	  9.8344	118.4542	  1.8086
 20.3442	130.6417	  9.8298	118.3625	  1.8086
 20.3351	130.1208	  9.8140	118.8667	  1.8085
 20.3316	130.2000	  9.8303	118.6250	  1.8087
 20.3234	130.7667	  9.8304	119.3542	  1.8080
 20.3155	130.3417	  9.8296	118.3833	  1.8092
 20.3371	130.4000	  9.8390	118.7625	  1.8092
 20.3192	130.5042	  9.8464	118.7708	  1.8090
 20.3380	131.1042	  9.8259	118.6583	  1.8089
 20.3458	131.3542	  9.8248	118.8875	  1.8091
 20.3233	131.3083	  9.8225	118.4792	  1.8086
 20.3324	130.5750	  9.8258	118.7167	  1.8083
 20.3259	130.3958	  9.8324	119.0500	  1.8086
 20.3473	130.5917	  9.8336	119.0792	  1.8084
 20.3342	130.8583	  9.8148	118.7417	  1.8092
 20.3349	130.8375	  9.8347	118.8542	  1.8088
 20.3219	130.5792	  9.8481	118.5625	  1.8087
 20.3330	130.0625	  9.8218	118.7458	  1.8090
 20.3035	131.2125	  9.8366	118.9625	  1.8089
 20.3193	130.9083	  9.8334	118.3417	  1.8087
 20.3206	130.9625	  9.8221	118.6125	  1.8089
 20.3436	131.1167	  9.8316	118.3208	  1.8090
 20.3186	131.7917	  9.8514	118.7000	  1.8085
 20.3183	131.0875	  9.8454	118.3958	  1.8086
 20.3367	130.8583	  9.8086	118.2500	  1.8088
 20.3388	130.8583	  9.8328	118.4708	  1.8088
 20.3357	130.9375	  9.8436	118.7583	  1.8087
 20.3550	130.8792	  9.8221	118.3417	  1.8087
 20.3337	131.3250	  9.8341	118.3917	  1.8091
 20.3052	130.8250	  9.8579	118.6958	  1.8086
 20.3339	130.8667	  9.8437	118.6042	  1.8085
 20.3408	130.6542	  9.8343	118.5292	  1.8083
 20.3212	130.6042	  9.8574	118.6417	  1.8087
 20.3333	130.5958	  9.8523	119.3583	  1.8085
 20.3259	130.3458	  9.8311	119.3958	  1.8082
 20.3175	130.9750	  9.8232	118.9708	  1.8090
 20.3318	130.7958	  9.8138	118.8708	  1.8088
 20.3211	130.4333	  9.8371	119.0458	  1.8086
 20.3205	130.8583	  9.8386	119.0458	  1.8088
 20.3320	131.0625	  9.8371	118.7917	  1.8087
 20.3303	130.3667	  9.8395	119.1708	  1.8088
 20.3219	129.9542	  9.8331	118.3417	  1.8085
 20.3299	130.8125	  9.8308	118.4958	  1.8091
 20.3343	130.7750	  9.8251	118.6792	  1.8087
 20.3120	130.6458	  9.8322	118.3167	  1.8085
 20.3297	130.4917	  9.8305	118.8125	  1.8092
 20.3316	129.9750	  9.8456	118.6000	  1.8084
 20.3337	130.7417	  9.8448	118.2792	  1.8085
 20.3121	130.9625	  9.8554	118.7750	  1.8086
 20.3275	130.4208	  9.8463	118.3667	  1.8087
 20.3328	131.1375	  9.8268	118.6500	  1.8081
 20.3287	131.2167	  9.8262	119.1042	  1.8081
 20.3280	131.1667	  9.8194	118.0792	  1.8087
 20.3346	130.9583	  9.8479	118.2750	  1.8083
 20.3309	130.2125	  9.8353	118.4083	  1.8089
 20.3203	131.0125	  9.8425	118.0750	  1.8079
 20.3235	130.4750	  9.8463	118.6042	  1.8087
 20.3265	130.9875	  9.8452	118.7167	  1.8089
 20.3133	130.6958	  9.8238	118.8708	  1.8089
 20.3335	130.9250	  9.8277	118.5750	  1.8085
 20.3119	131.2625	  9.8395	118.3083	  1.8087
 20.3184	130.8500	  9.8371	118.8500	  1.8087
 20.3403	129.9708	  9.8415	118.5542	  1.8087
 20.3244	130.3333	  9.8354	118.8625	  1.8091
 20.3238	129.9083	  9.8099	118.6125	  1.8082
 20.3446	131.0375	  9.8322	118.4750	  1.8087
 20.3340	131.0458	  9.8433	118.9542	  1.8093
 20.3175	130.5917	  9.8345	118.6250	  1.8084
 20.3325	130.7792	  9.8567	118.9208	  1.8086
 20.3140	130.4583	  9.8419	119.0542	  1.8090
 20.3269	130.8833	  9.8191	118.4458	  1.8083
 20.3440	130.3833	  9.8296	118.9667	  1.8086
 20.3231	131.0583	  9.8270	118.9208	  1.8086
 20.3204	130.7417	  9.8357	118.8042	  1.8092
 20.3202	130.6958	  9.8386	118.3833	  1.8087
 20.3306	131.0417	  9.8294	118.5458	  1.8080
 20.3273	129.9833	  9.8485	118.6708	  1.8088
 20.3408	130.3208	  9.8484	118.7167	  1.8086
 20.3371	131.0458	  9.8297	118.5250	  1.8084
 20.3266	130.7042	  9.8445	118.3958	  1.8083
 20.3384	131.2167	  9.8374	118.4000	  1.8088
 20.3165	130.8417	  9.8345	118.9667	  1.8080
 20.3147	131.1542	  9.8326	118.6167	  1.8085
 20.3523	130.8208	  9.8455	119.1667	  1.8083
 20.2951	130.1500	  9.8248	118.2917	  1.8083
 20.3312	130.4750	  9.8399	118.5625	  1.8084
 20.3257	130.8958	  9.8297	118.4500	  1.8085
 20.3251	131.0750	  9.8310	118.4250	  1.8087
 20.3367	130.5208	  9.8246	118.6250	  1.8085
 20.3279	130.2375	  9.8438	118.5292	  1.8087
 20.3395	130.9500	  9.8263	118.3042	  1.8087
 20.3285	130.4083	  9.8122	118.1958	  1.8082
 20.3092	130.8417	  9.8521	118.6042	  1.8081
 20.3365	130.4667	  9.8410	118.4375	  1.8079
 20.3368	130.6833	  9.8328	118.7750	  1.8090
 20.3040	131.4125	  9.8428	118.2208	  1.8078
 20.3089	130.2167	  9.8386	118.4083	  1.8082
 20.3350	130.4583	  9.8224	118.6583	  1.8092
 20.3260	130.6542	  9.8409	118.3417	  1.8082
 20.3451	130.7458	  9.8425	118.6875	  1.8085
 20.3317	130.6917	  9.8390	119.2583	  1.8083
 20.3216	130.5417	  9.8507	118.5750	  1.8087
 20.3304	130.6000	  9.8223	118.5250	  1.8088
 20.3250	130.8792	  9.8153	118.4875	  1.8089
 20.3270	130.3917	  9.8562	119.2875	  1.8086
 20.3056	130.1708	  9.8178	118.9583	  1.8084
 20.3241	130.2083	  9.8260	118.5042	  1.8082
 20.3340	129.9542	  9.8446	118.3042	  1.8079
 20.3375	130.4333	  9.8287	118.6458	  1.8090
 20.3452	130.7083	  9.8346	118.8708	  1.8085
 20.3322	130.6750	  9.8232	119.2042	  1.8085
 20.3404	130.3917	  9.8364	118.7792	  1.8087
 20.3242	130.3125	  9.8353	118.6083	  1.8087
 20.3153	130.9833	  9.8353	118.6375	  1.8088
 20.3360	130.5292	  9.8329	118.0292	  1.8083
 20.3325	130.7208	  9.8063	118.7750	  1.8087
 20.3215	130.0458	  9.8235	118.6083	  1.8091
 20.3274	130.3792	  9.8177	118.7792	  1.8091
 20.3438	130.7792	  9.8483	118.9583	  1.8086
 20.3488	130.9917	  9.8303	118.2583	  1.8085
 20.3160	131.6333	  9.8358	118.8083	  1.8081
 20.3277	130.1750	  9.8418	118.5667	  1.8082
 20.3390	130.4125	  9.8320	118.7208	  1.8093
 20.3623	130.5833	  9.8211	118.3458	  1.8088
 20.3315	130.3875	  9.8424	118.5417	  1.8089
 20.3214	131.0625	  9.8264	118.5667	  1.8086
 20.3273	130.3250	  9.8343	119.2958	  1.8087
 20.3308	130.2750	  9.8496	118.6333	  1.8078
 20.3181	130.4000	  9.8206	118.6917	  1.8085
 20.3219	130.5750	  9.8461	118.6750	  1.8089
 20.3426	130.5750	  9.8334	118.9292	  1.8081
 20.3237	130.8625	  9.8285	118.7333	  1.8087
 20.3030	130.4708	  9.8345	118.1708	  1.8087
 20.3133	130.8750	  9.8200	118.7125	  1.8087
 20.3289	130.5750	  9.8455	118.4458	  1.8091
 20.3400	130.1875	  9.8381	119.3375	  1.8091
 20.3249	130.8250	  9.8323	118.5375	  1.8088
 20.3261	130.8375	  9.8423	119.2375	  1.8081
 20.3062	130.4750	  9.8577	118.8625	  1.8088
 20.3278	130.4833	  9.8423	118.9542	  1.8084
 20.3271	131.2042	  9.8354	118.7000	  1.8083
 20.3332	130.8917	  9.8389	118.8167	  1.8086
 20.3373	130.7792	  9.8325	118.3542	  1.8088
 20.3369	130.8958	  9.8304	118.3708	  1.8092
 20.3282	131.0500	  9.8199	117.8375	  1.8083
 20.3231	131.1167	  9.8375	119.2792	  1.8083
 20.3416	130.8583	  9.8371	118.5667	  1.8084
 20.3372	131.0417	  9.8401	118.4042	  1.8083
 20.3404	130.8167	  9.8307	118.9250	  1.8088
 20.3125	130.9583	  9.8380	118.6500	  1.8088
 20.3384	131.1333	  9.8206	118.6375	  1.8085
 20.3432	130.8417	  9.8337	118.1792	  1.8087
 20.3336	130.4500	  9.8330	118.3500	  1.8089
 20.3388	130.5792	  9.8255	118.7083	  1.8085
 20.3198	130.6542	  9.8371	119.8250	  1.8084
 20.3150	131.3458	  9.8461	118.5250	  1.8080
 20.3371	130.4000	  9.8176	118.8583	  1.8084
 20.3396	130.4250	  9.8561	119.0000	  1.8080
 20.3200	130.6792	  9.8216	118.4292	  1.8086
 20.3521	130.5708	  9.8423	118.9000	  1.8087
 20.3188	130.3083	  9.8180	118.0292	  1.8080
 20.3513	131.4458	  9.8496	118.4958	  1.8092
 20.3521	130.4875	  9.8441	118.7208	  1.8088
 20.3273	131.0208	  9.8621	118.5083	  1.8083
 20.3273	130.3250	  9.8403	118.3667	  1.8085
 20.3373	130.4042	  9.8451	118.8792	  1.8091
 20.3291	130.3500	  9.8481	118.8417	  1.8089
 20.3288	130.5083	  9.8153	118.9417	  1.8087
 20.3607	130.9417	  9.8468	118.4583	  1.8093
 20.3168	130.7125	  9.8336	118.8708	  1.8085
 20.3292	131.3167	  9.8520	118.0500	  1.8090
 20.3196	130.9542	  9.8298	118.9667	  1.8089
 20.3486	130.6083	  9.8170	118.2833	  1.8089
 20.3333	130.7958	  9.8418	118.9125	  1.8085
 20.3395	130.0958	  9.8331	118.5875	  1.8091
 20.3251	130.8083	  9.8409	118.9458	  1.8085
 20.3358	131.1208	  9.8303	118.4708	  1.8091
 20.3424	130.9083	  9.8310	118.6208	  1.8081
 20.3167	130.5000	  9.8282	118.9167	  1.8089
 20.3388	130.8417	  9.8520	119.0500	  1.8086
 20.3249	130.4292	  9.8378	118.6917	  1.8089
 20.3289	130.0542	  9.8189	118.8417	  1.8081
 20.3280	130.3167	  9.8493	118.4583	  1.8091
 20.3343	130.9500	  9.8376	119.1458	  1.8081
 20.3316	130.2833	  9.8460	118.6125	  1.8086
 20.3163	130.7292	  9.8406	118.5000	  1.8086
 20.3382	130.6250	  9.8355	119.0542	  1.8084
 20.3198	130.6250	  9.8321	118.3000	  1.8082
 20.3378	130.7292	  9.8533	118.3542	  1.8089
 20.3322	130.1417	  9.8236	118.8125	  1.8086
 20.3359	130.8333	  9.8325	118.3292	  1.8085
 20.3403	130.9417	  9.8341	118.9542	  1.8089
 20.3179	130.8250	  9.8429	118.2833	  1.8084
 20.3199	130.4125	  9.8417	118.5250	  1.8081
 20.3273	130.3208	  9.8440	118.1250	  1.8077
 20.3269	130.5292	  9.8372	118.8292	  1.8084
 20.3323	130.5917	  9.8368	118.2917	  1.8091
 20.3287	130.2833	  9.8214	118.7375	  1.8080
 20.3052	130.5583	  9.8538	118.2042	  1.8087
 20.3289	130.3000	  9.8332	118.7250	  1.8082
 20.3189	130.2167	  9.8401	118.9417	  1.8087
 20.3222	130.6208	  9.8137	118.5583	  1.8084
 20.3512	129.9542	  9.8325	118.2875	  1.8088
 20.3356	130.7542	  9.8405	118.1208	  1.8086
 20.3402	130.0208	  9.8318	118.5583	  1.8087
 20.3352	130.0917	  9.8313	118.2958	  1.8085
 20.3199	131.0125	  9.8036	119.2042	  1.8078
 20.3146	130.6125	  9.8308	118.8292	  1.8088
 20.3449	130.4708	  9.8284	118.9208	  1.8085
 20.3521	130.7458	  9.8474	118.3042	  1.8087
 20.3247	131.1708	  9.8462	118.9750	  1.8083
 20.3316	130.6125	  9.8286	118.9667	  1.8083
 20.3313	130.8667	  9.8286	118.4083	  1.8087
 20.3262	131.0458	  9.8406	118.7042	  1.8086
 20.3422	130.5417	  9.8156	119.2917	  1.8084
 20.3354	130.5458	  9.8304	118.5750	  1.8082
 20.3318	130.7625	  9.8276	118.4625	  1.8090
 20.3335	130.6875	  9.8371	118.6083	  1.8080
 20.3352	131.1542	  9.8527	118.8625	  1.8084
 20.3176	130.5375	  9.8504	118.6667	  1.8088
 20.3234	130.3833	  9.8503	118.1000	  1.8082
 20.3381	130.6000	  9.8388	118.6708	  1.8087
 20.3493	130.8083	  9.8174	118.5917	  1.8091
 20.3294	130.9583	  9.8246	118.6708	  1.8089
 20.3294	130.7500	  9.8248	119.0833	  1.8086
 20.3356	130.9000	  9.8258	118.4333	  1.8090
 20.3194	130.1875	  9.8261	118.1042	  1.8084
 20.3183	130.4833	  9.8344	117.7708	  1.8085
 20.3349	130.9250	  9.8511	118.7792	  1.8088
 20.3306	130.7042	  9.8366	118.4458	  1.8078
 20.3296	130.8167	  9.8326	118.4458	  1.8086
 20.3300	130.8208	  9.8307	118.9167	  1.8083
 20.3291	130.8917	  9.8354	119.0708	  1.8086
 20.3296	131.2917	  9.8097	118.3583	  1.8082
 20.3419	130.7833	  9.8125	118.7083	  1.8087
 20.3413	130.3375	  9.8262	117.9250	  1.8094
 20.3271	130.9833	  9.8311	118.5458	  1.8089
 20.3084	131.0125	  9.8448	119.1875	  1.8086
 20.3320	130.7792	  9.8138	118.6625	  1.8081
 20.3223	130.4500	  9.8502	118.8542	  1.8091
 20.3317	130.9125	  9.8572	118.3958	  1.8088
 20.3504	130.8958	  9.8459	118.5708	  1.8086
 20.3355	130.5208	  9.8259	118.8708	  1.8082
 20.3293	130.5583	  9.8320	118.7250	  1.8085
 20.3310	130.7833	  9.8313	118.0000	  1.8083
 20.3350	130.9375	  9.8569	118.9542	  1.8084
 20.3213	130.5708	  9.8263	118.5458	  1.8091
 20.3224	130.8708	  9.8450	118.6792	  1.8085
 20.3301	130.4708	  9.8187	118.2625	  1.8086
 20.3425	130.2792	  9.8373	118.4375	  1.8087
 20.3225	130.4375	  9.8216	118.4125	  1.8087
 20.3260	130.8625	  9.8322	118.1250	  1.8088
 20.3142	130.5458	  9.8292	118.2542	  1.8088
 20.3213	130.7583	  9.8330	118.3042	  1.8084
 20.3317	131.0708	  9.8345	118.1625	  1.8087
 20.3372	130.8708	  9.8388	118.2958	  1.8085
 20.3233	130.7958	  9.8390	118.8958	  1.8084
 20.3223	130.8667	  9.8172	118.6917	  1.8091
 20.3075	130.6458	  9.8566	118.7792	  1.8088
 20.3155	130.9833	  9.8399	118.2042	  1.8086
 20.3280	130.8583	  9.8406	118.3250	  1.8092
 20.3293	130.9750	  9.8312	118.2333	  1.8087
 20.3216	130.8208	  9.8417	118.3250	  1.8079
 20.3433	130.4250	  9.8437	119.0083	  1.8087
 20.3329	130.9667	  9.8524	118.6542	  1.8084
 20.3376	130.8750	  9.8217	119.3542	  1.8089
 20.3148	130.3583	  9.8318	119.0375	  1.8084
 20.3231	130.8417	  9.8404	118.4542	  1.8088
 20.3256	130.2292	  9.8380	119.2625	  1.8085
 20.3349	130.6958	  9.8314	118.1208	  1.8086
 20.3389	130.7375	  9.8336	118.3333	  1.8090
 20.3383	130.0792	  9.8400	118.4750	  1.8086
 20.3310	130.6958	  9.8336	118.7958	  1.8080
 20.3403	130.4000	  9.8312	117.8292	  1.8083
 20.3374	130.6333	  9.8376	118.7917	  1.8089
 20.3316	131.1125	  9.8158	119.0292	  1.8085
 20.3316	130.7208	  9.8170	118.8167	  1.8084
 20.3375	130.9875	  9.8208	118.3583	  1.8084
 20.3102	130.4042	  9.8277	118.6417	  1.8084
 20.3492	130.7167	  9.8194	117.9625	  1.8091
 20.3218	130.4542	  9.8495	118.6250	  1.8088
 20.3295	130.0792	  9.8339	118.4417	  1.8085
 20.3344	130.3000	  9.8361	117.8333	  1.8087
 20.3280	131.2500	  9.8416	118.3750	  1.8082
 20.3198	130.8250	  9.8339	118.8042	  1.8085
 20.3315	130.7958	  9.8399	118.4625	  1.8087
 20.3334	131.3917	  9.8336	118.1083	  1.8082
 20.3347	130.8042	  9.8267	118.3500	  1.8085
 20.3436	130.8833	  9.8346	118.2333	  1.8085
 20.3361	129.9792	  9.8403	118.6458	  1.8085
 20.3349	130.7958	  9.8164	119.2208	  1.8086
 20.3252	130.2500	  9.8422	118.3750	  1.8091
 20.3103	130.6708	  9.8294	117.8208	  1.8089
 20.3318	131.2667	  9.8270	118.3917	  1.8090
 20.3292	130.8375	  9.8457	118.7083	  1.8087
 20.3228	130.3833	  9.8306	118.6500	  1.8085
 20.3392	130.5875	  9.8263	118.2417	  1.8085
 20.3371	130.9750	  9.8354	119.0125	  1.8089
 20.3170	130.8125	  9.8190	118.3542	  1.8089
 20.3406	130.9833	  9.8239	118.4875	  1.8086
 20.3205	130.7375	  9.8391	118.6292	  1.8083
 20.3458	130.5958	  9.8167	117.9583	  1.8087
 20.3363	131.1583	  9.8489	118.0000	  1.8086
 20.3443	130.6875	  9.8406	118.5292	  1.8077
 20.3339	130.7250	  9.8322	118.7542	  1.8086
 20.3306	131.0917	  9.8426	118.0750	  1.8088
 20.3303	130.8208	  9.8111	118.8792	  1.8078
 20.3186	131.1417	  9.8236	118.6083	  1.8087
 20.3363	130.8458	  9.8316	117.9208	  1.8084
 20.3143	131.3917	  9.8334	118.8500	  1.8084
 20.3161	130.5375	  9.8383	118.7417	  1.8084
 20.3310	130.8792	  9.8546	118.3958	  1.8089
 20.3185	130.6292	  9.8419	118.2917	  1.8083
 20.3436	130.5792	  9.8286	118.7167	  1.8091
 20.3196	130.2333	  9.8285	118.7250	  1.8082
 20.3329	130.0583	  9.8403	118.5292	  1.8088
 20.3243	130.4417	  9.8453	118.7458	  1.8087
 20.3199	130.4500	  9.8410	118.2208	  1.8088
 20.3084	130.1167	  9.8267	118.3750	  1.8086
 20.3373	131.2042	  9.8283	118.5333	  1.8092
 20.3205	130.2167	  9.8361	118.3125	  1.8090
 20.3463	130.7833	  9.8274	118.5250	  1.8083
 20.3362	131.0625	  9.8233	118.7458	  1.8093
 20.3289	130.7417	  9.8414	118.6458	  1.8086
 20.3389	130.6042	  9.8306	118.1083	  1.8092
 20.3286	130.1125	  9.8050	118.7417	  1.8086
 20.3251	130.0625	  9.8167	119.2750	  1.8087
 20.3375	130.5833	  9.8250	118.6667	  1.8088
 20.3260	130.7417	  9.8415	118.7167	  1.8085
 20.3463	130.7583	  9.8379	118.8083	  1.8089
 20.3131	130.6458	  9.8371	118.8083	  1.8088
 20.3242	130.6917	  9.8332	118.6042	  1.8085
 20.3202	131.1833	  9.8212	118.4458	  1.8080
 20.3197	130.4542	  9.8194	118.2125	  1.8088
 20.3253	130.8458	  9.8399	118.7208	  1.8084
 20.3365	131.2167	  9.8440	118.4750	  1.8083
 20.3245	130.5625	  9.8380	118.6667	  1.8082
 20.3244	130.2500	  9.8328	118.3583	  1.8084
 20.3304	130.5833	  9.8274	118.7625	  1.8085
 20.3267	130.2625	  9.8535	118.3167	  1.8085
 20.3264	130.7917	  9.8185	118.5417	  1.8084
 20.3343	130.6292	  9.8388	118.6125	  1.8082
 20.3462	130.4917	  9.8318	118.4625	  1.8087
 20.3282	130.2583	  9.8320	118.8167	  1.8086
 20.3183	131.0250	  9.8534	118.5375	  1.8082
 20.3196	130.3833	  9.8165	118.8833	  1.8084
 20.3343	130.5375	  9.8191	118.7917	  1.8084
 20.3290	130.5125	  9.8290	118.3292	  1.8082
 20.3264	130.6667	  9.8367	118.4375	  1.8080
 20.3173	130.4333	  9.8341	118.7750	  1.8086
 20.3294	130.3458	  9.8324	118.1333	  1.8088
 20.3102	130.7958	  9.8230	118.4292	  1.8090
 20.3323	130.2667	  9.8517	118.6958	  1.8084
 20.3387	130.3250	  9.8420	118.8083	  1.8087
 20.3285	130.0708	  9.8467	118.2625	  1.8081
 20.3272	131.4125	  9.8219	118.6792	  1.8085
 20.3498	130.8708	  9.8419	118.2708	  1.8085
 20.3250	130.4208	  9.8342	118.9333	  1.8088
 20.3130	130.8167	  9.8304	118.5083	  1.8086
 20.3335	130.3542	  9.8397	118.5542	  1.8085
 20.3319	129.9458	  9.8381	118.3167	  1.8087
 20.3383	130.5083	  9.8312	119.1083	  1.8088
 20.3157	130.1208	  9.8353	118.7542	  1.8087
 20.3322	130.4542	  9.8417	118.7333	  1.8085
 20.3150	131.0583	  9.8297	118.7292	  1.8081
 20.3274	130.3042	  9.8569	118.3750	  1.8091
 20.3471	130.4417	  9.8250	118.9250	  1.8084
 20.3203	131.1583	  9.8259	119.0292	  1.8088
 20.3274	130.5500	  9.8236	118.6625	  1.8082
 20.3385	130.6250	  9.8351	118.3542	  1.8087
 20.3335	131.1000	  9.8217	118.4500	  1.8086
 20.3382	131.4167	  9.8339	118.6833	  1.8084
 20.3405	130.7167	  9.8349	118.5083	  1.8077
 20.3336	130.9167	  9.8188	119.1083	  1.8084
 20.3236	130.7583	  9.8400	119.0500	  1.8083
 20.3321	130.9958	  9.8407	118.8792	  1.8086
 20.3244	130.4750	  9.8375	118.4583	  1.8087
 20.3117	130.5583	  9.8468	118.6000	  1.8082
 20.3036	130.6958	  9.8294	118.2917	  1.8089
 20.3371	130.7417	  9.8454	119.0292	  1.8088
 20.3590	130.5375	  9.8271	118.9458	  1.8084
 20.3193	130.6625	  9.8367	118.6875	  1.8087
 20.3239	130.9250	  9.8331	118.6292	  1.8084
 20.3479	130.3958	  9.8307	118.9125	  1.8086
 20.3415	130.8667	  9.8526	118.9208	  1.8081
 20.3399	130.5458	  9.8379	118.5417	  1.8085
 20.3261	129.9458	  9.8348	118.9500	  1.8088
 20.3299	130.6792	  9.8226	118.5792	  1.8076
 20.3311	130.8458	  9.8414	119.0208	  1.8083
 20.3250	130.7458	  9.8325	118.7292	  1.8084
 20.3326	130.9458	  9.8218	118.9250	  1.8090
 20.3352	131.1167	  9.8158	118.3042	  1.8087
 20.3441	130.0083	  9.8493	118.8875	  1.8088
 20.3527	130.4792	  9.8307	118.6750	  1.8080
 20.3519	130.6875	  9.8333	118.7917	  1.8081
 20.3292	131.1167	  9.8271	118.3833	  1.8085
 20.3354	130.2667	  9.8099	118.7750	  1.8085
 20.3352	129.7417	  9.8339	118.2458	  1.8087
 20.3236	131.1333	  9.8484	118.3375	  1.8084
 20.3311	130.2708	  9.8462	118.8750	  1.8091
 20.3019	130.9083	  9.8267	118.4792	  1.8084
 20.3309	130.3250	  9.8318	118.4833	  1.8081
 20.3247	131.1750	  9.8376	118.2667	  1.8083
 20.3175	130.8167	  9.8423	118.2500	  1.8083
 20.3229	130.7417	  9.8237	118.4708	  1.8092
 20.3277	130.5542	  9.8147	118.8333	  1.8091
 20.3283	130.7458	  9.8503	118.2875	  1.8086
 20.3147	130.7625	  9.8236	118.7500	  1.8091
 20.3281	130.4792	  9.8225	118.3000	  1.8082
 20.3427	130.9250	  9.8317	118.9125	  1.8087
 20.3334	130.4333	  9.8382	118.1958	  1.8081
 20.3466	130.6875	  9.8391	118.8542	  1.8084
 20.3182	130.2458	  9.8235	118.7375	  1.8089
 20.3192	130.6208	  9.8293	118.7750	  1.8090
 20.3226	130.9458	  9.8429	119.3000	  1.8085
 20.3253	130.8917	  9.8562	118.2542	  1.8088
 20.3427	130.7250	  9.8173	118.5042	  1.8089
 20.3398	131.2750	  9.8174	118.6625	  1.8086
 20.3110	130.6750	  9.8318	118.4500	  1.8087
 20.3276	130.8542	  9.8426	119.0375	  1.8087
 20.3260	130.5458	  9.8386	118.4667	  1.8085
 20.3227	130.5083	  9.8372	118.8625	  1.8081
 20.3301	130.7917	  9.8355	119.1042	  1.8082
 20.3227	130.4875	  9.8127	118.5708	  1.8084
 20.3233	130.5792	  9.8551	118.4875	  1.8079
 20.3350	130.8917	  9.8308	118.7000	  1.8084
 20.3369	130.8167	  9.8338	119.0333	  1.8081
 20.3167	130.8042	  9.8299	118.3958	  1.8090
 20.3189	130.5958	  9.8334	118.7667	  1.8082
 20.3223	130.8083	  9.8324	118.6208	  1.8089
 20.3470	130.5458	  9.8229	118.5000	  1.8084
 20.3374	130.3542	  9.8239	118.4167	  1.8080
 20.3430	130.8833	  9.8218	118.7417	  1.8084
 20.3170	130.4708	  9.8415	118.5375	  1.8085
 20.3402	130.4042	  9.8369	118.5417	  1.8085
 20.3516	130.3958	  9.8175	118.8208	  1.8088
 20.3394	130.4875	  9.8282	118.3000	  1.8087
 20.3476	130.8208	  9.8387	118.6250	  1.8082
 20.3355	130.6125	  9.8302	117.8833	  1.8082
 20.3219	130.8292	  9.8295	118.5958	  1.8085
 20.3348	130.4292	  9.8276	118.3583	  1.8087
 20.3365	130.3167	  9.8369	118.7917	  1.8087
 20.3398	130.6083	  9.8448	118.9292	  1.8086
 20.3221	131.0333	  9.8285	118.8583	  1.8092
 20.3392	131.1375	  9.8279	118.3958	  1.8092
 20.3461	130.6625	  9.8428	118.8917	  1.8084
 20.3474	130.6500	  9.8388	118.2958	  1.8082
 20.3191	130.4750	  9.8224	118.2083	  1.8083
 20.3481	131.1875	  9.8185	118.1375	  1.8078
 20.3134	130.6125	  9.8235	119.2500	  1.8083
 20.3302	130.5958	  9.8181	118.8333	  1.8081
 20.3295	130.6500	  9.8214	118.7000	  1.8083
 20.3442	130.4500	  9.8439	118.4125	  1.8085
 20.3081	130.5875	  9.8368	118.2500	  1.8088
 20.3191	130.3667	  9.8262	118.6417	  1.8076
 20.3318	130.8542	  9.8236	118.7917	  1.8089
 20.3435	130.9708	  9.8284	118.7542	  1.8089
 20.3072	131.0333	  9.8293	118.2875	  1.8088
 20.3305	130.3583	  9.8400	118.5542	  1.8087
 20.3269	130.9417	  9.8274	117.9583	  1.8083
 20.3316	130.8042	  9.8521	118.5125	  1.8083
 20.3206	131.0083	  9.8599	117.9750	  1.8085
 20.3318	130.5625	  9.8350	118.2875	  1.8086
 20.3163	130.7792	  9.8360	118.3875	  1.8084
 20.3174	130.6167	  9.8455	117.9583	  1.8087
 20.3241	130.4708	  9.8195	118.3333	  1.8089
 20.3255	131.1167	  9.8151	118.7750	  1.8087
 20.3182	130.7000	  9.8275	118.4625	  1.8080
 20.3260	130.8583	  9.8146	117.9542	  1.8081
 20.3291	130.3375	  9.8341	118.8542	  1.8084
 20.3176	130.5167	  9.8307	119.0250	  1.8080
 20.3208	130.6292	  9.8483	118.6667	  1.8084
 20.3286	130.7292	  9.8429	118.9083	  1.8081
 20.3411	130.3000	  9.8315	118.1917	  1.8088
 20.3151	130.8250	  9.8238	118.9625	  1.8083
 20.3282	130.5875	  9.8134	119.2500	  1.8084
 20.3255	130.6625	  9.8186	118.3000	  1.8081
 20.3141	131.3833	  9.8458	118.3792	  1.8082
 20.3370	130.6083	  9.8589	118.6542	  1.8081
 20.3354	131.0583	  9.8429	117.5167	  1.8085
 20.3477	130.9583	  9.8474	118.6542	  1.8082
 20.3300	131.4292	  9.8399	118.6708	  1.8083
 20.3337	130.7417	  9.8496	118.9292	  1.8083
 20.3287	130.8875	  9.8459	118.2042	  1.8089
 20.3181	131.1792	  9.8193	118.4417	  1.8084
 20.3388	130.4458	  9.8306	118.7917	  1.8081
 20.3123	131.0333	  9.8317	119.1583	  1.8080
 20.3317	130.1750	  9.8390	118.4125	  1.8085
 20.3348	131.0958	  9.8302	118.8792	  1.8087
 20.3290	130.1625	  9.8104	118.4792	  1.8085
 20.3513	131.0375	  9.8364	117.9792	  1.8084
 20.3254	130.8167	  9.8447	118.9292	  1.8083
 20.3078	130.6417	  9.8463	118.6208	  1.8079
 20.3258	130.2500	  9.8485	118.5958	  1.8089
 20.3425	130.1875	  9.8226	118.8833	  1.8083
 20.3300	130.4167	  9.8378	119.2625	  1.8085
 20.3320	130.8750	  9.8360	119.0292	  1.8082
 20.3493	130.4875	  9.8330	118.2958	  1.8085
 20.3217	130.5250	  9.8390	119.1042	  1.8086
 20.3295	130.4000	  9.8487	118.8583	  1.8083
 20.3405	131.2292	  9.8298	118.7333	  1.8083
 20.3398	131.1417	  9.8456	118.2750	  1.8088
 20.3325	130.9958	  9.8312	119.1417	  1.8083
 20.3243	130.8167	  9.8564	118.3167	  1.8083
 20.3258	130.4958	  9.8429	118.2542	  1.8085
 20.3339	130.4917	  9.8350	118.6000	  1.8084
 20.3404	130.4833	  9.8350	118.6000	  1.8080
 20.3408	130.4292	  9.8274	118.6667	  1.8087
 20.3246	130.3208	  9.8207	119.0000	  1.8083
 20.3302	130.6167	  9.8245	119.0083	  1.8084
 20.3270	130.2667	  9.8412	118.5458	  1.8080
 20.3290	130.2458	  9.8313	118.5958	  1.8077
 20.3247	130.9000	  9.8256	118.8458	  1.8077
 20.3352	131.0250	  9.8214	118.8542	  1.8083
 20.3405	130.4792	  9.8365	118.5083	  1.8082
 20.3271	130.6833	  9.8255	118.3667	  1.8084
 20.3083	130.9917	  9.8212	118.6458	  1.8084
 20.3358	130.7750	  9.8246	118.4917	  1.8087
 20.3404	130.2875	  9.8220	117.8792	  1.8081
 20.3196	130.6417	  9.8207	119.0833	  1.8081
 20.3263	129.8417	  9.8249	118.2000	  1.8083
 20.3275	130.6875	  9.8173	118.5208	  1.8088
 20.3208	130.3875	  9.8215	118.5083	  1.8080
 20.3295	130.8000	  9.8419	118.7458	  1.8084
 20.3312	130.3708	  9.8391	118.3667	  1.8083
 20.3239	130.6500	  9.8386	118.5958	  1.8087
 20.3322	131.0792	  9.8339	118.6292	  1.8088
 20.3165	130.2792	  9.8354	118.9250	  1.8082
 20.3309	130.5750	  9.8280	118.5167	  1.8087
 20.3219	131.2750	  9.8371	118.3750	  1.8083
 20.3201	130.6167	  9.8295	118.5000	  1.8084
 20.3254	130.7458	  9.8295	118.8208	  1.8088
 20.3197	130.5875	  9.8379	118.8375	  1.8086
 20.3323	130.1042	  9.8328	118.5000	  1.8084
 20.3408	130.5167	  9.8487	118.0333	  1.8083
 20.3248	130.7875	  9.8387	118.1833	  1.8084
 20.3259	130.3042	  9.8263	118.8875	  1.8084
 20.3349	131.1792	  9.8285	118.8958	  1.8082
 20.3361	130.9875	  9.8273	118.9833	  1.8081
 20.3284	130.4458	  9.8499	119.0000	  1.8089
 20.3366	130.5333	  9.8361	118.4583	  1.8088
 20.3310	130.8292	  9.8355	118.6208	  1.8083
 20.3343	131.0000	  9.8341	118.6333	  1.8080
 20.3260	130.4333	  9.8390	118.8542	  1.8081
 20.3296	130.4208	  9.8070	118.4042	  1.8086
 20.3381	130.8333	  9.8277	119.0708	  1.8083
 20.3458	131.0667	  9.8186	119.2167	  1.8079
 20.3143	130.1417	  9.8325	119.2458	  1.8080
 20.3261	130.6792	  9.8477	118.6500	  1.8086
 20.3298	130.5417	  9.8402	118.7292	  1.8085
 20.3310	130.6208	  9.8293	118.3292	  1.8086
 20.3270	130.8917	  9.8173	118.7958	  1.8080
 20.3213	130.7917	  9.8324	118.3917	  1.8082
 20.3143	129.9667	  9.8403	118.7958	  1.8081
 20.3290	130.9583	  9.8420	118.2958	  1.8079
 20.3450	130.5750	  9.8358	118.7958	  1.8086
 20.3345	130.6875	  9.8234	118.5333	  1.8082
 20.3241	130.4708	  9.8314	118.6792	  1.8082
 20.3159	130.4833	  9.8331	118.1167	  1.8080
 20.3207	130.6792	  9.8444	118.3833	  1.8083
 20.3423	130.7708	  9.8238	118.5583	  1.8085
 20.3272	130.0333	  9.8258	118.2583	  1.8078
 20.3237	130.3458	  9.8387	118.9000	  1.8084
 20.3329	130.8750	  9.8428	118.3875	  1.8085
 20.3296	131.3458	  9.8390	118.2917	  1.8082
 20.3354	130.6000	  9.8409	118.3417	  1.8079
 20.3137	130.4875	  9.8171	118.7708	  1.8087
 20.3381	130.6333	  9.8370	118.3292	  1.8086
 20.3223	130.6083	  9.8271	118.7625	  1.8081
 20.3479	130.7625	  9.8367	119.0583	  1.8083
 20.3372	130.4625	  9.8282	118.9083	  1.8086
 20.3186	130.5958	  9.8311	118.0292	  1.8087
 20.3370	130.0042	  9.8273	119.1083	  1.8081
 20.3366	130.6667	  9.8194	118.8375	  1.8079
 20.3377	130.9458	  9.8272	119.2667	  1.8088
 20.3337	130.5583	  9.8298	118.4958	  1.8088
 20.3411	130.3458	  9.8401	118.3083	  1.8080
 20.3017	131.1208	  9.8287	118.4958	  1.8081
 20.3376	130.4750	  9.8068	118.6250	  1.8085
 20.3297	130.7917	  9.8308	118.1125	  1.8081
 20.3393	130.6542	  9.8327	119.0208	  1.8080
 20.3332	130.2958	  9.8414	118.8583	  1.8091
 20.3128	130.6792	  9.8204	118.7708	  1.8077
 20.3232	130.7833	  9.8244	119.0042	  1.8079
 20.3391	131.4667	  9.8243	119.1500	  1.8085
 20.3544	130.8042	  9.8286	118.3833	  1.8084
 20.3340	130.9667	  9.8262	118.3542	  1.8088
 20.3115	130.8333	  9.8321	118.2375	  1.8083
 20.3243	130.7542	  9.8306	118.8167	  1.8082
 20.3444	130.9542	  9.8245	118.6875	  1.8082
 20.3358	130.3458	  9.8246	119.1375	  1.8087
 20.3344	131.1125	  9.8393	118.9333	  1.8084
 20.3173	130.7458	  9.8312	118.4792	  1.8083
 20.3279	130.4250	  9.8302	118.5708	  1.8084
 20.3379	130.9667	  9.8384	118.9042	  1.8088
 20.3413	130.7250	  9.8383	118.5708	  1.8083
 20.3172	130.6667	  9.8317	118.0667	  1.8087
 20.3319	131.1000	  9.8423	118.7000	  1.8085
 20.3453	131.0542	  9.8151	118.1542	  1.8088
 20.3323	131.1250	  9.8404	118.2917	  1.8080
 20.3241	130.8708	  9.8267	118.5708	  1.8086
 20.3263	131.0750	  9.8297	118.6583	  1.8084
 20.3215	130.7458	  9.8490	118.6250	  1.8087
 20.3234	130.2833	  9.8424	119.6042	  1.8084
 20.3303	130.4625	  9.8358	118.5958	  1.8088
 20.3506	130.6708	  9.8176	118.3208	  1.8089
 20.3452	130.7500	  9.8335	118.4417	  1.8085
 20.3144	130.5500	  9.8403	118.5750	  1.8084
 20.3251	131.2667	  9.8255	118.8250	  1.8081
 20.3338	130.8333	  9.8326	118.3750	  1.8083
 20.3393	130.9667	  9.8190	118.1542	  1.8080
 20.3330	130.8417	  9.8420	118.5125	  1.8084
 20.3342	130.6833	  9.8428	118.9042	  1.8079
 20.3203	130.4583	  9.8457	118.8583	  1.8081
 20.3069	130.8375	  9.8383	118.9250	  1.8082
 20.3243	131.0250	  9.8193	118.6125	  1.8080
 20.3376	131.0292	  9.8331	118.9000	  1.8089
 20.3295	130.6708	  9.8330	118.8875	  1.8085
 20.3405	130.9292	  9.8403	117.4667	  1.8080
 20.3335	130.4167	  9.8185	118.2292	  1.8082
 20.3179	129.9708	  9.8195	118.7542	  1.8083
 20.3310	131.1583	  9.8236	118.3333	  1.8082
 20.3325	130.5708	  9.8422	118.0750	  1.8086
 20.3389	130.9042	  9.8226	118.9000	  1.8082
 20.3243	130.6125	  9.8273	118.7958	  1.8080
 20.3537	130.3042	  9.8380	118.6000	  1.8088
 20.3241	130.7083	  9.8158	118.5250	  1.8079
 20.3314	130.2750	  9.8319	118.5125	  1.8076
 20.3206	130.5292	  9.8332	118.7208	  1.8084
 20.3252	130.3458	  9.8305	118.8375	  1.8086
 20.3235	130.8542	  9.8294	118.6375	  1.8084
 20.3276	130.2583	  9.8245	118.4167	  1.8086
 20.3496	131.0292	  9.8333	118.5375	  1.8080
 20.3156	131.2292	  9.8264	119.2750	  1.8083
 20.3367	130.5083	  9.8326	118.9500	  1.8087
 20.3421	130.7542	  9.8341	118.8375	  1.8085
 20.3229	130.6167	  9.8190	118.7167	  1.8085
 20.3324	130.4250	  9.8311	119.0875	  1.8080
 20.3334	130.5625	  9.8355	118.2708	  1.8086
 20.3363	130.3750	  9.8278	118.2750	  1.8084
 20.3250	130.3542	  9.8119	118.8208	  1.8081
 20.3350	130.8458	  9.8453	119.3750	  1.8086
 20.3365	130.4917	  9.8312	118.2833	  1.8083
 20.3153	130.7250	  9.8315	119.0292	  1.8087
 20.3195	130.8875	  9.8353	118.5250	  1.8081
 20.3198	130.1083	  9.8494	118.4542	  1.8079
 20.3229	130.1667	  9.8118	118.4667	  1.8086
 20.3452	130.5458	  9.8238	118.3292	  1.8085
 20.3273	131.4500	  9.8031	119.2292	  1.8081
 20.3138	130.5167	  9.8204	118.1625	  1.8084
 20.3354	130.7208	  9.8360	118.8667	  1.8090
 20.3315	130.5458	  9.8502	118.3667	  1.8084
 20.3248	130.5333	  9.8272	118.5583	  1.8078
 20.3576	130.6833	  9.8114	118.6750	  1.8081
 20.3476	130.3792	  9.8382	119.1500	  1.8085
 20.3211	130.1208	  9.8247	118.6583	  1.8081
 20.3326	130.4958	  9.8236	118.7458	  1.8084
 20.3320	130.7917	  9.8442	118.6833	  1.8086
 20.3356	130.3542	  9.8300	118.5458	  1.8087
 20.3413	130.3875	  9.8252	118.8583	  1.8088
 20.3324	130.7042	  9.8245	118.5333	  1.8085
 20.3464	130.3250	  9.8320	118.7750	  1.8079
 20.3112	130.9833	  9.8139	118.5292	  1.8084
 20.3284	130.5333	  9.8280	118.2792	  1.8079
 20.3252	130.9167	  9.8289	119.0500	  1.8082
 20.3355	130.4833	  9.8417	119.2583	  1.8080
 20.3261	130.8042	  9.8141	118.9458	  1.8081
 20.3408	131.0042	  9.8284	118.5792	  1.8080
 20.3208	131.0917	  9.8335	118.7792	  1.8078
 20.3426	130.0917	  9.8147	118.5625	  1.8083
 20.3267	130.6792	  9.8465	118.6125	  1.8085
 20.3322	131.2833	  9.8304	118.5833	  1.8088
 20.3354	130.3333	  9.8236	118.6167	  1.8085
 20.3174	130.4750	  9.8316	118.8417	  1.8079
 20.3330	131.0250	  9.8316	119.3458	  1.8086
 20.3354	130.6458	  9.8556	118.8542	  1.8086
 20.3350	130.7042	  9.8521	118.8792	  1.8090
 20.3409	130.2083	  9.8362	118.3583	  1.8085
 20.3291	130.9000	  9.8388	118.6500	  1.8082
 20.3281	130.3542	  9.8185	118.4625	  1.8080
 20.3368	131.1917	  9.8453	118.8625	  1.8081
 20.3213	130.1375	  9.8128	118.0875	  1.8083
 20.3389	130.7333	  9.8222	118.9125	  1.8082
 20.3400	130.5833	  9.8218	118.8375	  1.8089
 20.3436	130.5792	  9.8255	118.1125	  1.8076
 20.3318	131.4583	  9.8293	118.3667	  1.8082
 20.3165	130.3000	  9.8140	118.8917	  1.8083
 20.3255	130.4792	  9.8329	118.5792	  1.8081
 20.3506	131.1042	  9.8370	118.5917	  1.8090
 20.3384	130.6542	  9.8214	118.6500	  1.8080
 20.3495	130.8000	  9.8544	119.0750	  1.8083
 20.3437	130.7375	  9.8402	119.1500	  1.8080
 20.3344	130.8500	  9.8329	118.4625	  1.8084
 20.3195	130.2792	  9.8267	118.5000	  1.8087
 20.3333	130.9458	  9.8245	118.3292	  1.8082
 20.3301	130.6417	  9.8498	118.8000	  1.8085
 20.3408	130.5708	  9.8316	118.5333	  1.8088
 20.3299	130.2542	  9.8443	119.0125	  1.8087
 20.3269	130.8750	  9.8131	118.7792	  1.8086
 20.3379	130.8417	  9.8254	118.5375	  1.8080
 20.3368	130.8458	  9.8375	118.4625	  1.8082
 20.3284	130.7958	  9.8395	118.6708	  1.8088
 20.3195	130.2167	  9.8351	118.5792	  1.8080
 20.3350	130.9792	  9.8357	119.0458	  1.8083
 20.3036	130.5500	  9.8346	118.6292	  1.8081
 20.3264	130.6667	  9.8481	119.0083	  1.8081
 20.3206	130.2667	  9.8113	118.0875	  1.8079
 20.3084	131.2000	  9.8327	118.4500	  1.8081
 20.3230	130.1792	  9.8314	118.6917	  1.8092
 20.3212	130.1833	  9.8398	119.1958	  1.8083
 20.3293	130.9167	  9.8353	118.2875	  1.8085
 20.3283	130.4583	  9.8571	119.1208	  1.8084
 20.3180	130.7083	  9.8303	118.3042	  1.8079
 20.3321	130.4500	  9.8211	118.5083	  1.8083
 20.3307	130.9458	  9.8165	118.4792	  1.8082
 20.3329	130.6125	  9.8336	118.8583	  1.8081
 20.3336	130.4708	  9.8351	118.1667	  1.8085
 20.3240	130.2958	  9.8336	118.4833	  1.8081
 20.3301	130.6125	  9.8342	119.1208	  1.8085
 20.3232	130.4167	  9.8441	118.5917	  1.8084
 20.3436	130.4375	  9.8367	118.8417	  1.8083
 20.3435	130.0750	  9.8271	118.8500	  1.8085
 20.3394	130.7667	  9.8266	118.9833	  1.8084
 20.3321	130.4583	  9.8525	118.3375	  1.8082
 20.3269	130.3667	  9.8319	118.7208	  1.8080
 20.3298	130.9792	  9.8310	118.7583	  1.8085
 20.3405	130.8500	  9.8218	118.9167	  1.8077
 20.3318	130.1375	  9.8327	118.3917	  1.8083
 20.3276	131.0042	  9.8285	118.9417	  1.8082
 20.3273	130.5708	  9.8148	118.7292	  1.8082
 20.3291	131.0000	  9.8461	118.6583	  1.8087
 20.3364	130.6625	  9.8337	118.1958	  1.8081
 20.3274	130.0458	  9.8256	118.8417	  1.8081
 20.3264	131.0625	  9.8152	118.8625	  1.8085
 20.3389	130.4875	  9.8273	118.1125	  1.8083
 20.3245	130.4125	  9.8151	118.7708	  1.8087
 20.3428	130.4333	  9.8283	118.5167	  1.8084
 20.3218	129.8792	  9.8255	118.3042	  1.8081
 20.3308	130.6167	  9.8447	118.4458	  1.8086
 20.3325	130.6625	  9.8320	118.8292	  1.8078
 20.3125	131.0125	  9.8489	118.5333	  1.8076
 20.3239	130.8542	  9.8426	118.3917	  1.8080
 20.3291	131.0542	  9.8277	118.9792	  1.8083
 20.3293	130.7375	  9.8246	119.6292	  1.8082
 20.3366	130.4042	  9.8227	119.0542	  1.8082
 20.3215	130.4167	  9.8445	118.1625	  1.8088
 20.3158	130.4583	  9.8331	118.5292	  1.8081
 20.3358	130.1667	  9.8193	118.6583	  1.8086
 20.3253	130.0500	  9.8490	118.6417	  1.8084
 20.3375	130.8417	  9.8073	118.9708	  1.8079
 20.3457	130.4167	  9.8216	118.7125	  1.8086
 20.3211	131.5333	  9.8255	118.4583	  1.8079
 20.3252	130.8208	  9.8382	118.6292	  1.8083
 20.3323	130.7667	  9.8279	118.5375	  1.8078
 20.3307	130.8917	  9.8371	118.3708	  1.8082
 20.3259	131.3292	  9.8495	118.7167	  1.8080
 20.3259	130.5792	  9.8435	118.1917	  1.8086
 20.3561	130.9583	  9.8258	118.6583	  1.8086
 20.3263	130.8542	  9.8246	118.5417	  1.8081
 20.3326	131.0792	  9.8510	118.7333	  1.8080
 20.3438	130.4500	  9.8321	118.9083	  1.8083
 20.3338	130.2667	  9.8350	118.7083	  1.8082
 20.3419	130.6292	  9.8502	118.3000	  1.8088
 20.3405	131.3875	  9.8511	118.9167	  1.8080
 20.3474	130.5875	  9.8461	118.5083	  1.8085
 20.3062	130.3542	  9.8194	117.9958	  1.8089
 20.3385	130.5375	  9.8282	118.3583	  1.8086
 20.3350	130.7833	  9.8226	117.6125	  1.8085
 20.3376	131.1542	  9.8184	118.7917	  1.8085
 20.3353	130.6292	  9.8326	118.2583	  1.8085
 20.3431	130.2417	  9.8400	118.0917	  1.8084
 20.3263	130.5708	  9.8319	118.7375	  1.8083
 20.3436	131.1708	  9.8177	118.7583	  1.8083
 20.3497	130.9792	  9.8285	118.6833	  1.8083
 20.3330	130.7125	  9.8259	119.1458	  1.8080
 20.3422	130.6750	  9.8449	118.2583	  1.8088
 20.3219	130.0208	  9.8445	118.4833	  1.8085
 20.3576	130.9833	  9.8329	118.1292	  1.8083
 20.3272	130.6667	  9.8258	118.3583	  1.8078
 20.3188	131.0250	  9.8424	118.4333	  1.8085
 20.3186	131.1542	  9.8150	118.5708	  1.8075
 20.3057	130.2792	  9.8242	118.3167	  1.8086
 20.3512	130.7417	  9.8182	118.2208	  1.8076
 20.3385	130.6750	  9.8253	118.2667	  1.8076
 20.3230	130.3458	  9.8326	118.7875	  1.8086
 20.3150	130.3625	  9.8347	118.0667	  1.8082
 20.3524	130.8083	  9.8296	119.0708	  1.8081
 20.3214	130.6667	  9.8326	118.9500	  1.8090
 20.3153	130.8375	  9.8267	118.8833	  1.8086
 20.3357	130.5083	  9.8370	118.7208	  1.8077
 20.3196	130.3292	  9.8586	118.8708	  1.8077
 20.3232	131.3125	  9.8671	118.2125	  1.8085
 20.3308	130.0458	  9.8279	118.4875	  1.8083
 20.3298	130.4208	  9.8325	118.8958	  1.8079
 20.3129	130.5417	  9.8217	118.6750	  1.8083
 20.3289	130.6167	  9.8425	118.6958	  1.8085
 20.3268	130.4208	  9.8379	118.5333	  1.8084
 20.3199	130.9917	  9.8418	118.5625	  1.8078
 20.3222	130.2833	  9.8308	118.7000	  1.8081
 20.3408	130.6375	  9.8124	118.4667	  1.8081
 20.3483	130.5167	  9.8085	118.8667	  1.8076
 20.3405	130.7292	  9.8389	118.4708	  1.8079
 20.3393	130.5500	  9.8273	118.5708	  1.8082
 20.3331	130.9917	  9.8353	118.2208	  1.8085
 20.3156	131.0125	  9.8378	118.4042	  1.8084
 20.3298	130.6500	  9.8497	118.6292	  1.8081
 20.3407	130.7042	  9.8117	118.5042	  1.8083
 20.3520	130.7500	  9.8371	118.5583	  1.8081
 20.3250	130.3917	  9.8248	118.5083	  1.8085
 20.3386	131.0542	  9.8232	118.4458	  1.8078
 20.3309	130.7917	  9.8305	119.0458	  1.8082
 20.3317	131.0833	  9.8362	118.0208	  1.8080
 20.3392	130.5708	  9.8260	118.9417	  1.8084
 20.3239	131.2333	  9.8410	118.4875	  1.8078
 20.3209	130.9417	  9.8436	118.8083	  1.8084
 20.3200	130.8167	  9.8349	118.2958	  1.8079
 20.3313	130.4917	  9.8336	118.3292	  1.8083
 20.3305	131.1792	  9.8204	118.1458	  1.8082
 20.3286	130.9542	  9.8392	118.7625	  1.8081
 20.3405	130.5125	  9.8262	118.2333	  1.8083
 20.3279	130.7208	  9.8151	118.4750	  1.8076
 20.3311	129.9917	  9.8414	118.8292	  1.8083
 20.3562	130.3125	  9.8240	118.0667	  1.8082
 20.3008	131.0208	  9.8341	118.9042	  1.8080
 20.3193	130.6000	  9.8472	118.5750	  1.8084
 20.3526	130.8417	  9.8343	118.4042	  1.8085
 20.3477	130.9042	  9.8433	118.0125	  1.8083
 20.3211	130.8500	  9.8374	117.8625	  1.8090
 20.3370	130.8917	  9.8262	118.7167	  1.8083
 20.3311	130.6917	  9.8193	118.8000	  1.8096
 20.3360	130.9000	  9.8282	118.9208	  1.8082
 20.3457	130.4292	  9.8288	118.4542	  1.8085
 20.3397	130.6792	  9.8253	118.8958	  1.8080
 20.3385	130.8083	  9.8258	119.0500	  1.8090
 20.3447	130.7292	  9.8471	118.6750	  1.8088
 20.3295	130.3458	  9.8436	118.5750	  1.8082
 20.3251	130.4958	  9.8338	118.4417	  1.8082
 20.3367	130.9542	  9.8458	118.4417	  1.8083
 20.3284	130.8667	  9.8333	118.8583	  1.8089
 20.3210	130.6875	  9.8250	118.9958	  1.8083
 20.3305	130.7875	  9.8270	118.3500	  1.8086
 20.3291	130.4042	  9.8235	118.9500	  1.8080
 20.3325	130.7292	  9.8335	119.0250	  1.8079
 20.3339	130.9833	  9.8468	118.2125	  1.8080
 20.3398	131.0167	  9.8429	119.2750	  1.8081
 20.3377	130.7042	  9.8390	119.0458	  1.8087
 20.3426	131.4792	  9.8351	118.7833	  1.8082
 20.3320	130.8625	  9.8476	118.6708	  1.8078
 20.3447	130.3542	  9.8525	119.1208	  1.8081
 20.3318	130.9208	  9.8493	118.4083	  1.8079
 20.3131	130.7542	  9.8191	118.5167	  1.8084
 20.3258	130.4875	  9.8431	118.9083	  1.8086
 20.3246	130.6250	  9.8324	119.0875	  1.8080
 20.3465	130.2875	  9.8489	118.9042	  1.8084
 20.3425	131.5542	  9.8359	118.6083	  1.8081
 20.3277	130.4750	  9.8409	118.3833	  1.8081
 20.3017	130.4167	  9.8233	118.8583	  1.8085
 20.3273	130.5375	  9.8483	118.6042	  1.8085
 20.3371	130.9583	  9.8289	117.9625	  1.8085
 20.3188	130.5583	  9.8404	118.4542	  1.8084
 20.3351	130.8917	  9.8184	118.0792	  1.8081
 20.3354	130.5208	  9.8142	118.3792	  1.8082
 20.3127	130.9042	  9.8373	118.3333	  1.8080
 20.3477	130.6333	  9.8372	118.4875	  1.8086
 20.3188	130.5667	  9.8321	118.6917	  1.8080
 20.3256	130.4083	  9.8537	118.4542	  1.8078
 20.3374	130.8667	  9.8347	118.6583	  1.8078
 20.3477	130.7000	  9.8237	118.0292	  1.8082
 20.3196	130.9792	  9.8279	118.7458	  1.8087
 20.3194	130.5458	  9.8254	118.7667	  1.8087
 20.3411	130.8208	  9.8459	119.2750	  1.8080
 20.3227	130.8042	  9.8194	118.8625	  1.8085
 20.3173	130.0833	  9.8298	118.3042	  1.8076
 20.3152	130.9375	  9.8342	118.4042	  1.8080
 20.3236	131.2042	  9.8488	118.8000	  1.8073
 20.3210	130.7583	  9.8198	118.2083	  1.8079
 20.3340	130.7792	  9.8276	118.6375	  1.8085
 20.3192	131.1000	  9.8425	118.3167	  1.8085
 20.3410	130.9542	  9.8262	118.7083	  1.8083
 20.3450	130.8375	  9.8366	118.4792	  1.8087
 20.3401	130.2167	  9.8342	118.6708	  1.8082
 20.3299	130.8458	  9.8338	117.2333	  1.8076
 20.3146	130.5083	  9.8391	118.8375	  1.8082
 20.3332	130.5167	  9.8499	118.6958	  1.8089
 20.3395	131.0625	  9.8191	118.5542	  1.8081
 20.3399	130.5083	  9.8177	118.1750	  1.8085
 20.3458	130.9833	  9.8406	118.7917	  1.8078
 20.3372	130.9958	  9.8172	118.4292	  1.8084
 20.3283	130.9042	  9.8310	118.5792	  1.8086
 20.3362	130.6708	  9.8369	118.8250	  1.8086
 20.3291	130.7208	  9.8399	118.5042	  1.8083
 20.3234	131.3417	  9.8296	118.7917	  1.8081
 20.3634	130.8875	  9.8319	118.8125	  1.8081
 20.3374	130.2542	  9.8326	118.8083	  1.8082
 20.3225	130.6500	  9.8275	118.5375	  1.8078
 20.3354	131.0958	  9.8329	118.6667	  1.8083
 20.3237	131.2792	  9.8617	117.9083	  1.8079
 20.3163	130.8500	  9.8491	118.5125	  1.8082
 20.3314	130.9292	  9.8411	118.1875	  1.8081
 20.3408	130.5833	  9.8155	119.1542	  1.8085
 20.3411	130.1083	  9.8449	119.0708	  1.8086
 20.3261	130.6792	  9.8430	118.4042	  1.8082
 20.3419	130.6083	  9.8485	118.4208	  1.8086
 20.3129	130.6167	  9.8350	118.7250	  1.8083
 20.3289	131.0292	  9.8299	118.5542	  1.8084
 20.3196	130.3917	  9.8247	119.1000	  1.8082
 20.3362	130.4833	  9.8383	118.6833	  1.8085
 20.3376	131.0500	  9.8442	118.4708	  1.8076
 20.3477	130.8000	  9.8325	118.3042	  1.8086
 20.3264	130.4583	  9.8361	118.9833	  1.8078
 20.3409	130.4500	  9.8401	118.6542	  1.8080
 20.3271	131.0792	  9.8115	119.1208	  1.8085
 20.3352	130.1750	  9.8327	118.7417	  1.8083
