P8010116.442721
GADANKI 01/01/1980 16:43:27 01/01/1980 16:44:27 0350 0079.2 0013.4 00
0000000 0020 0001200 0020 05
1 0 2 02000 1 0000 0030 00532.o 0 0 00 000 14 001200 0.100 BT0
1 1 2 02000 1 0000 0030 00532.o 0 0 00 000 00 001200 0.0000 BC0
1 0 2 02000 1 0000 0030 00532.p 0 0 00 000 14 001200 0.100 BT1
1 1 2 02000 1 0000 0030 00532.p 0 0 00 000 00 001200 0.0000 BC1
1 0 2 02000 1 0000 0030 01064.o 0 0 00 000 14 001200 0.100 BT2
532.000 .o analog 0 	532.000 .o photon 0 	532.000 .p analog 1 	532.000 .p photon 1 	1064.000 .o analog 2 
 19.5427	112.1125	  9.6813	 93.7292	  1.8082
 21.1037	148.6250	 10.9913	128.5000	  1.8095
 98.3798	145.3875	 71.7910	127.2458	  1.8091
 99.9751	142.1625	 40.5834	125.0958	  1.8089
 92.7496	140.0958	 33.2477	124.2958	  1.8083
 65.9172	137.8833	 25.0911	123.9917	  1.8086
 49.3577	136.3500	 19.7591	122.5750	  1.8092
 39.9214	135.2375	 16.6851	121.5667	  1.8089
 34.2644	134.3417	 14.8437	121.8875	  1.8091
 30.5023	133.6250	 13.5593	122.0792	  1.8088
 27.8817	133.3250	 12.6436	121.0125	  1.8088
 26.0637	133.6333	 12.0139	120.4792	  1.8086
 24.7259	132.3458	 11.5638	120.2417	  1.8090
 23.7487	132.5792	 11.2098	120.0833	  1.8091
 22.9524	133.1083	 10.9103	120.3375	  1.8091
 22.3897	132.5875	 10.7128	119.8792	  1.8097
 21.9440	131.8333	 10.5792	119.0875	  1.8089
 21.5591	131.6625	 10.4311	119.6667	  1.8088
 21.2868	132.5125	 10.3243	119.4375	  1.8086
 21.0337	131.7958	 10.2221	119.4333	  1.8089
 20.8448	131.3667	 10.1530	119.6208	  1.8092
 20.6894	131.9708	 10.0977	119.6458	  1.8089
 20.5570	131.3875	 10.0552	119.4167	  1.8094
 20.3990	131.6583	  9.9757	119.5583	  1.8088
 20.3048	131.6208	  9.9713	118.7125	  1.8089
 20.2299	131.9125	  9.9271	119.7833	  1.8089
 20.1716	131.4750	  9.8797	119.3833	  1.8093
 20.1012	131.5458	  9.8765	119.0083	  1.8089
 20.0487	131.7292	  9.8737	119.5500	  1.8095
 19.9742	130.9375	  9.8247	118.8833	  1.8092
 19.9190	131.3667	  9.8072	119.0417	  1.8089
 19.8838	131.3083	  9.8124	118.9667	  1.8092
 19.8675	131.3625	  9.7754	119.0375	  1.8090
 19.8114	131.4167	  9.7695	119.4292	  1.8095
 19.7953	131.2167	  9.7546	118.9500	  1.8088
 19.7564	131.4167	  9.7454	118.8333	  1.8094
 19.7338	130.9958	  9.7373	118.9458	  1.8092
 19.7103	130.9042	  9.7151	118.7333	  1.8096
 19.6603	131.0250	  9.6762	118.8750	  1.8092
 19.6575	132.1333	  9.6994	118.6250	  1.8091
 19.6183	131.4375	  9.7022	118.5833	  1.8088
 19.5974	131.4750	  9.6694	118.8917	  1.8092
 19.5950	131.7500	  9.6659	119.9000	  1.8088
 19.5797	131.5250	  9.6787	119.2125	  1.8087
 19.5738	131.4375	  9.6671	118.9583	  1.8091
 19.5526	132.0958	  9.6751	119.3167	  1.8097
 19.5483	131.7042	  9.6648	119.4792	  1.8096
 19.5495	131.6708	  9.6480	119.2333	  1.8097
 19.5555	131.2708	  9.6626	118.8125	  1.8086
 19.5471	131.1625	  9.6696	118.4333	  1.8088
 19.5426	131.3542	  9.6703	118.3125	  1.8086
 19.5280	131.4125	  9.6627	119.2042	  1.8091
 19.5364	131.2875	  9.6684	118.6292	  1.8093
 19.5376	131.7125	  9.6562	119.4250	  1.8093
 19.5427	130.9500	  9.6420	118.7958	  1.8093
 19.5441	131.3917	  9.6553	118.9625	  1.8092
 19.5343	130.8167	  9.6551	118.9833	  1.8095
 19.5421	131.4042	  9.6580	118.9208	  1.8093
 19.5410	131.8042	  9.6535	118.8208	  1.8090
 19.5238	131.0333	  9.6365	119.1083	  1.8092
 19.5205	131.1875	  9.6461	119.0458	  1.8091
 19.5103	131.2542	  9.6597	118.6708	  1.8092
 19.5292	131.3792	  9.6484	119.1292	  1.8093
 19.5210	131.2917	  9.6432	118.7250	  1.8093
 19.5197	131.2417	  9.6354	118.6792	  1.8090
 19.5260	131.1958	  9.6308	119.3208	  1.8094
 19.5202	131.1167	  9.6430	118.6667	  1.8090
 19.5398	131.1292	  9.6441	119.1917	  1.8091
 19.5412	131.3542	  9.6571	118.4333	  1.8089
 19.5072	131.0625	  9.6647	119.2167	  1.8094
 19.5170	131.2917	  9.6436	119.2458	  1.8088
 19.5140	131.0125	  9.6509	119.1875	  1.8093
 19.5136	131.4625	  9.6558	118.7667	  1.8096
 19.5180	130.5458	  9.6577	119.1958	  1.8091
 19.5185	131.3417	  9.6579	118.7292	  1.8097
 19.5156	131.5167	  9.6404	118.9458	  1.8092
 19.5112	131.0500	  9.6408	118.8792	  1.8090
 19.5073	131.0083	  9.6573	118.7333	  1.8093
 19.5067	131.5625	  9.6576	118.7250	  1.8092
 19.5276	131.2458	  9.6490	119.5333	  1.8089
 19.5112	131.7542	  9.6422	118.8667	  1.8094
 19.5205	131.7542	  9.6615	119.0875	  1.8087
 19.5236	131.1625	  9.6499	119.3750	  1.8084
 19.5282	131.4500	  9.6606	119.3500	  1.8089
 19.5203	131.1625	  9.6605	118.8333	  1.8092
 19.5223	130.5125	  9.6369	119.1083	  1.8095
 19.5265	131.1750	  9.6471	118.6750	  1.8091
 19.5325	131.3208	  9.6476	118.6458	  1.8091
 19.5152	130.7708	  9.6444	119.4917	  1.8093
 19.5350	131.3042	  9.6282	118.7917	  1.8093
 19.5139	131.4292	  9.6618	118.9125	  1.8087
 19.5125	131.0208	  9.6685	119.1417	  1.8087
 19.5070	131.2458	  9.6557	118.7708	  1.8092
 19.5072	131.1333	  9.6689	119.2875	  1.8090
 19.5308	130.7917	  9.6386	118.5333	  1.8088
 19.4964	131.4625	  9.6567	119.4625	  1.8090
 19.5152	131.2125	  9.6574	119.3375	  1.8091
 19.5307	131.3458	  9.6519	119.2708	  1.8088
 19.5230	131.6833	  9.6360	119.0667	  1.8093
 19.5122	131.2667	  9.6531	118.9625	  1.8088
 19.5037	131.0208	  9.6602	118.9458	  1.8087
 19.5404	131.1750	  9.6553	119.6625	  1.8093
 19.5020	132.0583	  9.6399	119.4458	  1.8092
 19.5137	130.9208	  9.6815	117.9500	  1.8092
 19.5397	131.2875	  9.6506	118.8792	  1.8085
 19.5175	131.9125	  9.6321	119.2458	  1.8092
 19.5223	131.3875	  9.6566	119.0917	  1.8090
 19.5245	131.2167	  9.6354	119.1083	  1.8095
 19.5156	130.8292	  9.6318	119.1292	  1.8093
 19.5266	131.7667	  9.6311	118.6333	  1.8087
 19.5334	131.2833	  9.6327	119.2083	  1.8092
 19.5206	131.1458	  9.6391	119.2917	  1.8093
 19.5112	130.8917	  9.6403	118.9958	  1.8086
 19.5240	131.8292	  9.6429	119.1708	  1.8091
 19.5092	131.3250	  9.6631	119.2833	  1.8094
 19.5318	131.1125	  9.6452	118.6167	  1.8094
 19.5258	130.9000	  9.6601	118.6125	  1.8091
 19.5280	131.4958	  9.6458	118.7500	  1.8093
 19.5349	131.3083	  9.6411	119.0750	  1.8092
 19.5246	131.4583	  9.6379	118.8917	  1.8095
 19.5320	130.9750	  9.6460	119.0417	  1.8084
 19.5134	131.5125	  9.6411	119.5083	  1.8091
 19.5218	130.6292	  9.6585	118.7500	  1.8091
 19.5167	130.8583	  9.6429	119.1042	  1.8091
 19.5135	131.1375	  9.6440	118.7417	  1.8088
 19.5295	130.9792	  9.6389	119.1375	  1.8089
 19.5367	131.4583	  9.6291	118.9500	  1.8089
 19.5250	131.7667	  9.6532	118.9958	  1.8096
 19.5309	131.2458	  9.6596	118.9958	  1.8087
 19.5063	130.7833	  9.6592	119.7583	  1.8093
 19.5162	131.0750	  9.6485	119.0000	  1.8091
 19.5216	131.1958	  9.6617	118.8542	  1.8090
 19.5224	130.5708	  9.6389	119.1500	  1.8089
 19.5178	131.6708	  9.6494	119.0667	  1.8090
 19.5143	131.4167	  9.6667	119.1375	  1.8091
 19.5084	131.2125	  9.6674	119.7333	  1.8091
 19.5135	131.7917	  9.6381	119.4042	  1.8086
 19.5101	131.0458	  9.6506	119.6125	  1.8088
 19.5256	131.5167	  9.6798	119.1625	  1.8088
 19.5310	131.7708	  9.6498	118.9167	  1.8099
 19.5290	131.4542	  9.6481	118.8250	  1.8093
 19.5013	131.5500	  9.6619	119.0667	  1.8094
 19.5195	130.8000	  9.6471	119.6167	  1.8090
 19.5319	131.8625	  9.6599	119.0250	  1.8099
 19.5301	131.8875	  9.6504	118.8583	  1.8091
 19.5238	131.6875	  9.6490	118.8958	  1.8093
 19.5250	131.2500	  9.6322	118.6792	  1.8092
 19.5272	131.4833	  9.6322	118.4542	  1.8086
 19.5394	130.8708	  9.6219	118.8792	  1.8090
 19.5120	131.0208	  9.6445	118.8833	  1.8090
 19.5299	131.0833	  9.6282	118.7042	  1.8087
 19.5260	131.0542	  9.6443	118.8625	  1.8093
 19.5311	131.0458	  9.6322	118.7375	  1.8091
 19.5222	131.0708	  9.6657	119.5167	  1.8086
 19.5265	131.1250	  9.6648	120.1208	  1.8082
 19.5246	131.4292	  9.6420	118.7708	  1.8091
 19.5228	130.9708	  9.6440	118.8250	  1.8093
 19.5374	131.3000	  9.6499	118.5583	  1.8090
 19.5344	131.5958	  9.6426	119.0875	  1.8089
 19.5083	131.5417	  9.6419	118.6625	  1.8090
 19.5113	131.0625	  9.6454	119.3375	  1.8094
 19.5272	131.2417	  9.6381	119.6875	  1.8089
 19.5282	130.7292	  9.6573	119.6458	  1.8087
 19.5338	131.5583	  9.6564	118.8792	  1.8093
 19.5207	131.2917	  9.6524	119.8500	  1.8091
 19.5134	131.3042	  9.6418	119.0542	  1.8089
 19.5348	131.0958	  9.6755	118.4208	  1.8089
 19.5300	131.6208	  9.6436	118.9875	  1.8092
 19.5206	131.2042	  9.6594	119.0042	  1.8086
 19.5163	131.1000	  9.6648	118.9958	  1.8091
 19.5095	131.7250	  9.6644	118.9875	  1.8091
 19.5237	130.9417	  9.6544	119.1833	  1.8085
 19.5189	131.2958	  9.6510	118.8417	  1.8090
 19.5168	131.3375	  9.6444	119.5875	  1.8091
 19.5328	130.9083	  9.6680	118.3042	  1.8089
 19.5222	130.9083	  9.6705	119.4833	  1.8090
 19.5415	131.1750	  9.6484	118.5958	  1.8090
 19.5362	130.8792	  9.6520	119.3250	  1.8088
 19.5155	131.5875	  9.6649	118.6750	  1.8097
 19.5202	131.5250	  9.6540	119.0208	  1.8094
 19.5341	130.9875	  9.6489	119.0208	  1.8090
 19.5221	131.7042	  9.6476	119.4458	  1.8092
 19.5229	131.5667	  9.6378	118.7375	  1.8092
 19.5044	130.7583	  9.6455	118.4875	  1.8094
 19.5054	131.5792	  9.6489	118.2875	  1.8089
 19.5267	131.5625	  9.6422	119.1833	  1.8089
 19.5176	130.7292	  9.6494	118.8208	  1.8092
 19.5131	131.4333	  9.6527	119.1250	  1.8091
 19.5264	130.9708	  9.6603	119.1458	  1.8089
 19.5207	131.6292	  9.6517	119.5708	  1.8094
 19.5344	131.2125	  9.6294	119.3667	  1.8091
 19.5219	131.4042	  9.6519	118.8250	  1.8092
 19.5219	131.4583	  9.6519	119.3167	  1.8093
 19.5161	131.2625	  9.6275	119.5167	  1.8094
 19.5419	131.0875	  9.6493	119.2042	  1.8092
 19.5308	131.0250	  9.6435	118.6375	  1.8095
 19.5126	131.5542	  9.6662	119.4542	  1.8090
 19.5305	131.0958	  9.6264	119.0167	  1.8088
 19.5169	131.5083	  9.6431	119.2542	  1.8093
 19.5358	131.0375	  9.6319	119.4208	  1.8083
 19.5335	130.7750	  9.6575	119.3208	  1.8093
 19.5153	131.1458	  9.6455	119.0833	  1.8096
 19.5185	131.1250	  9.6370	119.0833	  1.8088
 19.5348	131.0083	  9.6382	118.3792	  1.8091
 19.5246	130.8833	  9.6429	119.4542	  1.8086
 19.5263	131.1417	  9.6464	118.6083	  1.8095
 19.5329	131.4167	  9.6349	118.4042	  1.8092
 19.5305	130.7625	  9.6302	119.5208	  1.8086
 19.5307	130.6292	  9.6474	119.5250	  1.8090
 19.5211	131.8500	  9.6443	118.5417	  1.8091
 19.5178	131.5250	  9.6390	119.3208	  1.8090
 19.5295	130.4125	  9.6359	119.2208	  1.8091
 19.5322	131.5750	  9.6399	118.7125	  1.8091
 19.5348	131.3000	  9.6429	119.7375	  1.8089
 19.5255	131.3042	  9.6516	118.7792	  1.8089
 19.5232	131.7042	  9.6600	118.8500	  1.8093
 19.5186	131.3333	  9.6464	119.2125	  1.8098
 19.5222	131.4958	  9.6417	119.0833	  1.8093
 19.5176	130.6833	  9.6474	118.9375	  1.8092
 19.5377	131.5000	  9.6368	119.5583	  1.8090
 19.5242	131.2375	  9.6600	118.9333	  1.8091
 19.5075	130.7208	  9.6503	119.4250	  1.8094
 19.5429	131.6208	  9.6437	119.1125	  1.8090
 19.5287	131.1583	  9.6405	118.8125	  1.8086
 19.5355	131.3250	  9.6200	119.0042	  1.8093
 19.5290	131.8500	  9.6604	119.3083	  1.8091
 19.5316	131.0750	  9.6526	119.0833	  1.8091
 19.5403	131.0833	  9.6656	119.2125	  1.8092
 19.5463	130.9875	  9.6437	118.6917	  1.8092
 19.5294	131.1875	  9.6422	119.4417	  1.8094
 19.5316	131.8083	  9.6504	119.5458	  1.8093
 19.5367	130.9625	  9.6503	118.9042	  1.8091
 19.5212	131.6250	  9.6381	118.8792	  1.8085
 19.5391	131.4917	  9.6248	119.3333	  1.8092
 19.5384	131.1542	  9.6365	118.6500	  1.8093
 19.5146	130.8333	  9.6357	119.2542	  1.8093
 19.5289	130.7500	  9.6654	119.3375	  1.8091
 19.5318	131.0542	  9.6338	119.9542	  1.8090
 19.5225	131.8708	  9.6370	118.8833	  1.8095
 19.5253	131.4208	  9.6600	119.0958	  1.8093
 19.5270	131.3667	  9.6597	118.9708	  1.8097
 19.5193	131.2292	  9.6595	118.8833	  1.8087
 19.5552	130.2917	  9.6581	118.6833	  1.8087
 19.5218	130.9208	  9.6443	118.8583	  1.8092
 19.5205	131.5208	  9.6430	119.5292	  1.8093
 19.5285	131.3917	  9.6359	119.0500	  1.8096
 19.5203	131.5042	  9.6413	118.9250	  1.8090
 19.5259	131.5667	  9.6369	118.7792	  1.8094
 19.5398	131.6833	  9.6556	119.1583	  1.8088
 19.5100	131.6083	  9.6474	119.3708	  1.8093
 19.5174	130.9292	  9.6346	119.1208	  1.8086
 19.5368	131.2542	  9.6419	118.8333	  1.8089
 19.5072	131.1375	  9.6321	118.9125	  1.8090
 19.5171	131.0958	  9.6526	119.2708	  1.8092
 19.5254	131.4292	  9.6373	119.2875	  1.8089
 19.5222	131.3667	  9.6557	118.6125	  1.8093
 19.5325	131.0625	  9.6462	119.2167	  1.8087
 19.5412	130.7583	  9.6404	118.9625	  1.8091
 19.5158	131.4125	  9.6528	118.8875	  1.8091
 19.5183	131.5042	  9.6598	119.6917	  1.8087
 19.5267	131.7500	  9.6335	118.7292	  1.8090
 19.5270	131.0083	  9.6535	118.8333	  1.8094
 19.5152	130.9917	  9.6504	119.1333	  1.8091
 19.5250	131.2458	  9.6544	118.4542	  1.8085
 19.5294	131.8250	  9.6637	119.4333	  1.8092
 19.5294	131.0625	  9.6435	118.6833	  1.8088
 19.5196	130.8458	  9.6505	117.9875	  1.8091
 19.5292	131.0833	  9.6550	118.5333	  1.8096
 19.5154	130.6333	  9.6493	119.2083	  1.8091
 19.5105	131.3250	  9.6462	118.7750	  1.8090
 19.5222	131.4583	  9.6448	118.7833	  1.8090
 19.5236	131.6417	  9.6516	118.8792	  1.8093
 19.5127	130.9833	  9.6542	118.8000	  1.8087
 19.5289	131.6917	  9.6601	118.4333	  1.8091
 19.5251	131.3000	  9.6469	119.4583	  1.8090
 19.5121	131.6875	  9.6737	118.3833	  1.8089
 19.5371	131.5125	  9.6528	118.2583	  1.8091
 19.5408	131.3708	  9.6612	118.5958	  1.8085
 19.5158	131.7917	  9.6319	118.9708	  1.8090
 19.5284	131.1542	  9.6542	119.0917	  1.8086
 19.5276	130.9083	  9.6528	119.2125	  1.8085
 19.5139	130.9208	  9.6405	118.9125	  1.8090
 19.5043	131.1750	  9.6711	119.1125	  1.8091
 19.5273	131.4333	  9.6513	118.7500	  1.8091
 19.5374	130.9750	  9.6637	119.0583	  1.8087
 19.5303	132.2167	  9.6589	119.1625	  1.8087
 19.5292	131.3000	  9.6599	119.6875	  1.8089
 19.5340	131.5667	  9.6433	119.3375	  1.8091
 19.5370	131.3750	  9.6485	119.3125	  1.8088
 19.5324	131.4792	  9.6532	118.9750	  1.8093
 19.5119	131.4250	  9.6398	118.4708	  1.8085
 19.5265	131.1833	  9.6462	119.3875	  1.8092
 19.5299	131.8417	  9.6484	119.4042	  1.8097
 19.5118	131.5917	  9.6470	119.0208	  1.8085
 19.5145	131.0917	  9.6525	119.1000	  1.8083
 19.5187	132.0292	  9.6484	119.4667	  1.8085
 19.5245	130.9875	  9.6555	118.9625	  1.8082
 19.5255	131.2875	  9.6640	119.5292	  1.8094
 19.5426	131.1333	  9.6628	118.7875	  1.8093
 19.5270	131.1292	  9.6618	118.5958	  1.8092
 19.5195	131.0917	  9.6547	118.6375	  1.8090
 19.5272	131.7208	  9.6430	118.4500	  1.8091
 19.5409	131.2167	  9.6382	118.4375	  1.8096
 19.5343	131.5750	  9.6504	118.8333	  1.8088
 19.5302	131.1875	  9.6525	119.0667	  1.8094
 19.5244	130.9958	  9.6632	118.7917	  1.8092
 19.5333	131.2917	  9.6441	119.0750	  1.8092
 19.5208	132.0042	  9.6355	118.8708	  1.8095
 19.5156	131.3875	  9.6297	118.9583	  1.8090
 19.5264	131.2625	  9.6604	118.9542	  1.8091
 19.5279	131.3750	  9.6533	118.6083	  1.8095
 19.5442	131.1500	  9.6616	118.7833	  1.8091
 19.5288	131.3292	  9.6467	119.1500	  1.8092
 19.5184	130.5708	  9.6535	119.0375	  1.8092
 19.5100	131.4875	  9.6448	118.4708	  1.8094
 19.5319	130.7708	  9.6456	118.8208	  1.8091
 19.5456	131.0458	  9.6639	118.8958	  1.8089
 19.5330	131.6000	  9.6510	118.8542	  1.8090
 19.5335	131.0917	  9.6326	119.0042	  1.8089
 19.5364	130.8875	  9.6354	118.9250	  1.8092
 19.5312	130.7375	  9.6566	119.0667	  1.8092
 19.5302	131.2833	  9.6656	118.9250	  1.8093
 19.5193	130.7542	  9.6388	118.7542	  1.8093
 19.5204	131.3292	  9.6252	119.3958	  1.8089
 19.5195	131.2000	  9.6679	118.6875	  1.8090
 19.5346	131.1917	  9.6370	118.8333	  1.8086
 19.5348	131.2917	  9.6549	118.4250	  1.8086
 19.5323	131.3458	  9.6312	118.7500	  1.8090
 19.5292	131.6958	  9.6363	118.9875	  1.8090
 19.5271	130.9708	  9.6297	118.9000	  1.8091
 19.5063	131.4917	  9.6505	118.5292	  1.8092
 19.5240	131.8458	  9.6265	119.2083	  1.8088
 19.5309	131.2875	  9.6474	118.7917	  1.8089
 19.4948	131.2875	  9.6377	118.7292	  1.8097
 19.5082	131.1333	  9.6515	119.1208	  1.8090
 19.5397	131.5750	  9.6385	118.7917	  1.8094
 19.5401	131.4125	  9.6547	118.8208	  1.8089
 19.5446	130.8958	  9.6439	118.4667	  1.8090
 19.5351	131.3792	  9.6828	119.0042	  1.8087
 19.5236	130.8042	  9.6510	119.0375	  1.8094
 19.5232	131.0042	  9.6481	118.4375	  1.8089
 19.5294	130.3875	  9.6503	118.8125	  1.8093
 19.5356	131.1167	  9.6465	119.2250	  1.8094
 19.5107	130.8250	  9.6546	119.3583	  1.8089
 19.5391	131.1375	  9.6393	118.4125	  1.8086
 19.5271	131.5375	  9.6380	119.0167	  1.8093
 19.5135	131.0958	  9.6403	118.0667	  1.8088
 19.5172	131.8125	  9.6472	119.2958	  1.8088
 19.5276	131.2500	  9.6292	118.9958	  1.8091
 19.5244	130.9292	  9.6450	119.2458	  1.8090
 19.5252	131.4500	  9.6609	118.9583	  1.8093
 19.5374	131.0875	  9.6439	119.1542	  1.8090
 19.5099	131.2542	  9.6373	118.8500	  1.8080
 19.5169	131.3708	  9.6477	118.7167	  1.8083
 19.5071	131.2292	  9.6398	119.4625	  1.8084
 19.5243	131.5000	  9.6521	119.2292	  1.8087
 19.5171	131.4833	  9.6462	118.8792	  1.8091
 19.5146	131.5000	  9.6520	118.6542	  1.8092
 19.4960	130.9292	  9.6600	118.5958	  1.8089
 19.5254	131.0333	  9.6712	119.2792	  1.8091
 19.5088	131.5042	  9.6291	119.1583	  1.8091
 19.5167	131.4333	  9.6447	118.6875	  1.8087
 19.5319	131.1250	  9.6456	119.1542	  1.8086
 19.5307	131.0375	  9.6493	118.9917	  1.8084
 19.5363	131.0250	  9.6378	118.8333	  1.8092
 19.5211	131.7208	  9.6563	119.1125	  1.8086
 19.5354	130.7250	  9.6736	119.3667	  1.8086
 19.5294	130.8875	  9.6410	118.8083	  1.8092
 19.5241	131.4208	  9.6572	118.8542	  1.8088
 19.5272	131.3083	  9.6604	119.5333	  1.8092
 19.5225	130.6167	  9.6286	118.6083	  1.8086
 19.5369	130.9333	  9.6379	118.8708	  1.8088
 19.5065	130.9958	  9.6457	119.3333	  1.8095
 19.5495	130.9917	  9.6583	118.7375	  1.8086
 19.5125	131.1833	  9.6530	118.9833	  1.8093
 19.5230	131.3375	  9.6357	118.7292	  1.8094
 19.5261	131.0958	  9.6600	118.8083	  1.8089
 19.5270	131.0292	  9.6526	119.2833	  1.8091
 19.5298	131.2750	  9.6480	119.0417	  1.8091
 19.5348	131.8417	  9.6411	118.7750	  1.8093
 19.5009	131.0958	  9.6651	119.2000	  1.8096
 19.5402	131.2250	  9.6424	119.3375	  1.8093
 19.5496	130.9750	  9.6612	118.7292	  1.8084
 19.5206	131.2917	  9.6508	119.0167	  1.8087
 19.5357	131.1500	  9.6440	119.4667	  1.8090
 19.5249	131.2375	  9.6483	119.4083	  1.8090
 19.5409	131.7750	  9.6580	118.6958	  1.8088
 19.5287	131.0375	  9.6519	118.7750	  1.8091
 19.5350	130.9292	  9.6455	118.9458	  1.8093
 19.5041	131.4417	  9.6526	119.0500	  1.8086
 19.5244	131.2042	  9.6418	118.8292	  1.8081
 19.5308	131.4625	  9.6230	118.9625	  1.8088
 19.5257	131.1250	  9.6523	118.8750	  1.8094
 19.5360	130.6667	  9.6503	118.8625	  1.8091
 19.5275	131.1167	  9.6315	118.9333	  1.8089
 19.5300	131.1708	  9.6419	119.3667	  1.8090
 19.5298	131.2042	  9.6323	119.2083	  1.8091
 19.5200	131.1708	  9.6348	119.0458	  1.8087
 19.5204	131.3875	  9.6499	119.3458	  1.8089
 19.5196	131.4000	  9.6634	118.8833	  1.8090
 19.5251	131.2375	  9.6738	118.8292	  1.8096
 19.5374	131.1125	  9.6330	119.0583	  1.8092
 19.5192	131.7667	  9.6458	119.8792	  1.8083
 19.5155	131.5042	  9.6557	119.4542	  1.8092
 19.5050	131.4375	  9.6365	118.3542	  1.8090
 19.5211	131.2708	  9.6642	119.3250	  1.8086
 19.5265	131.1042	  9.6422	119.0792	  1.8086
 19.5398	131.3292	  9.6494	118.8250	  1.8093
 19.5338	130.8083	  9.6313	119.2292	  1.8091
 19.5368	131.3458	  9.6401	118.6458	  1.8089
 19.5387	131.4875	  9.6510	119.0167	  1.8090
 19.5272	131.1708	  9.6416	118.6833	  1.8085
 19.5189	131.3958	  9.6637	118.7000	  1.8085
 19.5276	131.4375	  9.6485	118.8375	  1.8089
 19.5227	131.3292	  9.6500	118.6042	  1.8085
 19.5200	131.9208	  9.6660	119.4375	  1.8092
 19.5178	131.9000	  9.6400	118.5333	  1.8090
 19.5131	131.3375	  9.6510	119.1708	  1.8089
 19.5295	131.2917	  9.6393	118.6917	  1.8090
 19.5313	131.0792	  9.6559	119.1542	  1.8092
 19.5232	130.9000	  9.6634	119.2083	  1.8100
 19.5230	131.0875	  9.6534	118.8167	  1.8089
 19.5003	131.0250	  9.6637	119.1167	  1.8091
 19.5271	130.8667	  9.6493	119.4667	  1.8088
 19.5241	131.6500	  9.6537	118.8000	  1.8089
 19.5236	131.9500	  9.6504	118.3917	  1.8089
 19.5175	131.3500	  9.6300	119.0417	  1.8089
 19.5287	131.7417	  9.6546	118.8750	  1.8088
 19.5273	131.2167	  9.6335	118.9458	  1.8090
 19.5218	131.1000	  9.6440	119.1292	  1.8089
 19.5346	130.8708	  9.6478	119.1667	  1.8093
 19.5094	131.0375	  9.6314	118.8667	  1.8089
 19.5236	130.8042	  9.6534	118.8625	  1.8090
 19.5113	131.2417	  9.6500	118.6042	  1.8085
 19.5129	131.2250	  9.6456	118.5792	  1.8088
 19.5224	131.3458	  9.6660	118.2292	  1.8088
 19.5250	131.3708	  9.6444	119.1208	  1.8089
 19.5175	131.0667	  9.6585	120.1292	  1.8092
 19.5119	131.4417	  9.6501	118.8583	  1.8096
 19.5275	130.8875	  9.6355	118.4833	  1.8095
 19.5210	131.6042	  9.6454	119.2708	  1.8095
 19.5433	131.1833	  9.6576	118.4208	  1.8085
 19.5170	131.6333	  9.6298	118.6750	  1.8089
 19.5117	131.3208	  9.6560	119.1917	  1.8091
 19.5382	131.9417	  9.6537	118.4875	  1.8093
 19.5105	131.8667	  9.6352	118.7333	  1.8094
 19.5409	131.2167	  9.6526	118.3542	  1.8088
 19.5253	131.5875	  9.6458	118.7750	  1.8084
 19.5303	131.4958	  9.6347	118.4333	  1.8094
 19.5292	131.0000	  9.6506	119.0958	  1.8091
 19.5281	131.4250	  9.6356	118.6917	  1.8087
 19.5345	131.3208	  9.6507	119.0875	  1.8086
 19.5251	131.0625	  9.6539	118.9583	  1.8095
 19.5183	131.2375	  9.6462	119.0375	  1.8086
 19.5148	131.0875	  9.6531	119.1083	  1.8097
 19.5310	131.5583	  9.6523	119.6125	  1.8088
 19.5220	131.2583	  9.6308	118.9917	  1.8089
 19.5138	131.7208	  9.6524	118.9125	  1.8087
 19.5196	130.9208	  9.6536	119.2875	  1.8087
 19.5403	131.5583	  9.6476	118.9083	  1.8089
 19.5450	130.9167	  9.6471	119.1208	  1.8088
 19.5297	131.0458	  9.6571	118.4833	  1.8090
 19.5188	131.3417	  9.6698	119.1667	  1.8090
 19.5364	131.5917	  9.6549	118.7875	  1.8090
 19.5139	131.2708	  9.6292	118.8667	  1.8088
 19.5380	131.6542	  9.6523	118.5167	  1.8087
 19.5298	131.1083	  9.6600	118.7042	  1.8092
 19.5254	130.8208	  9.6486	119.1083	  1.8090
 19.5241	131.4375	  9.6494	118.8792	  1.8090
 19.5309	131.2750	  9.6376	118.6542	  1.8091
 19.5466	130.8917	  9.6379	119.3375	  1.8090
 19.5377	131.9458	  9.6465	119.2667	  1.8089
 19.5269	132.0792	  9.6498	118.8250	  1.8087
 19.5129	131.3917	  9.6662	118.2833	  1.8091
 19.5229	131.3958	  9.6298	119.5458	  1.8093
 19.5382	131.0208	  9.6568	118.4833	  1.8088
 19.5188	131.3625	  9.6427	119.0167	  1.8084
 19.5295	131.6125	  9.6447	119.0000	  1.8096
 19.5326	130.9625	  9.6278	118.9708	  1.8092
 19.5234	131.4542	  9.6572	118.6625	  1.8089
 19.5355	131.2208	  9.6486	119.0458	  1.8085
 19.5300	130.8667	  9.6514	118.9000	  1.8092
 19.5337	131.2708	  9.6378	118.9750	  1.8089
 19.5112	130.9583	  9.6499	119.0083	  1.8090
 19.5289	131.4083	  9.6249	118.4250	  1.8090
 19.5349	131.7792	  9.6569	118.4667	  1.8093
 19.5260	131.4250	  9.6391	118.5208	  1.8095
 19.5172	130.8458	  9.6525	119.2833	  1.8089
 19.5261	131.3000	  9.6509	119.3958	  1.8098
 19.5120	131.7333	  9.6694	118.9583	  1.8087
 19.5390	130.7583	  9.6358	119.0625	  1.8092
 19.5294	131.3083	  9.6238	119.7458	  1.8088
 19.5385	131.4667	  9.6227	119.0625	  1.8088
 19.5084	131.2875	  9.6374	119.0083	  1.8082
 19.5163	131.4208	  9.6430	118.1250	  1.8085
 19.5200	130.5917	  9.6560	118.8958	  1.8083
 19.5289	131.1458	  9.6447	118.9083	  1.8097
 19.5233	131.5375	  9.6502	118.8625	  1.8087
 19.5466	131.2208	  9.6372	118.7250	  1.8085
 19.5309	131.1208	  9.6421	118.7500	  1.8091
 19.5251	130.8833	  9.6390	119.1000	  1.8093
 19.5308	131.2417	  9.6433	118.3542	  1.8087
 19.5183	131.6792	  9.6383	119.3583	  1.8090
 19.5051	131.8083	  9.6406	119.2458	  1.8088
 19.5202	131.3750	  9.6322	119.0042	  1.8091
 19.5283	130.7708	  9.6739	119.0875	  1.8090
 19.5402	131.6917	  9.6497	118.2542	  1.8092
 19.5295	131.0917	  9.6578	118.8958	  1.8092
 19.5438	131.3208	  9.6372	119.2792	  1.8091
 19.5195	131.6375	  9.6411	118.7083	  1.8095
 19.5280	131.2250	  9.6396	118.9792	  1.8090
 19.5265	130.9583	  9.6609	118.7625	  1.8087
 19.5397	131.9083	  9.6475	118.7583	  1.8089
 19.5172	131.0958	  9.6441	118.8833	  1.8093
 19.5103	131.6583	  9.6486	118.9708	  1.8089
 19.5311	131.1833	  9.6432	119.4542	  1.8090
 19.5447	131.3083	  9.6554	119.5625	  1.8091
 19.5325	131.1458	  9.6440	119.3167	  1.8094
 19.5254	131.1917	  9.6533	119.3500	  1.8084
 19.5215	131.5042	  9.6517	118.2625	  1.8090
 19.5269	131.3708	  9.6504	119.0417	  1.8089
 19.5291	131.0708	  9.6537	119.2917	  1.8086
 19.5317	131.0542	  9.6403	118.8958	  1.8084
 19.5268	131.6500	  9.6511	119.1667	  1.8086
 19.5400	131.5583	  9.6435	119.2625	  1.8090
 19.5300	130.9542	  9.6350	118.8458	  1.8089
 19.5430	131.3667	  9.6553	118.8708	  1.8084
 19.5409	130.9417	  9.6423	118.8875	  1.8088
 19.5322	131.1583	  9.6278	119.0833	  1.8090
 19.5350	131.7917	  9.6544	118.5500	  1.8089
 19.5381	131.6667	  9.6413	119.2667	  1.8087
 19.5137	130.9833	  9.6563	118.9667	  1.8096
 19.5155	131.0208	  9.6511	119.2000	  1.8089
 19.5393	130.9833	  9.6424	119.1958	  1.8089
 19.5287	131.1500	  9.6386	118.8000	  1.8086
 19.5193	131.2042	  9.6331	119.1125	  1.8087
 19.5407	130.9333	  9.6442	118.8833	  1.8093
 19.5143	131.3250	  9.6323	118.8375	  1.8091
 19.5189	131.3292	  9.6420	119.2458	  1.8093
 19.5221	131.3542	  9.6342	119.1375	  1.8087
 19.5392	131.3542	  9.6441	118.5500	  1.8092
 19.5303	131.0458	  9.6564	118.8500	  1.8089
 19.5122	131.1167	  9.6282	118.7375	  1.8087
 19.5187	131.3500	  9.6647	118.7500	  1.8087
 19.5293	130.6833	  9.6409	118.8167	  1.8082
 19.5260	130.9542	  9.6371	118.7583	  1.8087
 19.5249	130.7042	  9.6526	119.5125	  1.8087
 19.5099	131.1458	  9.6329	118.9375	  1.8090
 19.5396	131.9667	  9.6427	119.1167	  1.8088
 19.5088	131.1667	  9.6248	119.2750	  1.8095
 19.5135	131.4583	  9.6570	118.6875	  1.8091
 19.5366	131.5417	  9.6418	118.9208	  1.8083
 19.5164	131.2958	  9.6315	119.1167	  1.8095
 19.5142	131.9917	  9.6461	119.0958	  1.8082
 19.5251	131.3167	  9.6427	118.9250	  1.8086
 19.5221	130.8167	  9.6342	119.6167	  1.8090
 19.5316	131.0292	  9.6528	119.2917	  1.8089
 19.5495	131.1458	  9.6305	119.2458	  1.8090
 19.5311	130.9750	  9.6375	119.3417	  1.8085
 19.5123	130.7667	  9.6418	119.0958	  1.8093
 19.5224	131.4208	  9.6262	119.3833	  1.8089
 19.5249	131.1250	  9.6589	118.4958	  1.8086
 19.5224	131.7083	  9.6517	118.8958	  1.8089
 19.5047	131.2625	  9.6226	118.8750	  1.8087
 19.5474	131.5583	  9.6506	119.1167	  1.8087
 19.5161	130.9417	  9.6617	118.9458	  1.8090
 19.5301	131.1125	  9.6355	118.8458	  1.8086
 19.5278	131.2500	  9.6604	118.6500	  1.8090
 19.5495	131.1417	  9.6400	119.4167	  1.8091
 19.5297	131.8792	  9.6283	118.7167	  1.8091
 19.5220	131.7292	  9.6290	119.1833	  1.8091
 19.5310	131.0458	  9.6626	118.9333	  1.8089
 19.5153	131.4708	  9.6573	118.7833	  1.8090
 19.5241	131.1750	  9.6604	118.9708	  1.8085
 19.5210	131.0458	  9.6490	119.3667	  1.8086
 19.5352	131.2375	  9.6629	119.1000	  1.8086
 19.5093	131.4083	  9.6456	118.7083	  1.8083
 19.5283	131.5292	  9.6472	118.7583	  1.8091
 19.5312	131.1292	  9.6518	119.1542	  1.8087
 19.5185	131.0167	  9.6550	119.0667	  1.8088
 19.5229	131.6167	  9.6513	118.9000	  1.8090
 19.5267	131.3125	  9.6391	119.0083	  1.8089
 19.5178	131.0792	  9.6562	118.6083	  1.8085
 19.5358	131.1167	  9.6340	119.0542	  1.8083
 19.5383	131.3042	  9.6331	119.0792	  1.8095
 19.5108	131.1167	  9.6422	119.2958	  1.8089
 19.5204	131.6000	  9.6571	118.5917	  1.8094
 19.5280	131.2208	  9.6502	118.9417	  1.8092
 19.5453	130.9750	  9.6414	118.5292	  1.8089
 19.5407	131.2042	  9.6345	118.4167	  1.8084
 19.5525	131.6958	  9.6534	118.8833	  1.8091
 19.5295	130.9125	  9.6362	119.5583	  1.8090
 19.5359	131.6667	  9.6425	118.4583	  1.8085
 19.5274	131.4458	  9.6561	118.9458	  1.8093
 19.5183	131.6042	  9.6466	119.3208	  1.8094
 19.5255	130.8333	  9.6615	118.8417	  1.8090
 19.5321	130.6792	  9.6396	118.9250	  1.8091
 19.5270	131.2500	  9.6392	118.5083	  1.8086
 19.5281	131.0667	  9.6341	119.2750	  1.8089
 19.5203	131.0458	  9.6403	118.8417	  1.8088
 19.5243	131.2958	  9.6531	118.7833	  1.8086
 19.5275	131.6875	  9.6570	119.0167	  1.8086
 19.5260	131.8750	  9.6642	118.5000	  1.8088
 19.5260	131.5458	  9.6474	118.5375	  1.8089
 19.5352	131.6250	  9.6554	119.5792	  1.8088
 19.5216	131.7125	  9.6571	118.8750	  1.8086
 19.5373	131.2708	  9.6669	118.7417	  1.8088
 19.5250	131.1958	  9.6537	119.0042	  1.8084
 19.5262	131.3208	  9.6471	118.9875	  1.8090
 19.5221	131.7292	  9.6428	118.9792	  1.8086
 19.5253	131.1750	  9.6387	119.3625	  1.8086
 19.5252	131.8708	  9.6418	118.4208	  1.8085
 19.5297	131.2083	  9.6478	118.8833	  1.8087
 19.5373	130.9250	  9.6551	119.0333	  1.8089
 19.5338	130.7167	  9.6275	118.5583	  1.8091
 19.5254	131.3083	  9.6566	119.5667	  1.8087
 19.5206	131.2333	  9.6682	119.1458	  1.8086
 19.5339	131.1375	  9.6574	119.0042	  1.8087
 19.5147	131.4542	  9.6566	118.6708	  1.8089
 19.5179	131.3875	  9.6649	118.4375	  1.8093
 19.5233	131.1375	  9.6492	118.5417	  1.8089
 19.5210	131.1417	  9.6751	118.9167	  1.8086
 19.5305	131.6500	  9.6452	119.2333	  1.8092
 19.5495	131.6208	  9.6436	119.1208	  1.8092
 19.5310	130.4458	  9.6407	119.1583	  1.8086
 19.5294	131.1042	  9.6587	119.2667	  1.8090
 19.5259	131.0833	  9.6531	119.3792	  1.8086
 19.5091	131.2917	  9.6453	118.5917	  1.8089
 19.5266	131.2792	  9.6626	118.5542	  1.8087
 19.5374	131.3833	  9.6572	118.8417	  1.8093
 19.5139	131.8167	  9.6571	118.8250	  1.8088
 19.5301	131.2750	  9.6551	118.5667	  1.8090
 19.5419	131.2208	  9.6604	119.1292	  1.8088
 19.5205	131.2625	  9.6278	118.8542	  1.8083
 19.5362	131.4583	  9.6553	119.2708	  1.8088
 19.5076	131.3583	  9.6494	119.0250	  1.8092
 19.5223	131.2833	  9.6615	119.4750	  1.8093
 19.5263	131.0667	  9.6507	119.4833	  1.8089
 19.5415	131.0250	  9.6569	118.9375	  1.8088
 19.5386	131.1625	  9.6687	119.3708	  1.8088
 19.5231	131.4042	  9.6321	119.0417	  1.8091
 19.5331	131.4250	  9.6466	119.1458	  1.8090
 19.5175	131.1333	  9.6616	119.3500	  1.8085
 19.5161	131.4042	  9.6338	118.4958	  1.8087
 19.5286	131.4917	  9.6561	118.8500	  1.8093
 19.5178	130.6792	  9.6669	119.1708	  1.8090
 19.5369	131.1333	  9.6427	118.8333	  1.8092
 19.5300	131.6208	  9.6298	118.9375	  1.8090
 19.5091	131.1667	  9.6477	119.0875	  1.8089
 19.5212	130.7667	  9.6440	118.4875	  1.8090
 19.5283	131.5875	  9.6409	118.5000	  1.8091
 19.5131	131.0167	  9.6347	118.7958	  1.8089
 19.5319	131.2542	  9.6390	118.9833	  1.8094
 19.5311	131.3000	  9.6265	118.9417	  1.8086
 19.5290	130.7833	  9.6373	118.8667	  1.8087
 19.5266	131.4333	  9.6341	119.6917	  1.8091
 19.5090	131.9500	  9.6536	119.1333	  1.8086
 19.5103	130.8833	  9.6406	119.1542	  1.8086
 19.5366	131.7208	  9.6333	118.8292	  1.8084
 19.5306	131.2167	  9.6557	118.9500	  1.8086
 19.5360	130.7500	  9.6531	119.2292	  1.8088
 19.5326	131.5458	  9.6452	118.4833	  1.8090
 19.5269	131.5792	  9.6271	118.9708	  1.8088
 19.5411	131.4917	  9.6421	119.2917	  1.8090
 19.5178	131.1708	  9.6675	119.2125	  1.8093
 19.5379	131.4250	  9.6483	118.9500	  1.8088
 19.5134	131.3542	  9.6475	118.9042	  1.8084
 19.5323	130.8958	  9.6584	118.6417	  1.8094
 19.5222	131.2667	  9.6275	119.3458	  1.8084
 19.5055	131.2000	  9.6534	119.1542	  1.8085
 19.5324	131.7333	  9.6499	119.2750	  1.8086
 19.5151	131.5708	  9.6352	119.2208	  1.8090
 19.5291	130.8750	  9.6508	119.2750	  1.8090
 19.5413	131.3750	  9.6331	119.1250	  1.8086
 19.5308	131.0292	  9.6690	118.9958	  1.8087
 19.5605	131.4583	  9.6579	118.9750	  1.8089
 19.5324	131.4250	  9.6507	118.6625	  1.8094
 19.5170	131.4167	  9.6298	118.5667	  1.8089
 19.5079	131.2792	  9.6460	119.2917	  1.8090
 19.5349	131.7458	  9.6562	118.7167	  1.8084
 19.5254	131.3333	  9.6579	119.0583	  1.8087
 19.5310	131.4500	  9.6378	118.3250	  1.8093
 19.5126	131.0625	  9.6486	118.5542	  1.8087
 19.5426	131.4333	  9.6304	118.9458	  1.8085
 19.5294	131.3333	  9.6532	119.4000	  1.8089
 19.5381	131.5125	  9.6533	119.4417	  1.8093
 19.5408	131.7792	  9.6476	118.9625	  1.8083
 19.5278	130.6917	  9.6409	119.4542	  1.8090
 19.5130	130.9750	  9.6401	119.6208	  1.8091
 19.5340	130.9833	  9.6329	118.5833	  1.8090
 19.5164	131.4042	  9.6519	118.5750	  1.8083
 19.5271	131.3000	  9.6554	119.2792	  1.8091
 19.5360	131.4792	  9.6343	118.7833	  1.8090
 19.5323	130.8000	  9.6531	119.2208	  1.8085
 19.5243	131.9500	  9.6519	119.4417	  1.8085
 19.5298	130.8000	  9.6579	119.1542	  1.8088
 19.5135	131.2208	  9.6329	118.9667	  1.8089
 19.5189	131.7667	  9.6497	118.8417	  1.8087
 19.5125	130.9875	  9.6569	118.8167	  1.8083
 19.5255	131.2042	  9.6325	119.7125	  1.8088
 19.5402	130.8500	  9.6408	118.5250	  1.8088
 19.5219	131.6917	  9.6430	118.7792	  1.8089
 19.5509	130.8542	  9.6472	119.4583	  1.8089
 19.5118	131.0500	  9.6369	118.4333	  1.8091
 19.5279	131.0917	  9.6476	119.1458	  1.8091
 19.5338	131.1458	  9.6632	119.3542	  1.8081
 19.5270	131.2375	  9.6377	118.8375	  1.8090
 19.5340	130.6083	  9.6630	119.2042	  1.8087
 19.5320	131.3333	  9.6548	118.9750	  1.8087
 19.5144	131.5833	  9.6516	118.1542	  1.8084
 19.5257	131.5417	  9.6701	118.8833	  1.8091
 19.5280	131.1625	  9.6382	119.2083	  1.8092
 19.5267	131.3208	  9.6528	118.8208	  1.8092
 19.5136	131.1833	  9.6456	119.2250	  1.8089
 19.5090	131.6167	  9.6448	119.5167	  1.8089
 19.5190	131.1083	  9.6389	118.6333	  1.8087
 19.5211	130.8500	  9.6423	118.9000	  1.8088
 19.5284	130.9583	  9.6372	118.8333	  1.8085
 19.5320	131.1292	  9.6286	118.6708	  1.8095
 19.5138	130.8542	  9.6421	118.8333	  1.8088
 19.5311	131.4792	  9.6423	118.4625	  1.8088
 19.5159	130.8042	  9.6246	119.2000	  1.8095
 19.5322	131.2833	  9.6571	119.0458	  1.8087
 19.5164	131.0708	  9.6393	118.3083	  1.8091
 19.5258	130.8875	  9.6633	118.6625	  1.8092
 19.5325	130.9542	  9.6329	118.8208	  1.8092
 19.5466	131.0625	  9.6700	118.8250	  1.8088
 19.5275	131.1417	  9.6477	118.0375	  1.8086
 19.5246	130.7000	  9.6429	118.6875	  1.8086
 19.5138	131.0833	  9.6340	119.4333	  1.8096
 19.5384	131.4542	  9.6629	119.4750	  1.8083
 19.5328	131.7917	  9.6610	118.8417	  1.8083
 19.5317	131.5208	  9.6604	119.0083	  1.8090
 19.5340	130.7958	  9.6409	118.9500	  1.8089
 19.5431	131.3667	  9.6177	119.1583	  1.8083
 19.5235	131.3708	  9.6387	119.3167	  1.8092
 19.5133	131.6375	  9.6637	119.0583	  1.8090
 19.5213	131.5042	  9.6410	118.8625	  1.8085
 19.5444	131.2125	  9.6303	119.0375	  1.8092
 19.5329	131.4792	  9.6344	118.6333	  1.8093
 19.5398	131.2333	  9.6548	118.2167	  1.8084
 19.5408	131.3500	  9.6587	119.3208	  1.8090
 19.5211	131.4625	  9.6243	118.3292	  1.8090
 19.5336	131.2625	  9.6283	119.4875	  1.8081
 19.5224	131.3458	  9.6339	119.5333	  1.8083
 19.5181	131.0750	  9.6465	119.2375	  1.8090
 19.5140	130.9833	  9.6579	118.6333	  1.8093
 19.5349	131.6208	  9.6397	118.9292	  1.8083
 19.5255	131.7583	  9.6504	118.6542	  1.8089
 19.5238	131.1250	  9.6408	118.6333	  1.8090
 19.5266	131.5583	  9.6488	119.8375	  1.8090
 19.5215	130.6125	  9.6212	118.5833	  1.8086
 19.5337	131.1500	  9.6450	119.3583	  1.8092
 19.5423	131.4542	  9.6213	118.5583	  1.8084
 19.5296	131.0500	  9.6597	118.8125	  1.8086
 19.5222	131.2917	  9.6552	119.0083	  1.8085
 19.5520	131.2833	  9.6582	118.9708	  1.8086
 19.5221	130.7583	  9.6323	118.8167	  1.8091
 19.5255	131.2125	  9.6261	118.8750	  1.8086
 19.5250	131.1500	  9.6351	119.1958	  1.8085
 19.5281	131.5958	  9.6608	118.7208	  1.8090
 19.5264	131.4667	  9.6370	118.8292	  1.8091
 19.5426	131.8625	  9.6768	118.9333	  1.8092
 19.5242	131.1458	  9.6602	119.0083	  1.8089
 19.5287	131.1792	  9.6349	118.7917	  1.8089
 19.5275	131.7958	  9.6498	119.1250	  1.8086
 19.5141	131.4167	  9.6529	119.3625	  1.8088
 19.5181	131.3708	  9.6439	119.0875	  1.8094
 19.5137	131.2958	  9.6410	118.5708	  1.8085
 19.5147	131.3458	  9.6419	119.1958	  1.8089
 19.5457	131.1250	  9.6438	119.4208	  1.8098
 19.5431	130.8667	  9.6480	119.5667	  1.8094
 19.5110	131.5333	  9.6455	118.8583	  1.8085
 19.5251	131.1333	  9.6456	119.2375	  1.8083
 19.5267	131.5792	  9.6333	118.8375	  1.8088
 19.5248	131.0958	  9.6526	119.1792	  1.8088
 19.5301	130.9708	  9.6562	119.0333	  1.8089
 19.5384	131.2792	  9.6580	119.0208	  1.8090
 19.5310	131.3000	  9.6545	118.4167	  1.8088
 19.5161	131.4750	  9.6429	118.7292	  1.8087
 19.5349	131.3875	  9.6514	118.7000	  1.8087
 19.5254	130.9833	  9.6345	118.7708	  1.8092
 19.5305	131.4417	  9.6688	119.2417	  1.8086
 19.5406	131.0875	  9.6582	119.3958	  1.8090
 19.5396	130.9833	  9.6454	119.4792	  1.8085
 19.5264	131.1667	  9.6581	118.9917	  1.8084
 19.5189	131.2000	  9.6464	119.0208	  1.8085
 19.5131	130.9500	  9.6454	119.0917	  1.8083
 19.5222	131.1083	  9.6713	118.4667	  1.8089
 19.5215	131.5708	  9.6430	118.9375	  1.8079
 19.5161	130.7292	  9.6452	118.5667	  1.8090
 19.5222	131.3833	  9.6356	118.6417	  1.8092
 19.5370	131.2125	  9.6264	118.8833	  1.8089
 19.5277	131.1667	  9.6325	119.1167	  1.8091
 19.5302	131.7417	  9.6570	118.7000	  1.8086
 19.5422	130.6333	  9.6468	118.3375	  1.8086
 19.5396	131.5958	  9.6485	118.8083	  1.8093
 19.5273	131.3625	  9.6587	119.1125	  1.8087
 19.5107	131.8292	  9.6181	119.2542	  1.8093
 19.5228	130.9333	  9.6336	119.3042	  1.8086
 19.5250	131.2208	  9.6523	119.2583	  1.8085
 19.5198	131.5292	  9.6720	119.0417	  1.8093
 19.4983	131.3167	  9.6525	118.5583	  1.8091
 19.5311	131.3667	  9.6404	119.0625	  1.8088
 19.5188	131.5417	  9.6540	118.4292	  1.8090
 19.5061	131.3708	  9.6481	119.0000	  1.8090
 19.5097	131.1583	  9.6431	118.7542	  1.8084
 19.5210	131.0000	  9.6569	118.4208	  1.8089
 19.5290	131.7792	  9.6661	118.7667	  1.8089
 19.5126	131.6917	  9.6614	118.5542	  1.8089
 19.5423	131.5167	  9.6535	119.3917	  1.8087
 19.5221	131.7708	  9.6352	118.6333	  1.8094
 19.5207	131.2917	  9.6723	118.6625	  1.8092
 19.5364	131.3917	  9.6565	118.9542	  1.8085
 19.5338	131.4667	  9.6443	119.3417	  1.8086
 19.5325	131.2417	  9.6485	118.8792	  1.8094
 19.5215	131.2167	  9.6518	118.6667	  1.8092
 19.5195	130.4167	  9.6525	119.5208	  1.8088
 19.5095	131.6000	  9.6542	118.6000	  1.8087
 19.5277	131.8667	  9.6440	119.1000	  1.8093
 19.5349	131.1375	  9.6569	119.2542	  1.8085
 19.5151	131.7167	  9.6344	119.2000	  1.8087
 19.5387	130.4958	  9.6400	119.1458	  1.8092
 19.5214	132.0042	  9.6413	119.0583	  1.8095
 19.5341	131.0625	  9.6386	118.0875	  1.8088
 19.5300	131.6958	  9.6704	118.7792	  1.8087
 19.5105	131.3208	  9.6281	118.9083	  1.8092
 19.5421	131.3875	  9.6486	119.9292	  1.8084
 19.5239	131.1125	  9.6311	118.9375	  1.8085
 19.5191	131.4125	  9.6495	118.7083	  1.8091
 19.5204	131.8292	  9.6212	119.4292	  1.8094
 19.5350	131.2958	  9.6614	118.7625	  1.8089
 19.5173	131.5667	  9.6441	119.7542	  1.8089
 19.5176	131.3125	  9.6512	119.0875	  1.8086
 19.5255	130.4458	  9.6464	118.9250	  1.8085
 19.5343	130.9667	  9.6405	118.8500	  1.8080
 19.5388	130.8542	  9.6502	118.9958	  1.8088
 19.5186	131.1417	  9.6572	118.9792	  1.8087
 19.5431	131.1375	  9.6551	118.9917	  1.8084
 19.5589	131.2333	  9.6289	119.6375	  1.8089
 19.5200	131.7292	  9.6137	119.4583	  1.8080
 19.5253	131.5583	  9.6340	119.1333	  1.8085
 19.5323	131.3167	  9.6477	118.6583	  1.8094
 19.5207	131.1333	  9.6405	118.8917	  1.8086
 19.5312	131.2083	  9.6403	118.7958	  1.8094
 19.5356	131.9125	  9.6316	118.6333	  1.8089
 19.5377	131.3542	  9.6712	119.0792	  1.8082
 19.5104	131.0958	  9.6426	118.3417	  1.8091
 19.5188	131.3500	  9.6522	119.6458	  1.8086
 19.5236	130.5833	  9.6347	118.7875	  1.8090
 19.5446	131.0750	  9.6547	118.8042	  1.8083
 19.5255	131.1542	  9.6518	118.7250	  1.8087
 19.5242	130.6833	  9.6562	118.6000	  1.8089
 19.5237	131.2708	  9.6636	118.7792	  1.8087
 19.5128	131.3500	  9.6437	119.5125	  1.8088
 19.5335	131.2583	  9.6534	118.9625	  1.8090
 19.5351	130.7542	  9.6600	118.9958	  1.8084
 19.5273	130.8500	  9.6501	119.1417	  1.8094
 19.5320	131.7083	  9.6507	118.9292	  1.8082
 19.5527	131.2292	  9.6547	118.7250	  1.8092
 19.5219	131.4583	  9.6575	118.8167	  1.8092
 19.5256	131.2958	  9.6302	119.6625	  1.8091
 19.5199	131.7833	  9.6532	118.9625	  1.8086
 19.5310	130.9208	  9.6563	119.1583	  1.8090
 19.5333	130.9292	  9.6529	119.2083	  1.8087
 19.5255	132.0333	  9.6409	119.6250	  1.8086
 19.5400	131.1875	  9.6547	118.8750	  1.8086
 19.5490	131.7000	  9.6511	119.1833	  1.8087
 19.5155	132.0708	  9.6499	118.9292	  1.8085
 19.5188	131.3833	  9.6447	119.3125	  1.8088
 19.5278	131.4208	  9.6379	118.7000	  1.8081
 19.5264	131.9292	  9.6560	119.2375	  1.8088
 19.5240	131.3208	  9.6526	119.0500	  1.8088
 19.5224	131.1625	  9.6429	118.7500	  1.8091
 19.5050	131.2417	  9.6626	119.0625	  1.8089
 19.5212	130.8083	  9.6265	118.9708	  1.8089
 19.5448	130.8083	  9.6490	119.5708	  1.8091
 19.5157	131.1292	  9.6573	118.6625	  1.8086
 19.5176	131.2000	  9.6565	119.1583	  1.8086
 19.5106	131.7958	  9.6526	119.1292	  1.8085
 19.5168	131.2875	  9.6259	118.9292	  1.8089
 19.5015	130.9417	  9.6343	118.6458	  1.8085
 19.5123	131.0375	  9.6693	119.0042	  1.8089
 19.5096	131.3250	  9.6486	118.9042	  1.8092
 19.5272	131.7750	  9.6476	118.7375	  1.8093
 19.5158	131.4792	  9.6529	118.8208	  1.8080
 19.5274	130.5833	  9.6425	118.6458	  1.8087
 19.5372	131.7708	  9.6496	119.3167	  1.8087
 19.5324	131.7583	  9.6406	119.1833	  1.8090
 19.5339	131.2500	  9.6302	118.5500	  1.8086
 19.5228	131.3750	  9.6446	118.8125	  1.8087
 19.5298	131.6375	  9.6381	119.0792	  1.8090
 19.5387	130.8792	  9.6672	119.0208	  1.8086
 19.5361	131.0667	  9.6508	118.5875	  1.8085
 19.5397	130.7625	  9.6499	118.7250	  1.8090
 19.5250	131.1417	  9.6356	119.0500	  1.8088
 19.5129	131.4958	  9.6318	118.8625	  1.8086
 19.5242	131.2083	  9.6588	118.4000	  1.8083
 19.5187	131.6458	  9.6480	118.7750	  1.8089
 19.5230	131.2792	  9.6366	119.1667	  1.8083
 19.5295	131.5417	  9.6398	119.1792	  1.8088
 19.5387	131.0583	  9.6483	119.1500	  1.8083
 19.5355	131.0000	  9.6469	118.8458	  1.8086
 19.5294	131.2458	  9.6437	118.3958	  1.8087
 19.5271	131.8833	  9.6480	119.6333	  1.8086
 19.5360	131.6833	  9.6443	118.8500	  1.8085
 19.5289	131.2625	  9.6489	119.4625	  1.8094
 19.5341	131.1542	  9.6371	118.6542	  1.8089
 19.5425	131.8292	  9.6634	118.9917	  1.8082
 19.5396	131.4792	  9.6432	119.1917	  1.8088
 19.5390	131.4792	  9.6338	119.0292	  1.8092
 19.5302	131.3250	  9.6424	118.8667	  1.8087
 19.5225	130.7792	  9.6440	118.9500	  1.8083
 19.5270	130.8208	  9.6540	118.9667	  1.8089
 19.5219	131.1167	  9.6642	118.2875	  1.8091
 19.5098	131.5875	  9.6456	118.8125	  1.8083
 19.5362	130.9917	  9.6267	118.7333	  1.8092
 19.5163	131.7583	  9.6560	118.6875	  1.8090
 19.5233	131.1292	  9.6397	118.6917	  1.8086
 19.5360	131.1083	  9.6605	119.2292	  1.8082
 19.5223	131.4417	  9.6328	119.1833	  1.8086
 19.5325	131.6417	  9.6231	118.7750	  1.8086
 19.5255	130.9333	  9.6282	119.4583	  1.8091
 19.5154	131.4000	  9.6480	118.5042	  1.8085
 19.5263	131.1042	  9.6256	119.1708	  1.8084
 19.5400	131.1958	  9.6631	118.5333	  1.8097
 19.5228	131.2667	  9.6539	119.1458	  1.8088
 19.5198	131.7333	  9.6685	119.1500	  1.8087
 19.5223	131.4125	  9.6471	118.8083	  1.8093
 19.5278	131.5917	  9.6569	118.6667	  1.8094
 19.5267	131.3583	  9.6475	119.0625	  1.8093
 19.5264	131.0958	  9.6402	118.7583	  1.8086
 19.5364	130.9292	  9.6583	118.7792	  1.8092
 19.5298	131.9833	  9.6383	118.8083	  1.8086
 19.5205	131.4625	  9.6480	119.2458	  1.8091
 19.5257	131.4458	  9.6634	118.3958	  1.8086
 19.5187	131.1917	  9.6503	119.0375	  1.8080
 19.5220	131.2625	  9.6397	119.7042	  1.8089
 19.5089	131.0917	  9.6637	119.3333	  1.8088
 19.5279	131.2500	  9.6586	118.3958	  1.8090
 19.5351	131.0167	  9.6425	118.8625	  1.8085
 19.5130	131.1583	  9.6476	119.3958	  1.8090
 19.5351	131.7375	  9.6539	119.2083	  1.8088
 19.5266	131.0583	  9.6414	118.7500	  1.8078
 19.5308	131.1375	  9.6416	119.2667	  1.8084
 19.5212	131.9042	  9.6340	118.9958	  1.8086
 19.5233	130.9125	  9.6330	118.6875	  1.8091
 19.5189	131.1167	  9.6593	119.3875	  1.8082
 19.5104	131.3625	  9.6408	119.4875	  1.8095
 19.5432	130.9667	  9.6562	119.0958	  1.8084
 19.5312	130.8167	  9.6416	118.7708	  1.8087
 19.5392	131.2833	  9.6432	118.8083	  1.8087
 19.5439	132.1250	  9.6578	119.0083	  1.8080
 19.5280	131.3042	  9.6585	118.9292	  1.8085
 19.5347	130.8208	  9.6418	119.4625	  1.8088
 19.5314	131.1583	  9.6443	119.1625	  1.8087
 19.5253	131.0625	  9.6644	119.1708	  1.8083
 19.5427	131.5250	  9.6575	118.9625	  1.8085
 19.5454	131.6292	  9.6536	119.0875	  1.8089
 19.5366	131.3042	  9.6615	118.8833	  1.8083
 19.5321	130.7917	  9.6364	118.7000	  1.8085
 19.5377	130.6917	  9.6458	118.2708	  1.8087
 19.5205	131.5000	  9.6497	118.7750	  1.8079
 19.5355	131.2667	  9.6574	119.5250	  1.8085
 19.5465	131.0083	  9.6468	119.3458	  1.8087
 19.5181	130.9375	  9.6343	118.8125	  1.8085
 19.5236	131.8375	  9.6354	119.5208	  1.8089
 19.5273	131.0958	  9.6473	119.2208	  1.8091
 19.5218	131.4250	  9.6434	118.7292	  1.8090
 19.5441	131.3500	  9.6330	119.0208	  1.8091
 19.5207	131.2667	  9.6479	118.9917	  1.8083
 19.5323	131.0625	  9.6458	118.8208	  1.8086
 19.5267	131.2333	  9.6652	119.2958	  1.8088
 19.5411	131.5250	  9.6377	118.6292	  1.8086
 19.5250	131.1000	  9.6428	118.8000	  1.8091
 19.5400	131.5708	  9.6456	118.6750	  1.8087
 19.5222	130.5208	  9.6430	118.9417	  1.8079
 19.5263	131.4333	  9.6384	118.7833	  1.8087
 19.5311	131.3458	  9.6592	119.0500	  1.8083
 19.5409	131.8083	  9.6584	118.8667	  1.8086
 19.5080	131.5667	  9.6487	119.4375	  1.8082
 19.5331	131.5750	  9.6307	118.2125	  1.8089
 19.5162	131.1792	  9.6432	119.2042	  1.8089
 19.5076	131.3083	  9.6721	119.0042	  1.8085
 19.5048	131.5667	  9.6464	119.1750	  1.8085
 19.5394	131.6500	  9.6396	118.9292	  1.8086
 19.5376	130.8958	  9.6341	119.7750	  1.8081
 19.5018	131.7458	  9.6554	118.8167	  1.8089
 19.5187	131.4375	  9.6413	118.5458	  1.8086
 19.5103	131.4917	  9.6339	118.6458	  1.8088
 19.5149	131.2125	  9.6196	119.0708	  1.8086
 19.5163	131.4667	  9.6415	119.0708	  1.8085
 19.5235	131.2833	  9.6481	119.7083	  1.8084
 19.5197	131.3292	  9.6424	118.4333	  1.8087
 19.5310	131.1958	  9.6433	119.0583	  1.8086
 19.5281	131.1167	  9.6469	119.2208	  1.8087
 19.5258	131.3333	  9.6380	119.5000	  1.8083
 19.5151	131.5583	  9.6359	118.7042	  1.8093
 19.5450	131.2333	  9.6389	117.4583	  1.8087
 19.5307	130.6250	  9.6431	118.5917	  1.8087
 19.5176	131.6625	  9.6513	118.8792	  1.8090
 19.5347	130.7375	  9.6239	118.6875	  1.8085
 19.5353	130.8250	  9.6495	118.7000	  1.8092
 19.5401	131.7083	  9.6533	119.2042	  1.8085
 19.5309	131.0875	  9.6315	118.8250	  1.8090
 19.5450	131.5333	  9.6655	119.3083	  1.8085
 19.5173	131.4167	  9.6461	119.1375	  1.8084
 19.5224	130.7333	  9.6525	118.1208	  1.8083
 19.5249	131.2000	  9.6576	119.3000	  1.8094
 19.5402	131.1917	  9.6416	119.0750	  1.8087
 19.5264	131.2250	  9.6438	118.7458	  1.8084
 19.5171	131.0625	  9.6554	118.8750	  1.8092
 19.5156	131.6958	  9.6409	119.2000	  1.8087
 19.5385	131.4917	  9.6549	118.6167	  1.8085
 19.5304	131.2750	  9.6536	119.1000	  1.8087
 19.5199	131.8792	  9.6361	120.0750	  1.8090
 19.5359	131.8958	  9.6465	119.7083	  1.8089
 19.5367	130.6875	  9.6538	119.4125	  1.8087
 19.5237	131.9583	  9.6638	119.4542	  1.8085
 19.5388	131.0750	  9.6356	118.3917	  1.8087
 19.5055	132.2208	  9.6472	118.5042	  1.8084
 19.5251	131.0458	  9.6529	119.2167	  1.8085
 19.5296	131.1750	  9.6472	119.4500	  1.8088
 19.5340	131.0625	  9.6350	119.3292	  1.8091
 19.5203	130.9583	  9.6222	119.4042	  1.8090
 19.5241	131.5167	  9.6524	119.0417	  1.8088
 19.5287	130.9667	  9.6372	118.5917	  1.8086
 19.5303	131.5625	  9.6313	119.3125	  1.8083
 19.5228	131.1125	  9.6494	118.5417	  1.8094
 19.5231	131.1500	  9.6443	118.6958	  1.8085
 19.5340	131.4375	  9.6336	118.9125	  1.8084
 19.5051	131.4625	  9.6389	119.5333	  1.8089
 19.5255	131.6583	  9.6442	119.1000	  1.8087
 19.5377	131.6167	  9.6772	119.2417	  1.8088
 19.5275	131.5833	  9.6417	119.1833	  1.8085
 19.5199	130.7125	  9.6405	118.5792	  1.8090
 19.5233	131.0875	  9.6300	118.3417	  1.8090
 19.5190	130.9917	  9.6419	119.2708	  1.8087
 19.5336	131.6208	  9.6387	118.9250	  1.8088
 19.5132	130.6250	  9.6373	119.1042	  1.8085
 19.5127	131.6708	  9.6411	119.5375	  1.8087
 19.5249	131.3875	  9.6534	119.2500	  1.8084
 19.5396	131.3875	  9.6463	118.9167	  1.8087
 19.5232	131.2625	  9.6247	118.1833	  1.8082
 19.5232	130.7167	  9.6344	118.5292	  1.8086
 19.5313	130.7708	  9.6271	118.8292	  1.8085
 19.5325	131.6542	  9.6360	118.7458	  1.8088
 19.5390	131.6875	  9.6465	119.1333	  1.8091
 19.5408	131.1125	  9.6437	119.3250	  1.8083
 19.5344	131.0083	  9.6430	118.9458	  1.8090
 19.5305	131.8542	  9.6437	118.5083	  1.8086
 19.5269	130.9458	  9.6292	118.6833	  1.8084
 19.5363	131.1542	  9.6536	118.3875	  1.8082
 19.5282	131.4833	  9.6486	118.9792	  1.8088
 19.5290	131.6708	  9.6576	119.0542	  1.8086
 19.5299	131.1792	  9.6419	118.8125	  1.8086
 19.5209	131.1458	  9.6449	119.0292	  1.8087
 19.5152	132.1083	  9.6689	118.8500	  1.8091
 19.5386	130.9792	  9.6302	118.9208	  1.8090
 19.5341	130.7542	  9.6242	118.9333	  1.8078
 19.5224	131.4042	  9.6364	118.9417	  1.8084
 19.5283	130.6708	  9.6315	119.4875	  1.8091
 19.5276	131.4000	  9.6537	118.8958	  1.8087
 19.5178	131.7375	  9.6660	119.6208	  1.8086
 19.5335	131.1583	  9.6434	119.2833	  1.8087
 19.5256	131.6750	  9.6392	118.7042	  1.8089
 19.5055	131.5333	  9.6582	119.2375	  1.8084
 19.5379	131.4000	  9.6400	118.6333	  1.8085
 19.5339	131.3833	  9.6371	118.8667	  1.8089
 19.5324	130.8542	  9.6451	119.0333	  1.8083
 19.5343	130.9583	  9.6393	118.3333	  1.8091
 19.5160	131.1708	  9.6622	118.7875	  1.8088
 19.5223	130.7667	  9.6444	118.6375	  1.8080
 19.5372	131.2667	  9.6500	119.1042	  1.8093
 19.5336	131.9083	  9.6422	118.8833	  1.8087
 19.5362	131.1458	  9.6452	119.2167	  1.8083
 19.5266	131.5375	  9.6691	119.4292	  1.8084
 19.5227	131.4542	  9.6348	119.2333	  1.8084
 19.5237	131.5375	  9.6458	119.0000	  1.8085
 19.5386	131.0542	  9.6364	118.5958	  1.8089
 19.5228	131.2250	  9.6566	119.2250	  1.8084
 19.5218	130.9250	  9.6559	119.3667	  1.8084
 19.5244	130.8417	  9.6281	119.2292	  1.8087
 19.5385	130.9833	  9.6443	118.8292	  1.8087
 19.5440	130.9792	  9.6521	118.9083	  1.8088
 19.5184	131.5958	  9.6435	118.4625	  1.8084
 19.5424	130.7458	  9.6490	119.2750	  1.8084
 19.5169	131.3417	  9.6338	118.1667	  1.8085
 19.5284	131.4208	  9.6256	119.0375	  1.8089
 19.5234	131.7417	  9.6395	118.9000	  1.8089
 19.5257	131.2958	  9.6567	118.5917	  1.8084
 19.5219	130.8333	  9.6602	118.7875	  1.8088
 19.5339	131.4625	  9.6516	119.2125	  1.8083
 19.5175	131.2250	  9.6613	118.7167	  1.8089
 19.5440	131.0708	  9.6428	118.8875	  1.8091
 19.5509	131.2542	  9.6445	118.8792	  1.8090
 19.5216	131.0625	  9.6532	118.8500	  1.8084
 19.5181	131.0167	  9.6571	118.3042	  1.8085
 19.5363	131.0125	  9.6339	118.5292	  1.8087
 19.5359	131.3542	  9.6567	119.3292	  1.8086
 19.5233	130.8250	  9.6305	118.6917	  1.8085
 19.5150	131.1958	  9.6551	118.8750	  1.8087
 19.5071	131.0958	  9.6534	118.8500	  1.8083
 19.5381	130.8708	  9.6468	119.7458	  1.8085
 19.5280	131.3917	  9.6618	119.4250	  1.8087
 19.5238	130.8792	  9.6426	118.9250	  1.8091
 19.5372	130.7042	  9.6359	118.7667	  1.8093
 19.5207	131.1667	  9.6437	118.9500	  1.8087
 19.5317	131.1208	  9.6476	119.0875	  1.8083
 19.5154	131.0542	  9.6523	119.2500	  1.8083
 19.5368	131.2167	  9.6513	118.9292	  1.8093
 19.5258	131.1750	  9.6423	119.1750	  1.8089
 19.5334	131.7625	  9.6703	118.9583	  1.8083
 19.5311	131.5375	  9.6474	118.5167	  1.8084
 19.5207	131.4875	  9.6635	118.6875	  1.8084
 19.5427	131.3792	  9.6559	118.9083	  1.8086
 19.5253	130.8917	  9.6553	117.9917	  1.8086
 19.5447	131.0208	  9.6374	118.9958	  1.8083
 19.5303	130.8875	  9.6503	118.8000	  1.8090
 19.5373	131.3417	  9.6518	118.8958	  1.8088
 19.5482	131.4708	  9.6534	118.8708	  1.8084
 19.5068	131.3208	  9.6529	118.7500	  1.8088
 19.5115	131.4500	  9.6390	119.0125	  1.8090
 19.5155	130.9458	  9.6587	119.1667	  1.8088
 19.5183	131.8000	  9.6476	119.0000	  1.8078
 19.5262	131.0042	  9.6485	118.7375	  1.8083
 19.5244	131.4000	  9.6501	119.4208	  1.8089
 19.5361	131.1167	  9.6267	119.2583	  1.8091
 19.5151	131.4375	  9.6509	118.5042	  1.8085
 19.5163	131.4833	  9.6338	118.7917	  1.8082
 19.5292	131.3042	  9.6518	118.8917	  1.8088
 19.5304	130.9250	  9.6597	119.3125	  1.8087
 19.5374	131.3667	  9.6715	118.4625	  1.8084
 19.5248	131.7500	  9.6396	119.2750	  1.8086
 19.5421	130.7167	  9.6331	119.1875	  1.8087
 19.5312	131.2500	  9.6705	118.6167	  1.8090
 19.5253	131.1708	  9.6376	119.1208	  1.8078
 19.5170	130.9292	  9.6117	118.8625	  1.8087
 19.5278	131.3875	  9.6487	119.0542	  1.8084
 19.5352	130.8667	  9.6536	118.5792	  1.8085
 19.5229	131.1208	  9.6392	118.9542	  1.8087
 19.5225	131.3542	  9.6423	119.4000	  1.8082
 19.5264	132.2458	  9.6364	119.3000	  1.8089
 19.5205	131.4875	  9.6320	118.5250	  1.8085
 19.5258	131.3542	  9.6282	118.4458	  1.8085
 19.5285	131.1792	  9.6457	119.0417	  1.8086
 19.5341	130.9208	  9.6401	118.8208	  1.8087
 19.5245	131.4750	  9.6600	119.5167	  1.8082
 19.5175	130.9917	  9.6454	119.1292	  1.8087
 19.5297	131.4458	  9.6341	119.1958	  1.8091
 19.5070	130.6583	  9.6504	119.3667	  1.8083
 19.5181	131.4333	  9.6661	118.9583	  1.8083
 19.5158	131.2792	  9.6444	119.5250	  1.8090
 19.5176	131.1417	  9.6363	119.5750	  1.8082
 19.5233	130.6333	  9.6597	118.7208	  1.8084
 19.5080	131.4375	  9.6373	118.6833	  1.8088
 19.5410	131.8375	  9.6411	118.7083	  1.8083
 19.5321	130.9125	  9.6488	118.6958	  1.8090
 19.5312	130.9292	  9.6469	118.4792	  1.8085
 19.5458	131.2042	  9.6606	118.5125	  1.8090
 19.5465	131.6083	  9.6529	119.3833	  1.8085
 19.5191	131.2375	  9.6460	118.6042	  1.8085
 19.5182	131.3792	  9.6449	118.8958	  1.8087
 19.5453	131.1042	  9.6425	118.5958	  1.8080
 19.5600	130.9083	  9.6564	118.9583	  1.8085
 19.5319	131.0333	  9.6409	118.8708	  1.8086
 19.5377	131.0125	  9.6523	118.8167	  1.8090
 19.5346	131.1250	  9.6667	119.1958	  1.8080
 19.5234	131.3500	  9.6594	118.4875	  1.8084
 19.5165	131.4333	  9.6562	118.9917	  1.8086
 19.5244	131.4708	  9.6283	118.7292	  1.8085
 19.5172	131.0083	  9.6382	119.0500	  1.8091
 19.5197	131.5542	  9.6632	118.9750	  1.8089
 19.5169	131.1292	  9.6556	119.2500	  1.8085
 19.5328	131.0167	  9.6333	119.1292	  1.8086
 19.5217	130.9917	  9.6550	119.3750	  1.8080
 19.5389	131.4125	  9.6584	119.1250	  1.8092
 19.5170	130.8667	  9.6274	118.7542	  1.8091
 19.5414	131.2458	  9.6411	119.2167	  1.8087
 19.5212	131.8958	  9.6339	118.8750	  1.8087
 19.5549	131.2542	  9.6451	118.8042	  1.8089
 19.5196	131.1000	  9.6598	119.0333	  1.8083
 19.5290	131.5000	  9.6660	118.9625	  1.8085
 19.5236	131.5792	  9.6617	119.5833	  1.8088
 19.5285	131.0625	  9.6413	119.0542	  1.8087
 19.5236	130.8875	  9.6512	119.8125	  1.8082
 19.5169	131.0542	  9.6553	118.9500	  1.8084
 19.5265	131.3875	  9.6432	119.0208	  1.8083
 19.5089	131.6958	  9.6334	118.3708	  1.8093
 19.5216	131.7250	  9.6474	118.9083	  1.8087
 19.5419	131.9125	  9.6697	119.0167	  1.8083
 19.5264	130.3333	  9.6504	119.0292	  1.8086
 19.5245	131.1667	  9.6403	118.8458	  1.8089
 19.5215	131.3083	  9.6524	118.6917	  1.8085
 19.5395	131.3000	  9.6478	118.8083	  1.8088
 19.5304	131.5250	  9.6481	118.6292	  1.8083
 19.5385	130.8208	  9.6512	119.1958	  1.8081
 19.5293	131.3708	  9.6233	119.0667	  1.8085
 19.5130	131.2125	  9.6608	119.4333	  1.8085
 19.5244	130.8667	  9.6444	118.6917	  1.8081
 19.5359	131.7083	  9.6374	118.9625	  1.8086
 19.5430	131.1250	  9.6328	118.1708	  1.8085
 19.5343	130.6708	  9.6562	118.6500	  1.8083
 19.5256	131.1333	  9.6478	119.3458	  1.8080
 19.5344	131.1042	  9.6200	118.8042	  1.8091
 19.5437	131.1167	  9.6470	119.1125	  1.8092
 19.5461	131.3958	  9.6528	118.8458	  1.8086
 19.5382	131.0417	  9.6558	119.3500	  1.8085
 19.5305	130.9708	  9.6407	118.4292	  1.8088
 19.5317	131.0833	  9.6558	119.5958	  1.8084
 19.5307	131.2250	  9.6701	118.6000	  1.8086
 19.5127	131.4458	  9.6515	119.1500	  1.8090
 19.5310	131.3083	  9.6605	118.9458	  1.8089
 19.5469	131.3333	  9.6425	118.0500	  1.8089
 19.5301	131.1250	  9.6316	119.4208	  1.8091
 19.5117	131.1500	  9.6327	118.3333	  1.8091
 19.5272	131.8292	  9.6335	119.3417	  1.8084
 19.5228	131.7750	  9.6625	119.4583	  1.8081
 19.5341	131.0542	  9.6524	118.5375	  1.8081
 19.5157	131.3625	  9.6516	118.8125	  1.8082
 19.5374	131.8917	  9.6635	118.1583	  1.8090
 19.5396	131.0167	  9.6397	118.2375	  1.8082
 19.5202	131.2125	  9.6487	118.5625	  1.8089
 19.5264	131.2542	  9.6495	119.3500	  1.8089
 19.5298	131.2542	  9.6553	118.7333	  1.8085
 19.5353	131.1833	  9.6468	118.8292	  1.8088
 19.5365	131.3625	  9.6427	119.1000	  1.8087
 19.5265	131.6833	  9.6477	119.3958	  1.8091
 19.5212	131.2292	  9.6366	118.4833	  1.8089
 19.5290	131.6958	  9.6483	119.6750	  1.8082
 19.5206	131.0375	  9.6360	119.6167	  1.8082
 19.5158	131.0750	  9.6289	118.6792	  1.8087
 19.5261	131.1917	  9.6380	118.6500	  1.8085
 19.5351	131.2125	  9.6531	118.8125	  1.8091
 19.5304	131.1417	  9.6346	119.2500	  1.8087
 19.5322	131.3625	  9.6412	119.0375	  1.8090
 19.5291	131.2250	  9.6505	118.9250	  1.8081
 19.5301	131.3250	  9.6510	119.1458	  1.8096
 19.5153	130.8417	  9.6387	119.2375	  1.8088
 19.5385	131.1917	  9.6438	118.8833	  1.8085
 19.5094	131.4333	  9.6537	119.1125	  1.8087
 19.5247	131.2667	  9.6485	119.1542	  1.8080
 19.5275	130.9500	  9.6386	118.7750	  1.8086
 19.5377	131.7417	  9.6497	118.8250	  1.8085
 19.5309	130.9833	  9.6489	118.3417	  1.8089
 19.5267	131.3500	  9.6380	118.4917	  1.8088
 19.5147	131.5083	  9.6380	118.9333	  1.8090
 19.5458	131.4708	  9.6286	118.9417	  1.8088
 19.5380	131.1958	  9.6500	118.7750	  1.8088
 19.5305	131.1500	  9.6462	118.4750	  1.8080
 19.5240	131.4667	  9.6478	119.0792	  1.8077
 19.5338	131.2583	  9.6536	118.1625	  1.8084
 19.5379	131.1667	  9.6504	118.7500	  1.8084
 19.5378	131.0125	  9.6420	118.3500	  1.8088
 19.5175	131.2167	  9.6432	118.8833	  1.8080
 19.5340	131.4625	  9.6295	119.1708	  1.8087
 19.5359	131.0292	  9.6676	118.9958	  1.8084
 19.5187	131.4333	  9.6681	118.9500	  1.8083
 19.5353	131.1875	  9.6287	118.4333	  1.8085
 19.5181	130.9875	  9.6425	118.9208	  1.8086
 19.5305	131.3250	  9.6480	118.7750	  1.8086
 19.5455	131.2625	  9.6534	118.9500	  1.8087
 19.5345	131.6458	  9.6440	119.8000	  1.8086
 19.5456	131.5917	  9.6572	118.8542	  1.8089
 19.5253	131.7625	  9.6480	118.2542	  1.8086
 19.5355	131.6750	  9.6466	118.7708	  1.8084
 19.5313	130.8292	  9.6338	119.0167	  1.8079
 19.5379	131.2833	  9.6478	119.2042	  1.8089
 19.5206	131.4833	  9.6454	118.8708	  1.8081
 19.5306	131.6042	  9.6629	119.1583	  1.8089
 19.5193	131.2625	  9.6398	119.0417	  1.8088
 19.5473	131.1042	  9.6498	118.8875	  1.8081
 19.5354	131.2750	  9.6333	118.9458	  1.8083
 19.5246	131.6667	  9.6620	118.3625	  1.8087
 19.5197	130.9875	  9.6499	118.9792	  1.8090
 19.5169	131.0833	  9.6421	118.7583	  1.8084
 19.5246	130.9750	  9.6589	119.0500	  1.8081
 19.5085	131.3917	  9.6493	119.2250	  1.8087
 19.5417	131.3750	  9.6526	118.9417	  1.8082
 19.5324	131.1083	  9.6587	118.8458	  1.8085
 19.5387	131.2167	  9.6470	118.9583	  1.8087
 19.5256	131.1333	  9.6355	118.6542	  1.8082
 19.5219	131.2042	  9.6375	118.7125	  1.8085
 19.5095	131.0792	  9.6179	118.8000	  1.8083
 19.5119	131.8458	  9.6349	119.7083	  1.8085
 19.5224	131.8708	  9.6310	118.7500	  1.8089
 19.5133	130.9375	  9.6488	119.1542	  1.8083
 19.5369	131.1208	  9.6630	118.9292	  1.8092
 19.5358	131.1417	  9.6573	118.1417	  1.8088
 19.5391	131.1417	  9.6346	118.9042	  1.8081
 19.5320	130.8375	  9.6587	119.3458	  1.8085
 19.5286	131.3667	  9.6494	119.2750	  1.8087
 19.5317	131.1375	  9.6577	119.1458	  1.8082
 19.5376	130.7792	  9.6496	118.9375	  1.8085
 19.5292	131.4292	  9.6431	118.7375	  1.8083
 19.5382	131.3917	  9.6729	118.3542	  1.8090
 19.5283	131.2792	  9.6408	118.7375	  1.8080
 19.5206	131.2417	  9.6445	118.8500	  1.8085
 19.5334	131.7292	  9.6437	118.6833	  1.8087
 19.5412	131.2333	  9.6413	118.7958	  1.8090
 19.5423	130.8417	  9.6431	119.5958	  1.8088
 19.5186	131.7875	  9.6505	119.0125	  1.8088
 19.5206	131.2792	  9.6404	118.7958	  1.8084
 19.5242	131.2917	  9.6266	118.8625	  1.8083
 19.5098	130.9542	  9.6574	118.6333	  1.8083
 19.5393	132.1542	  9.6577	119.5417	  1.8084
 19.5114	131.6667	  9.6498	118.9375	  1.8088
 19.5200	131.1750	  9.6534	119.7708	  1.8084
 19.5145	131.3958	  9.6500	119.3000	  1.8087
 19.5272	131.3083	  9.6378	119.0417	  1.8085
 19.5324	131.3958	  9.6356	118.9167	  1.8086
 19.5272	131.3792	  9.6432	118.8958	  1.8083
 19.5402	131.1583	  9.6573	118.5792	  1.8083
 19.5203	130.8375	  9.6541	119.7958	  1.8086
 19.5261	131.1083	  9.6442	118.9125	  1.8088
 19.5156	131.1000	  9.6562	118.5042	  1.8086
 19.5107	130.8583	  9.6648	119.0917	  1.8084
 19.5281	131.4000	  9.6542	118.3917	  1.8080
 19.5225	131.5167	  9.6412	118.9958	  1.8081
 19.5221	131.5375	  9.6285	119.4083	  1.8081
 19.5257	131.3125	  9.6541	119.4417	  1.8090
 19.5211	131.4000	  9.6538	118.8458	  1.8080
 19.5317	130.8542	  9.6422	119.0708	  1.8084
 19.5308	131.5000	  9.6693	119.0750	  1.8086
 19.5479	131.2875	  9.6433	118.1083	  1.8089
 19.5219	131.2958	  9.6490	118.9667	  1.8087
 19.5313	131.6917	  9.6365	118.8333	  1.8085
 19.5254	130.7917	  9.6482	119.3208	  1.8088
 19.5406	131.6250	  9.6473	118.8500	  1.8083
 19.5348	131.5292	  9.6560	118.8875	  1.8084
 19.5303	130.9250	  9.6571	119.0292	  1.8082
 19.5239	131.0083	  9.6427	118.8417	  1.8089
 19.5223	131.0667	  9.6668	119.3792	  1.8086
 19.5384	131.7417	  9.6551	118.9375	  1.8085
 19.5382	131.3167	  9.6530	118.6833	  1.8083
 19.5375	131.2667	  9.6512	118.8333	  1.8087
 19.5473	131.0917	  9.6501	118.9042	  1.8092
 19.5317	131.2958	  9.6559	119.3292	  1.8085
 19.5431	131.3292	  9.6426	119.0583	  1.8088
 19.5223	131.6750	  9.6464	119.3292	  1.8087
 19.5117	131.0125	  9.6526	118.9625	  1.8088
 19.5188	131.1958	  9.6466	118.9750	  1.8087
 19.5179	131.2458	  9.6238	119.3333	  1.8084
 19.5353	130.2917	  9.6327	118.7583	  1.8085
 19.5316	130.5750	  9.6423	119.2375	  1.8084
 19.5214	131.0583	  9.6392	118.7000	  1.8088
 19.5366	131.5250	  9.6445	118.8750	  1.8086
 19.5237	131.0833	  9.6296	118.5917	  1.8084
 19.5435	130.7708	  9.6293	119.2167	  1.8085
 19.5308	131.5292	  9.6447	118.6708	  1.8085
 19.5407	131.3333	  9.6445	118.9750	  1.8087
 19.5367	131.3000	  9.6359	119.1333	  1.8086
 19.5339	131.3500	  9.6422	118.9958	  1.8091
 19.5335	131.7500	  9.6517	119.3625	  1.8084
 19.5370	131.4458	  9.6501	119.1083	  1.8079
 19.5359	131.1250	  9.6322	119.2500	  1.8089
 19.5309	131.2042	  9.6574	118.6875	  1.8085
 19.5247	131.3167	  9.6462	118.5417	  1.8085
 19.5213	130.9708	  9.6598	118.8667	  1.8086
 19.5185	131.2625	  9.6442	118.9833	  1.8084
 19.5277	131.3542	  9.6408	118.5625	  1.8084
 19.5265	130.8750	  9.6617	118.8542	  1.8085
 19.5247	130.7917	  9.6293	118.9375	  1.8086
 19.5145	131.1417	  9.6383	119.1167	  1.8085
 19.5278	131.6583	  9.6585	118.8042	  1.8084
 19.5343	131.5583	  9.6450	118.7792	  1.8087
 19.5196	131.1833	  9.6418	118.9292	  1.8084
 19.5185	131.1958	  9.6476	119.2000	  1.8087
 19.5335	131.2125	  9.6591	118.8542	  1.8083
 19.5331	130.6167	  9.6399	119.1250	  1.8084
 19.5214	131.6792	  9.6662	118.4625	  1.8083
 19.5061	130.9958	  9.6463	119.1792	  1.8083
 19.5347	131.2375	  9.6463	119.0625	  1.8086
 19.5309	130.6875	  9.6264	119.1792	  1.8090
 19.5331	131.2625	  9.6250	118.5583	  1.8088
 19.5463	131.6917	  9.6543	119.0500	  1.8084
 19.5323	131.0042	  9.6432	118.8958	  1.8091
 19.4971	131.3042	  9.6470	118.5750	  1.8080
 19.5223	131.3042	  9.6511	119.1583	  1.8077
 19.5463	131.4542	  9.6528	119.2667	  1.8085
 19.5354	131.2708	  9.6562	118.5292	  1.8085
 19.5244	131.8875	  9.6308	119.2042	  1.8088
 19.5236	131.1500	  9.6321	119.5000	  1.8089
 19.5228	131.3042	  9.6364	118.9292	  1.8079
 19.5505	131.4667	  9.6426	118.5583	  1.8085
 19.5355	130.9500	  9.6565	118.8792	  1.8085
 19.5227	131.2625	  9.6388	118.4333	  1.8083
 19.5184	131.4125	  9.6359	119.4083	  1.8090
 19.5263	131.1625	  9.6489	118.7042	  1.8087
 19.5362	131.5458	  9.6485	119.0333	  1.8084
 19.5240	131.2875	  9.6554	119.0083	  1.8083
 19.5196	131.3750	  9.6451	118.8583	  1.8085
 19.5245	131.3708	  9.6556	119.0250	  1.8083
 19.5273	131.5333	  9.6403	118.8333	  1.8082
 19.5206	131.9583	  9.6491	118.1708	  1.8085
 19.5197	131.4375	  9.6298	119.1917	  1.8082
 19.5162	130.9208	  9.6356	118.1542	  1.8089
 19.5260	131.5292	  9.6648	119.3875	  1.8084
 19.5304	131.4875	  9.6471	119.0542	  1.8083
 19.5163	131.1167	  9.6551	118.3208	  1.8091
 19.5295	131.1542	  9.6380	118.2250	  1.8083
 19.5252	131.2292	  9.6531	119.2208	  1.8082
 19.5371	131.7250	  9.6525	118.8708	  1.8090
 19.5252	131.3250	  9.6509	118.8458	  1.8081
 19.5438	131.1250	  9.6658	119.1083	  1.8082
 19.5196	131.4792	  9.6560	119.0208	  1.8085
 19.5415	131.7875	  9.6496	119.0750	  1.8087
 19.5376	130.2958	  9.6469	118.2833	  1.8085
 19.5292	131.6958	  9.6520	118.8708	  1.8082
 19.5350	131.2167	  9.6286	118.6542	  1.8090
 19.5281	130.7792	  9.6351	118.5458	  1.8085
 19.5455	131.2125	  9.6397	119.2750	  1.8082
 19.5359	131.6500	  9.6541	119.2250	  1.8082
 19.5161	131.4333	  9.6512	119.3875	  1.8085
 19.5334	131.6333	  9.6438	118.9417	  1.8088
 19.5292	130.8833	  9.6583	118.6917	  1.8083
 19.5191	131.3667	  9.6490	119.0083	  1.8082
 19.5225	130.8583	  9.6421	118.7542	  1.8083
 19.5371	131.2375	  9.6549	119.4417	  1.8090
 19.5173	131.2375	  9.6278	118.6083	  1.8089
 19.5201	131.6042	  9.6562	119.1792	  1.8087
 19.5320	131.5917	  9.6423	118.8333	  1.8090
 19.5099	131.3333	  9.6384	119.0958	  1.8086
 19.5456	131.1917	  9.6654	118.9333	  1.8083
 19.5300	131.4042	  9.6420	118.6458	  1.8085
 19.5220	130.6667	  9.6458	118.9083	  1.8084
 19.5403	131.5042	  9.6531	119.1667	  1.8083
 19.5286	131.2917	  9.6343	119.1208	  1.8079
 19.5194	131.1667	  9.6458	119.0250	  1.8082
 19.5358	131.8000	  9.6541	118.6167	  1.8086
 19.5472	131.0917	  9.6563	119.2833	  1.8082
 19.5196	131.3708	  9.6462	118.6917	  1.8085
 19.5265	130.7917	  9.6670	118.7417	  1.8086
 19.5389	131.4167	  9.6575	119.2750	  1.8086
 19.5176	131.2750	  9.6544	118.7167	  1.8091
 19.5284	130.4708	  9.6474	118.7250	  1.8085
 19.5188	130.5042	  9.6172	119.3417	  1.8084
 19.5354	131.4500	  9.6542	118.4292	  1.8082
 19.5134	131.3250	  9.6579	119.0833	  1.8081
 19.5328	130.9833	  9.6322	118.4625	  1.8086
 19.5338	131.5958	  9.6537	119.5083	  1.8083
 19.5293	131.8292	  9.6526	118.6417	  1.8089
 19.5346	131.0333	  9.6522	118.8417	  1.8086
 19.5398	130.7000	  9.6285	119.1208	  1.8086
 19.5222	131.3375	  9.6505	118.7333	  1.8087
 19.5169	131.7083	  9.6288	119.0792	  1.8085
 19.5240	131.2292	  9.6600	118.4958	  1.8077
 19.5215	131.1958	  9.6372	119.2875	  1.8087
 19.5326	131.1583	  9.6421	119.2708	  1.8085
 19.5189	131.4833	  9.6597	119.2625	  1.8089
 19.5247	131.2000	  9.6553	119.1708	  1.8093
 19.5158	131.0750	  9.6381	118.4792	  1.8089
 19.5379	131.0542	  9.6574	118.4792	  1.8089
 19.5233	131.4583	  9.6318	119.1458	  1.8082
 19.5256	131.9583	  9.6466	118.7583	  1.8084
 19.5274	130.6917	  9.6543	119.4000	  1.8085
 19.5275	131.3375	  9.6550	119.3458	  1.8085
 19.5387	131.0792	  9.6386	119.0000	  1.8083
 19.5325	131.2542	  9.6581	119.9333	  1.8088
 19.5236	131.0958	  9.6584	119.1958	  1.8090
 19.5089	130.7917	  9.6359	118.4667	  1.8087
 19.5457	131.2125	  9.6474	119.6667	  1.8079
 19.5103	130.7667	  9.6535	118.6375	  1.8084
 19.5283	131.7542	  9.6392	119.2792	  1.8084
 19.5413	131.4583	  9.6606	118.8375	  1.8083
 19.5126	131.2000	  9.6348	119.1250	  1.8086
 19.5228	132.2750	  9.6372	119.6958	  1.8087
 19.5236	131.0083	  9.6417	118.2750	  1.8091
 19.5132	131.7917	  9.6399	119.0792	  1.8086
 19.5297	131.2583	  9.6379	118.8083	  1.8084
 19.5347	131.0542	  9.6616	118.7875	  1.8079
 19.5239	131.5833	  9.6446	118.7208	  1.8087
 19.5217	131.0500	  9.6495	118.9542	  1.8089
 19.5328	131.5917	  9.6419	118.2833	  1.8087
 19.5150	131.1208	  9.6535	119.1792	  1.8080
 19.5195	131.5625	  9.6428	118.7167	  1.8082
 19.5186	131.2917	  9.6353	119.2292	  1.8084
 19.5207	130.5833	  9.6434	119.2125	  1.8084
 19.5366	131.4500	  9.6516	118.9875	  1.8087
 19.5247	131.6667	  9.6496	118.9917	  1.8083
 19.5367	130.8958	  9.6257	119.9375	  1.8091
 19.5227	130.7917	  9.6328	119.3417	  1.8087
 19.5277	131.6708	  9.6654	119.5667	  1.8081
 19.5291	130.9000	  9.6357	118.9083	  1.8078
 19.5305	131.4583	  9.6619	118.7708	  1.8075
 19.5271	131.5917	  9.6519	119.3500	  1.8086
 19.5230	131.4000	  9.6179	119.2333	  1.8079
 19.5186	130.7208	  9.6528	118.9792	  1.8086
 19.5289	131.3958	  9.6649	119.1833	  1.8085
 19.5272	131.6292	  9.6371	118.9958	  1.8085
 19.5231	131.3625	  9.6387	119.0083	  1.8085
 19.5286	131.6500	  9.6532	119.0458	  1.8085
 19.5211	131.6542	  9.6306	118.8958	  1.8087
 19.5282	131.3458	  9.6470	118.8000	  1.8093
 19.5073	131.2708	  9.6508	118.7167	  1.8091
 19.5384	131.2167	  9.6387	119.2208	  1.8084
 19.5071	131.4375	  9.6549	119.0458	  1.8087
 19.5186	131.4000	  9.6433	118.6875	  1.8083
 19.5380	131.3875	  9.6517	119.4083	  1.8083
 19.5309	131.4833	  9.6386	119.0208	  1.8084
 19.5211	131.6542	  9.6648	119.4875	  1.8084
 19.5282	131.0000	  9.6292	118.5625	  1.8083
 19.5494	131.7292	  9.6481	118.9708	  1.8084
 19.5164	131.2333	  9.6448	119.1125	  1.8082
 19.5183	130.9875	  9.6329	119.2667	  1.8079
 19.5239	131.3750	  9.6655	118.9083	  1.8085
 19.5226	131.1292	  9.6261	118.9542	  1.8087
 19.5306	131.1667	  9.6488	118.9000	  1.8083
 19.5225	131.1208	  9.6497	118.8500	  1.8089
 19.5288	131.3125	  9.6669	118.7958	  1.8081
 19.5023	131.3708	  9.6469	119.1708	  1.8082
 19.5356	131.0333	  9.6578	118.9458	  1.8078
 19.5243	131.6458	  9.6395	119.3208	  1.8084
 19.5315	131.2167	  9.6482	118.7542	  1.8090
 19.5133	131.9500	  9.6609	118.8750	  1.8084
 19.5272	131.4125	  9.6587	118.5667	  1.8083
 19.5222	131.0083	  9.6565	119.0958	  1.8085
 19.5187	131.5667	  9.6419	118.9292	  1.8085
 19.5134	131.3125	  9.6404	119.1083	  1.8087
 19.5211	131.1792	  9.6382	119.4500	  1.8082
 19.5220	131.6792	  9.6353	118.5167	  1.8088
 19.5321	131.4667	  9.6449	118.8917	  1.8085
 19.5376	131.3917	  9.6621	118.9833	  1.8089
 19.5161	131.4333	  9.6441	119.1042	  1.8082
 19.5479	131.3542	  9.6507	119.0125	  1.8085
 19.5360	131.7208	  9.6439	119.0375	  1.8084
 19.5105	131.2042	  9.6379	119.0750	  1.8085
 19.5130	131.3792	  9.6431	118.9292	  1.8084
 19.5343	130.8417	  9.6506	118.6583	  1.8085
 19.5380	131.0542	  9.6511	118.6208	  1.8089
 19.5515	131.2333	  9.6576	118.8750	  1.8085
 19.5330	130.6583	  9.6450	118.9000	  1.8089
 19.5349	131.9833	  9.6384	118.3625	  1.8085
 19.5370	131.0500	  9.6681	118.4625	  1.8088
 19.5262	131.0000	  9.6467	118.8875	  1.8080
 19.5448	130.8500	  9.6577	118.7417	  1.8084
 19.5458	131.4250	  9.6590	118.5833	  1.8082
 19.5171	131.0250	  9.6482	118.6500	  1.8088
 19.5338	131.1125	  9.6329	118.5875	  1.8089
 19.5192	131.2625	  9.6385	119.2667	  1.8078
 19.5376	131.0833	  9.6330	118.8917	  1.8087
 19.5318	130.7792	  9.6358	119.0542	  1.8092
 19.5182	130.8083	  9.6610	118.2792	  1.8085
 19.5258	130.7833	  9.6550	119.3625	  1.8087
 19.5228	131.2542	  9.6491	119.0458	  1.8088
 19.5206	130.7333	  9.6482	118.5333	  1.8085
 19.5522	131.2667	  9.6399	118.2292	  1.8081
 19.5328	131.6625	  9.6502	119.4500	  1.8081
 19.5306	131.0583	  9.6616	118.8292	  1.8086
 19.5054	131.1125	  9.6451	118.8708	  1.8089
 19.5130	131.0375	  9.6426	118.7042	  1.8085
 19.5361	131.2417	  9.6326	118.8958	  1.8084
 19.5000	131.0792	  9.6295	118.7583	  1.8083
 19.5290	130.7625	  9.6364	119.0417	  1.8084
 19.5223	131.2458	  9.6393	119.0333	  1.8089
 19.5181	130.9333	  9.6545	118.9292	  1.8081
 19.5310	131.4042	  9.6405	119.0250	  1.8082
 19.5372	131.3125	  9.6464	119.1750	  1.8091
 19.5137	131.0917	  9.6520	119.0333	  1.8088
 19.5350	131.2250	  9.6545	118.6833	  1.8088
 19.5335	131.3500	  9.6478	119.2292	  1.8087
 19.5178	130.9000	  9.6473	118.8750	  1.8085
 19.5402	130.9667	  9.6282	119.1417	  1.8083
 19.5336	131.5625	  9.6372	118.3375	  1.8087
 19.5299	131.6333	  9.6374	118.6250	  1.8084
 19.5304	131.7833	  9.6487	119.3000	  1.8085
 19.5258	130.8292	  9.6555	119.0958	  1.8081
 19.5248	131.2417	  9.6520	118.8042	  1.8088
 19.5402	131.4625	  9.6685	118.9750	  1.8085
 19.5433	131.9750	  9.6397	118.6167	  1.8083
 19.5119	131.3583	  9.6459	119.0458	  1.8088
 19.5129	131.7125	  9.6472	119.2417	  1.8082
 19.5179	131.5458	  9.6682	118.7625	  1.8083
 19.5463	131.0583	  9.6482	119.2042	  1.8083
 19.5387	131.5458	  9.6441	119.2208	  1.8085
 19.5107	131.2458	  9.6548	118.6333	  1.8085
 19.5352	130.8917	  9.6446	119.3708	  1.8077
 19.5258	131.0000	  9.6367	119.4125	  1.8083
 19.5232	130.9042	  9.6613	118.9000	  1.8076
 19.5350	131.6167	  9.6329	119.0083	  1.8085
 19.5226	131.1375	  9.6347	118.5333	  1.8086
 19.5200	130.6750	  9.6541	119.3125	  1.8084
 19.5323	130.6958	  9.6585	119.0333	  1.8081
 19.5170	130.8875	  9.6408	119.5500	  1.8080
 19.5072	131.4542	  9.6373	118.3458	  1.8086
 19.5203	131.7208	  9.6303	118.8833	  1.8089
 19.5239	131.4917	  9.6377	119.2583	  1.8085
 19.5278	130.6292	  9.6523	118.5833	  1.8082
 19.5529	130.7375	  9.6479	118.8292	  1.8079
 19.5196	131.0875	  9.6336	118.8583	  1.8086
 19.5246	130.8417	  9.6690	119.6000	  1.8087
 19.5229	130.8708	  9.6437	119.2792	  1.8089
 19.5256	131.4542	  9.6528	119.1417	  1.8084
 19.5355	131.1417	  9.6520	118.8833	  1.8086
 19.5077	131.3875	  9.6518	118.5042	  1.8083
 19.5129	131.4833	  9.6493	118.4042	  1.8085
 19.5257	131.0083	  9.6504	119.1583	  1.8084
 19.5300	131.2083	  9.6427	118.7167	  1.8084
 19.5427	131.2333	  9.6342	118.9958	  1.8086
 19.5363	131.2083	  9.6538	119.2917	  1.8087
 19.5384	131.2417	  9.6528	118.7250	  1.8089
 19.5204	131.4083	  9.6495	118.6250	  1.8081
 19.5251	131.4417	  9.6519	119.0875	  1.8085
 19.5194	131.1958	  9.6689	119.1167	  1.8087
 19.5225	131.4625	  9.6523	119.4125	  1.8088
 19.5168	131.5250	  9.6256	119.3917	  1.8084
 19.5117	130.9500	  9.6466	119.2083	  1.8087
 19.5142	131.0000	  9.6600	118.8917	  1.8082
 19.5347	131.7375	  9.6396	118.7917	  1.8081
 19.5376	131.6458	  9.6499	119.3417	  1.8086
 19.5267	131.9083	  9.6541	119.2583	  1.8082
 19.5272	131.5667	  9.6458	119.0833	  1.8083
 19.5352	131.8583	  9.6325	118.8792	  1.8081
 19.5281	131.2417	  9.6385	118.5708	  1.8090
 19.5201	131.3542	  9.6400	119.4250	  1.8085
 19.5221	131.5000	  9.6493	118.7708	  1.8081
 19.5355	131.5333	  9.6443	119.0125	  1.8084
 19.5192	131.7958	  9.6337	118.6042	  1.8080
 19.5255	131.4833	  9.6717	119.0083	  1.8086
 19.5409	131.2500	  9.6334	119.0042	  1.8088
 19.5215	131.3417	  9.6578	118.9708	  1.8084
 19.5130	131.2500	  9.6314	119.7708	  1.8086
 19.5329	131.1833	  9.6356	119.4875	  1.8087
 19.5242	131.0875	  9.6438	118.8458	  1.8080
 19.5274	131.1208	  9.6297	119.2375	  1.8084
 19.5199	130.8875	  9.6396	118.6208	  1.8086
 19.5241	131.5167	  9.6455	119.0625	  1.8086
 19.5212	131.2750	  9.6441	118.2583	  1.8083
 19.5110	130.9250	  9.6304	119.0958	  1.8090
 19.5134	131.3708	  9.6379	119.0625	  1.8080
 19.5239	131.3250	  9.6344	119.2542	  1.8089
 19.5169	131.1583	  9.6390	119.0000	  1.8084
 19.5135	131.3667	  9.6339	119.0500	  1.8088
 19.5201	131.3083	  9.6491	118.8583	  1.8081
 19.5480	131.4875	  9.6217	119.3750	  1.8087
 19.5316	131.2875	  9.6253	118.7500	  1.8082
 19.5249	131.6625	  9.6452	118.7542	  1.8085
 19.5285	131.6458	  9.6604	118.2083	  1.8087
 19.5211	130.9667	  9.6231	119.3458	  1.8083
 19.5352	131.5375	  9.6454	118.6833	  1.8082
 19.5160	131.4750	  9.6537	118.7500	  1.8093
 19.5394	131.1167	  9.6235	118.7750	  1.8086
 19.5171	131.0333	  9.6484	119.1667	  1.8085
 19.5227	131.6708	  9.6499	119.0250	  1.8085
 19.5071	131.2250	  9.6678	118.7792	  1.8083
 19.5230	131.2958	  9.6300	119.0250	  1.8082
 19.5217	131.6250	  9.6327	118.7792	  1.8079
 19.5174	131.2875	  9.6358	118.9333	  1.8082
 19.5379	131.5625	  9.6395	118.5542	  1.8086
 19.5264	131.2708	  9.6390	119.0583	  1.8084
 19.5191	131.7375	  9.6349	119.6250	  1.8086
 19.5228	131.1625	  9.6351	119.5458	  1.8089
 19.5369	131.0292	  9.6396	119.0333	  1.8088
 19.5209	131.2167	  9.6559	119.1750	  1.8083
 19.5350	131.1750	  9.6380	118.5333	  1.8083
 19.5387	130.9708	  9.6639	119.2250	  1.8082
 19.5283	131.7208	  9.6303	118.8042	  1.8080
 19.5142	131.2208	  9.6561	118.9917	  1.8088
 19.5107	131.2292	  9.6594	118.9583	  1.8085
 19.5443	131.2208	  9.6290	119.2125	  1.8083
 19.5283	131.5333	  9.6462	118.6208	  1.8081
 19.5315	131.3375	  9.6526	119.0083	  1.8084
 19.5185	131.5250	  9.6429	118.9458	  1.8082
 19.5326	131.3708	  9.6580	118.9917	  1.8085
 19.5428	131.2667	  9.6451	118.6292	  1.8081
 19.5364	131.1333	  9.6497	119.0833	  1.8086
 19.5393	131.3208	  9.6396	118.3125	  1.8092
 19.5348	131.0292	  9.6398	119.0167	  1.8086
 19.5087	130.9125	  9.6428	118.7917	  1.8083
 19.5203	131.1500	  9.6348	118.9375	  1.8086
 19.5201	131.4125	  9.6532	119.1208	  1.8082
 19.5277	130.8083	  9.6494	119.1042	  1.8086
 19.5231	131.2292	  9.6235	119.0375	  1.8081
 19.5200	130.5875	  9.6647	118.5542	  1.8088
 19.5519	131.6667	  9.6462	119.7583	  1.8084
 19.5430	131.6042	  9.6423	119.3042	  1.8091
 19.5334	131.7417	  9.6645	118.6292	  1.8090
 19.5367	131.2625	  9.6448	118.8458	  1.8082
 19.5321	131.5625	  9.6362	119.2083	  1.8079
 19.5331	131.3417	  9.6568	119.2375	  1.8083
 19.5544	130.8917	  9.6426	118.7875	  1.8081
 19.5250	131.4167	  9.6517	118.7833	  1.8088
 19.5191	130.9167	  9.6386	119.1208	  1.8082
 19.5053	131.2417	  9.6413	119.2625	  1.8086
 19.5236	131.0708	  9.6304	118.4708	  1.8086
 19.5177	131.2500	  9.6342	118.9333	  1.8083
 19.5147	131.2875	  9.6441	118.7708	  1.8090
 19.5257	131.2083	  9.6382	119.8125	  1.8082
 19.5345	130.8750	  9.6585	119.1167	  1.8083
 19.5322	131.3208	  9.6543	118.8167	  1.8086
 19.5519	131.5125	  9.6449	119.1000	  1.8084
 19.5207	131.6292	  9.6552	119.1167	  1.8086
 19.5404	132.0292	  9.6602	118.6708	  1.8090
 19.5375	131.5000	  9.6505	118.4167	  1.8083
 19.5398	131.0917	  9.6593	118.7208	  1.8085
 19.5332	131.5042	  9.6269	118.9500	  1.8084
 19.5305	131.2167	  9.6434	118.4667	  1.8083
 19.5365	130.6833	  9.6303	118.8167	  1.8083
 19.5240	131.6208	  9.6377	119.5292	  1.8086
 19.5311	131.7208	  9.6655	119.1458	  1.8081
 19.5095	131.3292	  9.6403	119.1708	  1.8084
 19.5169	131.5125	  9.6337	118.8708	  1.8085
 19.5346	131.2667	  9.6365	118.8542	  1.8088
 19.5351	131.6458	  9.6561	118.8417	  1.8083
 19.5290	131.4875	  9.6409	119.1000	  1.8082
 19.5317	131.6542	  9.6558	119.3917	  1.8089
 19.5436	131.2583	  9.6537	119.1125	  1.8086
 19.5149	131.0792	  9.6372	118.6125	  1.8084
 19.5058	130.9042	  9.6462	118.7167	  1.8082
 19.5446	131.5417	  9.6413	118.8083	  1.8090
 19.5210	131.1625	  9.6407	119.1667	  1.8089
 19.5443	131.1583	  9.6514	118.6000	  1.8081
 19.5252	131.3417	  9.6507	119.0750	  1.8086
 19.5331	131.0583	  9.6687	119.5500	  1.8087
 19.5215	131.5375	  9.6254	119.2833	  1.8084
 19.5340	130.6958	  9.6464	118.8917	  1.8084
 19.5277	130.8542	  9.6539	118.8417	  1.8083
 19.5209	131.6333	  9.6504	118.7667	  1.8083
 19.5301	131.5500	  9.6599	118.7500	  1.8079
 19.5350	131.2375	  9.6533	118.9583	  1.8083
 19.5253	131.7083	  9.6329	119.0250	  1.8081
 19.5248	130.9125	  9.6453	119.3542	  1.8085
 19.5302	130.6958	  9.6519	119.2875	  1.8080
 19.5304	131.3125	  9.6413	118.8917	  1.8080
 19.5337	131.1958	  9.6396	118.6375	  1.8079
 19.5362	131.2208	  9.6481	119.0000	  1.8084
 19.5445	131.2500	  9.6549	118.5625	  1.8087
 19.5128	130.9250	  9.6421	118.9500	  1.8080
 19.5245	131.2042	  9.6374	119.0125	  1.8083
 19.5409	131.3875	  9.6505	119.0167	  1.8087
 19.5314	130.9958	  9.6503	118.8583	  1.8090
 19.5363	131.3917	  9.6568	118.7542	  1.8083
 19.5317	131.2417	  9.6488	119.1667	  1.8087
 19.5342	131.2167	  9.6391	118.8333	  1.8079
 19.5351	130.8542	  9.6404	118.8458	  1.8080
 19.5485	130.7667	  9.6284	118.2958	  1.8080
 19.5389	131.5083	  9.6518	118.6583	  1.8089
 19.5235	131.5917	  9.6328	118.9000	  1.8085
 19.5232	131.2042	  9.6450	118.7625	  1.8082
 19.5259	131.5042	  9.6363	119.1750	  1.8082
 19.5291	130.9833	  9.6480	119.2667	  1.8083
 19.5337	131.1500	  9.6655	118.4250	  1.8078
 19.5278	131.4708	  9.6510	119.2958	  1.8086
 19.5309	131.5167	  9.6479	118.5667	  1.8085
 19.5316	131.2250	  9.6440	119.0917	  1.8084
 19.5229	130.7125	  9.6499	118.8792	  1.8077
 19.5243	131.4167	  9.6476	119.4167	  1.8079
 19.5346	131.3625	  9.6565	118.5167	  1.8086
 19.5282	131.1042	  9.6362	118.7000	  1.8084
 19.5157	131.1833	  9.6523	118.9583	  1.8082
 19.5257	131.3917	  9.6282	118.9125	  1.8088
 19.5191	131.6875	  9.6513	119.5417	  1.8085
 19.5344	131.6583	  9.6491	118.8042	  1.8082
 19.5495	131.6667	  9.6282	119.2958	  1.8089
 19.5250	131.1292	  9.6481	118.8083	  1.8084
 19.5321	130.9417	  9.6451	118.8417	  1.8090
 19.5365	131.8958	  9.6420	119.1667	  1.8086
 19.5333	131.1333	  9.6271	119.1375	  1.8083
 19.5179	131.4833	  9.6441	118.8375	  1.8087
 19.5084	131.8250	  9.6455	118.9375	  1.8086
 19.5365	131.2708	  9.6408	118.9167	  1.8087
 19.5275	131.1292	  9.6665	119.4792	  1.8088
 19.5346	131.5500	  9.6582	118.8917	  1.8086
 19.5212	131.1417	  9.6315	118.6833	  1.8085
 19.5227	131.5167	  9.6467	118.8333	  1.8085
 19.5263	130.5917	  9.6274	119.0583	  1.8079
 19.5307	130.9333	  9.6326	118.9667	  1.8089
 19.5343	131.2083	  9.6475	119.0875	  1.8084
 19.5122	131.3292	  9.6347	119.2750	  1.8085
 19.5520	130.8375	  9.6576	119.0750	  1.8085
 19.5385	131.4292	  9.6378	118.8750	  1.8085
 19.5387	132.1250	  9.6377	118.9333	  1.8090
 19.5230	130.8750	  9.6615	118.6208	  1.8085
 19.5111	131.8208	  9.6666	117.8583	  1.8079
 19.5241	131.5125	  9.6509	119.6000	  1.8080
 19.5479	130.8250	  9.6358	118.5333	  1.8083
 19.5238	131.5708	  9.6546	119.4042	  1.8087
 19.5073	131.2167	  9.6502	118.9792	  1.8085
 19.5278	131.1458	  9.6483	119.2667	  1.8087
 19.5275	131.2833	  9.6522	118.5375	  1.8082
 19.5256	131.0208	  9.6565	118.7708	  1.8084
 19.5163	130.6333	  9.6436	118.8208	  1.8084
 19.5430	131.4958	  9.6568	119.2000	  1.8085
 19.5518	131.8458	  9.6520	118.9583	  1.8084
 19.5341	131.1750	  9.6366	118.9000	  1.8081
 19.5247	131.5708	  9.6394	119.3333	  1.8080
 19.5317	131.3833	  9.6584	119.1833	  1.8077
 19.5233	130.8375	  9.6334	118.8792	  1.8078
 19.5164	131.2417	  9.6409	118.6667	  1.8083
 19.5210	131.7500	  9.6298	119.0833	  1.8080
 19.5192	131.6917	  9.6272	118.7208	  1.8076
 19.5271	130.9042	  9.6630	119.1708	  1.8081
 19.5415	131.3375	  9.6488	118.9917	  1.8085
 19.5294	131.1208	  9.6599	119.1833	  1.8084
 19.5225	130.7500	  9.6473	118.8917	  1.8079
 19.5371	131.4083	  9.6594	118.6208	  1.8081
 19.5412	130.5417	  9.6599	118.7292	  1.8081
 19.4989	131.0208	  9.6340	118.8542	  1.8082
 19.5372	131.2083	  9.6446	118.8708	  1.8083
 19.5375	130.4875	  9.6624	119.1417	  1.8082
 19.5307	131.4917	  9.6520	118.7792	  1.8085
 19.5454	130.7625	  9.6543	119.3458	  1.8085
 19.5281	131.1125	  9.6545	118.6625	  1.8082
 19.5320	131.1750	  9.6428	119.1417	  1.8082
 19.5265	131.2500	  9.6437	118.8542	  1.8086
 19.5345	131.4917	  9.6661	119.0250	  1.8084
 19.5378	130.6458	  9.6658	119.1417	  1.8084
 19.5442	131.0667	  9.6568	119.0542	  1.8076
 19.5203	130.8208	  9.6482	119.2958	  1.8086
 19.5379	131.6500	  9.6427	118.9833	  1.8081
 19.5189	131.6083	  9.6416	118.8000	  1.8087
 19.5172	131.6167	  9.6431	118.9583	  1.8087
 19.5459	130.8958	  9.6522	118.9458	  1.8082
 19.5344	131.0917	  9.6432	118.9042	  1.8076
 19.5221	131.1208	  9.6179	118.9958	  1.8080
 19.5158	131.3042	  9.6288	119.3750	  1.8079
 19.5043	131.0750	  9.6376	118.9917	  1.8082
 19.5278	132.1042	  9.6429	118.8583	  1.8083
 19.5188	131.0583	  9.6438	119.5000	  1.8085
 19.5257	131.2792	  9.6456	119.0958	  1.8083
 19.5040	131.3625	  9.6295	118.9292	  1.8083
 19.5260	131.3042	  9.6690	118.8542	  1.8078
 19.5210	131.5667	  9.6363	119.0792	  1.8085
 19.5433	131.5375	  9.6677	119.5167	  1.8080
 19.5099	131.4958	  9.6403	118.5958	  1.8085
 19.5250	131.3875	  9.6439	118.6458	  1.8086
 19.5130	131.0083	  9.6589	118.9708	  1.8079
 19.5189	131.0458	  9.6379	119.3167	  1.8085
 19.5337	130.8958	  9.6465	118.6500	  1.8084
 19.5280	131.6958	  9.6469	119.1250	  1.8084
 19.5435	131.5458	  9.6625	118.9500	  1.8079
 19.5019	130.9958	  9.6284	119.2625	  1.8080
 19.5222	130.9000	  9.6704	118.5250	  1.8086
 19.5340	130.8167	  9.6325	118.9833	  1.8083
 19.5235	131.7333	  9.6523	119.2750	  1.8086
 19.5452	130.9458	  9.6592	118.7625	  1.8087
 19.5408	131.7083	  9.6555	119.3208	  1.8083
 19.5240	130.8000	  9.6489	119.4625	  1.8083
 19.5323	130.8458	  9.6369	118.8792	  1.8082
 19.5319	131.5500	  9.6287	118.9042	  1.8083
 19.5312	131.5625	  9.6438	118.7958	  1.8084
 19.5312	131.7250	  9.6647	118.7375	  1.8086
 19.5355	131.4833	  9.6658	119.0542	  1.8084
 19.5393	131.2917	  9.6542	118.8083	  1.8085
 19.5344	131.0167	  9.6435	118.7792	  1.8084
 19.5387	131.5208	  9.6437	119.2417	  1.8082
 19.5275	131.3375	  9.6365	118.5792	  1.8081
 19.5225	131.3333	  9.6403	118.5333	  1.8082
 19.5211	130.8458	  9.6471	119.6250	  1.8082
 19.5146	131.0208	  9.6503	119.2375	  1.8080
 19.5204	131.0542	  9.6571	118.7625	  1.8086
 19.5317	130.8375	  9.6438	118.9292	  1.8085
 19.5287	131.6250	  9.6652	118.2083	  1.8083
 19.5340	130.7625	  9.6570	119.2708	  1.8085
 19.5532	131.0750	  9.6408	119.2000	  1.8086
 19.5354	131.1167	  9.6269	118.2833	  1.8083
 19.5330	131.3000	  9.6453	118.6083	  1.8081
 19.5451	131.5083	  9.6349	119.0083	  1.8081
 19.5275	131.4833	  9.6538	119.1792	  1.8085
 19.5276	131.6042	  9.6428	119.4042	  1.8081
 19.5267	131.3875	  9.6520	118.8333	  1.8080
 19.5261	131.9833	  9.6554	119.3250	  1.8078
 19.5252	131.8042	  9.6559	119.2417	  1.8085
 19.5386	130.8583	  9.6244	119.1750	  1.8087
 19.5460	131.1458	  9.6364	119.3625	  1.8083
 19.5181	131.4875	  9.6438	118.8208	  1.8084
 19.5195	130.7042	  9.6455	118.9875	  1.8082
 19.5429	131.6375	  9.6449	118.7667	  1.8083
 19.5554	131.7708	  9.6418	118.9667	  1.8085
 19.5456	131.3167	  9.6539	119.5083	  1.8082
 19.5202	131.2250	  9.6414	119.6000	  1.8082
 19.5146	130.9417	  9.6569	118.8458	  1.8078
 19.5373	131.1625	  9.6410	119.2333	  1.8085
 19.5272	131.2083	  9.6499	119.6708	  1.8084
 19.5186	131.1167	  9.6520	118.2792	  1.8085
 19.5209	130.8083	  9.6530	119.1167	  1.8082
 19.5263	131.3042	  9.6172	118.9708	  1.8083
 19.5390	131.6333	  9.6550	118.7125	  1.8085
 19.5377	131.3792	  9.6354	119.3125	  1.8077
 19.5345	131.7125	  9.6453	118.9958	  1.8077
 19.5368	131.4292	  9.6243	119.2000	  1.8083
 19.5160	131.0583	  9.6440	119.5375	  1.8078
 19.5218	131.4500	  9.6470	118.4167	  1.8079
 19.5350	131.4125	  9.6603	119.3250	  1.8079
 19.5156	131.4417	  9.6435	119.1542	  1.8083
 19.5364	131.0667	  9.6418	118.6833	  1.8081
 19.5099	131.2083	  9.6492	119.3458	  1.8084
 19.5259	131.3708	  9.6149	119.2792	  1.8078
 19.5332	131.4458	  9.6453	118.9458	  1.8079
 19.5612	131.4292	  9.6512	119.1708	  1.8082
 19.5372	130.9000	  9.6519	119.2208	  1.8080
 19.5243	131.5167	  9.6521	119.1208	  1.8086
 19.5216	131.5333	  9.6336	118.4875	  1.8084
 19.5292	131.2833	  9.6493	118.5000	  1.8080
 19.5165	131.1958	  9.6601	119.1250	  1.8086
 19.5159	131.4667	  9.6397	118.8000	  1.8081
 19.5302	131.6083	  9.6366	119.1333	  1.8087
 19.5103	131.1458	  9.6370	119.7042	  1.8083
 19.5304	131.3083	  9.6534	118.7917	  1.8082
 19.5320	130.9375	  9.6370	118.8167	  1.8089
 19.5385	132.1833	  9.6499	118.3583	  1.8084
 19.5155	131.0792	  9.6516	118.8833	  1.8086
 19.5018	131.1542	  9.6404	118.8000	  1.8085
 19.5295	131.5292	  9.6410	119.0292	  1.8085
 19.5233	131.4500	  9.6365	119.1667	  1.8082
 19.5222	131.5583	  9.6473	118.7750	  1.8078
 19.5357	131.7917	  9.6359	118.1292	  1.8081
 19.5529	130.9167	  9.6378	119.0042	  1.8081
 19.5358	131.3750	  9.6355	119.1958	  1.8078
 19.5330	131.6958	  9.6600	119.2750	  1.8088
 19.5258	131.1875	  9.6460	119.1083	  1.8081
 19.5270	130.9292	  9.6461	119.1750	  1.8081
 19.5354	131.7583	  9.6350	119.0625	  1.8078
 19.5427	131.3833	  9.6443	119.0750	  1.8079
 19.5424	131.7083	  9.6294	118.5125	  1.8085
 19.5270	131.4208	  9.6369	118.5875	  1.8084
 19.5169	130.6958	  9.6394	119.1250	  1.8090
 19.5372	130.9708	  9.6549	119.3542	  1.8083
 19.5251	130.9792	  9.6560	119.2583	  1.8082
 19.5335	131.0583	  9.6597	118.8167	  1.8083
 19.5378	131.8292	  9.6675	119.2917	  1.8080
 19.5173	131.4792	  9.6423	118.7917	  1.8083
 19.5233	130.7583	  9.6380	118.2333	  1.8077
 19.5420	130.8917	  9.6530	119.3458	  1.8081
 19.5281	131.1458	  9.6724	119.4792	  1.8080
 19.5344	131.2333	  9.6603	118.6833	  1.8088
 19.5169	131.1667	  9.6502	118.7583	  1.8075
 19.5310	131.5667	  9.6522	118.9000	  1.8080
 19.5424	131.1208	  9.6567	118.6792	  1.8091
 19.5321	131.3083	  9.6529	119.4167	  1.8079
 19.5270	130.8375	  9.6443	118.7625	  1.8084
 19.5461	131.5792	  9.6452	118.4208	  1.8087
 19.5272	131.8292	  9.6507	118.8708	  1.8086
 19.5361	131.4167	  9.6434	118.2000	  1.8079
 19.5233	131.0583	  9.6374	119.0958	  1.8080
 19.5368	131.7250	  9.6321	118.9000	  1.8078
 19.5129	130.7708	  9.6324	119.1458	  1.8083
 19.5246	131.2958	  9.6454	118.6958	  1.8080
 19.5380	130.7292	  9.6255	118.6000	  1.8090
 19.5263	131.2458	  9.6396	118.7083	  1.8083
 19.5366	131.2750	  9.6458	118.7917	  1.8084
 19.5411	131.5500	  9.6500	118.6917	  1.8079
 19.5340	131.5250	  9.6523	118.9292	  1.8077
 19.5268	131.5375	  9.6321	119.3000	  1.8078
 19.5251	131.6292	  9.6466	118.9542	  1.8085
 19.5435	131.3417	  9.6391	118.6792	  1.8080
 19.5402	131.8958	  9.6660	118.4333	  1.8083
 19.5320	131.5792	  9.6345	119.2625	  1.8080
 19.5248	132.0458	  9.6673	118.9750	  1.8082
 19.5405	131.6375	  9.6415	119.8583	  1.8084
 19.5049	132.0583	  9.6332	118.8542	  1.8085
 19.5232	131.4208	  9.6531	119.0875	  1.8085
 19.5305	131.0583	  9.6406	118.8458	  1.8082
 19.5122	131.3292	  9.6471	119.0292	  1.8078
 19.5269	131.2833	  9.6499	119.0042	  1.8082
 19.5210	132.0542	  9.6664	119.6458	  1.8079
 19.5231	131.0333	  9.6544	118.6625	  1.8083
 19.5300	131.7458	  9.6551	118.5542	  1.8086
 19.5385	131.2292	  9.6402	119.2875	  1.8085
 19.5343	131.1000	  9.6423	118.8750	  1.8078
 19.5050	131.1750	  9.6498	119.2167	  1.8082
 19.5197	131.5708	  9.6350	118.9292	  1.8083
 19.5260	130.7833	  9.6245	119.3375	  1.8085
 19.5336	131.1000	  9.6404	119.0542	  1.8082
 19.5153	131.3708	  9.6471	119.4292	  1.8082
 19.5434	131.3292	  9.6389	118.8000	  1.8084
 19.5485	131.4667	  9.6323	118.6583	  1.8085
 19.5117	130.5375	  9.6576	119.1917	  1.8082
 19.5225	131.5375	  9.6536	119.5792	  1.8089
 19.5268	131.6333	  9.6483	119.3417	  1.8081
 19.5306	131.5292	  9.6401	118.8917	  1.8084
 19.5228	131.3000	  9.6397	119.0792	  1.8084
 19.5361	130.8875	  9.6480	118.6792	  1.8084
 19.5443	131.0167	  9.6469	118.9708	  1.8078
 19.5292	130.9833	  9.6647	118.6833	  1.8083
 19.5375	131.6292	  9.6452	118.9000	  1.8085
 19.5286	130.9875	  9.6429	119.3250	  1.8078
 19.5339	131.4500	  9.6359	119.0833	  1.8085
 19.5346	130.9875	  9.6618	118.9458	  1.8085
 19.5363	131.7042	  9.6405	118.7333	  1.8076
 19.5304	131.0833	  9.6366	119.1792	  1.8085
 19.5213	131.0708	  9.6220	118.4917	  1.8082
 19.5371	131.0625	  9.6587	119.4708	  1.8080
 19.5242	131.9625	  9.6425	118.9500	  1.8086
 19.5282	131.3417	  9.6479	119.2500	  1.8082
 19.5373	131.6542	  9.6305	119.2292	  1.8085
 19.5160	131.2250	  9.6764	118.8000	  1.8083
 19.5255	131.5333	  9.6275	118.8042	  1.8085
 19.5212	130.7708	  9.6430	118.8750	  1.8082
 19.5364	130.9667	  9.6382	118.9542	  1.8080
 19.5265	131.1625	  9.6564	118.6583	  1.8085
 19.5387	131.3458	  9.6447	119.1792	  1.8079
 19.5248	131.5667	  9.6479	118.4500	  1.8079
 19.5155	131.0917	  9.6430	118.9167	  1.8085
 19.5343	131.2750	  9.6470	119.2250	  1.8082
 19.5255	131.9250	  9.6566	118.9000	  1.8084
 19.5357	131.0667	  9.6512	118.5167	  1.8075
 19.5316	131.2500	  9.6546	118.8125	  1.8079
 19.5336	131.2500	  9.6607	119.6500	  1.8077
 19.5317	131.5042	  9.6354	119.2500	  1.8081
