P8010116.452784
GADANKI 01/01/1980 16:44:27 01/01/1980 16:45:28 0350 0079.2 0013.4 00
0000000 0020 0001200 0020 05
1 0 2 02000 1 0000 0030 00532.o 0 0 00 000 14 001200 0.100 BT0
1 1 2 02000 1 0000 0030 00532.o 0 0 00 000 00 001200 0.0000 BC0
1 0 2 02000 1 0000 0030 00532.p 0 0 00 000 14 001200 0.100 BT1
1 1 2 02000 1 0000 0030 00532.p 0 0 00 000 00 001200 0.0000 BC1
1 0 2 02000 1 0000 0030 01064.o 0 0 00 000 14 001200 0.100 BT2
532.000 .o analog 0 	532.000 .o photon 0 	532.000 .p analog 1 	532.000 .p photon 1 	1064.000 .o analog 2 
 20.1908	112.1125	  9.8183	 95.6083	  1.8080
 21.6021	148.5708	 11.2292	127.6875	  1.8095
 98.0383	144.4667	 67.9387	126.9333	  1.8091
 99.9756	141.1958	 36.8510	125.5958	  1.8091
 91.5642	138.8708	 30.8145	124.4250	  1.8093
 64.9413	137.1667	 23.6865	123.3792	  1.8087
 49.0614	136.4125	 18.9489	121.5292	  1.8090
 39.9771	134.7083	 16.1702	121.7167	  1.8094
 34.3485	133.6750	 14.4519	120.6375	  1.8095
 30.6515	132.3708	 13.3014	120.7125	  1.8086
 28.1722	132.8625	 12.5065	120.5083	  1.8090
 26.4250	132.6000	 11.9541	119.8750	  1.8092
 25.1235	132.6917	 11.5347	120.4583	  1.8093
 24.2021	132.2500	 11.2149	119.8833	  1.8091
 23.4617	131.8417	 10.9806	119.5625	  1.8090
 22.9338	131.7250	 10.7824	118.9000	  1.8091
 22.5086	131.8083	 10.6776	119.3708	  1.8093
 22.1669	132.1708	 10.5350	119.1500	  1.8095
 21.9071	131.0750	 10.4297	119.5333	  1.8088
 21.6444	131.7250	 10.3662	118.5250	  1.8099
 21.4667	131.6750	 10.2941	118.6917	  1.8095
 21.2928	131.3000	 10.2360	119.2458	  1.8089
 21.1588	131.1125	 10.2004	119.2417	  1.8089
 21.0636	131.3333	 10.1538	118.6125	  1.8094
 20.9438	131.1500	 10.1115	119.3375	  1.8097
 20.8793	131.0875	 10.0889	118.9833	  1.8094
 20.8362	131.3667	 10.0724	118.8292	  1.8094
 20.7683	131.1208	 10.0367	118.9000	  1.8093
 20.6737	131.3000	 10.0167	118.7500	  1.8092
 20.6027	131.2750	  9.9712	118.9500	  1.8094
 20.5800	131.3417	  9.9661	118.7625	  1.8094
 20.5285	131.3333	  9.9557	118.7792	  1.8089
 20.4960	130.9250	  9.9409	118.3667	  1.8094
 20.4456	130.9125	  9.9352	118.3583	  1.8090
 20.4169	130.9625	  9.9195	118.7125	  1.8097
 20.4037	131.1625	  9.8951	118.6417	  1.8086
 20.3527	130.5583	  9.8852	118.8042	  1.8095
 20.3461	131.0125	  9.8881	118.6417	  1.8092
 20.2898	130.6042	  9.8677	118.9417	  1.8091
 20.2650	130.7833	  9.8657	118.5917	  1.8091
 20.2504	130.4583	  9.8600	118.0542	  1.8092
 20.2434	130.9875	  9.8379	118.5875	  1.8088
 20.2315	130.8667	  9.8460	118.5000	  1.8103
 20.2100	130.7583	  9.8492	118.7167	  1.8097
 20.2134	130.7750	  9.8275	118.6625	  1.8091
 20.2171	131.3083	  9.8415	118.5083	  1.8089
 20.2141	130.8625	  9.8266	118.7833	  1.8091
 20.1923	130.5667	  9.8159	118.4333	  1.8096
 20.2271	131.0875	  9.8280	118.4750	  1.8096
 20.1733	130.8208	  9.8490	119.4083	  1.8092
 20.1873	130.6833	  9.8300	118.2333	  1.8097
 20.2000	131.0917	  9.8271	118.3750	  1.8092
 20.1908	130.4542	  9.8368	118.5542	  1.8093
 20.1879	130.8375	  9.8095	118.7958	  1.8096
 20.1584	130.7542	  9.8501	118.5542	  1.8094
 20.1807	130.7167	  9.8197	118.7125	  1.8090
 20.1666	130.8542	  9.8197	118.9417	  1.8093
 20.1856	130.6583	  9.8360	118.4625	  1.8101
 20.1836	130.5833	  9.8023	118.7875	  1.8092
 20.1686	131.0708	  9.8080	119.5708	  1.8093
 20.1549	130.5292	  9.8265	118.9417	  1.8084
 20.1608	131.5542	  9.8187	118.6542	  1.8089
 20.1768	130.7500	  9.8058	118.6708	  1.8093
 20.1817	130.8875	  9.8157	118.5958	  1.8093
 20.1560	131.2292	  9.8351	119.0583	  1.8098
 20.1717	130.6458	  9.8233	117.9250	  1.8093
 20.1762	130.7667	  9.8229	118.7708	  1.8091
 20.1805	130.9667	  9.8133	118.6750	  1.8092
 20.1885	131.1333	  9.8315	118.5583	  1.8093
 20.1645	130.8000	  9.8211	118.4500	  1.8097
 20.1788	131.1125	  9.8350	118.5208	  1.8089
 20.1663	130.8625	  9.8239	118.7083	  1.8093
 20.1632	130.9792	  9.8430	118.8583	  1.8093
 20.1858	131.2000	  9.8310	118.9042	  1.8094
 20.1924	130.9458	  9.8287	118.3000	  1.8097
 20.1832	130.5750	  9.8077	117.9875	  1.8095
 20.1786	130.4750	  9.8216	118.8375	  1.8095
 20.1674	130.7500	  9.8159	118.4208	  1.8094
 20.1751	130.4833	  9.8511	118.5167	  1.8091
 20.1676	130.3292	  9.8154	119.1625	  1.8088
 20.1477	131.4292	  9.8322	118.5917	  1.8091
 20.1743	131.2042	  9.8226	118.5958	  1.8094
 20.1809	130.5167	  9.8101	118.5458	  1.8093
 20.1731	131.3125	  9.8124	118.2833	  1.8101
 20.1527	130.6125	  9.8212	118.9750	  1.8096
 20.1679	131.0208	  9.8166	118.6583	  1.8097
 20.1759	130.8333	  9.8283	118.1708	  1.8093
 20.1658	131.0958	  9.8126	118.8500	  1.8095
 20.1696	130.9250	  9.8139	118.5708	  1.8092
 20.1678	130.8208	  9.8157	118.1542	  1.8095
 20.1852	130.9667	  9.8118	118.3625	  1.8092
 20.1841	130.6792	  9.7952	118.1750	  1.8092
 20.1864	130.5583	  9.8148	119.1417	  1.8092
 20.1724	130.5708	  9.8371	118.5917	  1.8095
 20.1746	131.0375	  9.8216	118.6542	  1.8091
 20.1769	131.0625	  9.8296	118.5583	  1.8096
 20.1733	130.6625	  9.8178	118.3792	  1.8089
 20.1740	131.1292	  9.8389	118.7250	  1.8091
 20.1741	131.8042	  9.8313	118.9292	  1.8090
 20.1799	130.4583	  9.8176	119.3417	  1.8090
 20.1541	131.1167	  9.8220	118.4250	  1.8090
 20.1592	130.3917	  9.8258	118.5458	  1.8091
 20.1833	131.3250	  9.8153	118.3667	  1.8093
 20.1587	131.0000	  9.8092	118.1625	  1.8092
 20.1641	130.9083	  9.8233	118.7958	  1.8092
 20.1708	130.7708	  9.8159	118.4375	  1.8091
 20.1698	130.6708	  9.8111	118.8792	  1.8091
 20.1872	130.9167	  9.8219	119.0792	  1.8097
 20.1991	130.9417	  9.8351	118.2583	  1.8089
 20.1708	130.6583	  9.8063	118.0958	  1.8092
 20.1711	130.4583	  9.8187	119.0000	  1.8093
 20.1552	130.3833	  9.8067	118.9167	  1.8094
 20.1642	130.5375	  9.8209	118.6000	  1.8096
 20.1578	131.2375	  9.8364	119.0667	  1.8094
 20.1628	130.1417	  9.8230	118.5292	  1.8089
 20.1932	130.9375	  9.8115	118.7375	  1.8089
 20.1930	130.7000	  9.8102	118.8708	  1.8094
 20.1674	130.5625	  9.8202	118.8333	  1.8091
 20.1755	130.8250	  9.8042	119.0583	  1.8093
 20.1746	130.9792	  9.8176	118.2458	  1.8094
 20.1707	130.6000	  9.8196	118.1417	  1.8097
 20.1780	131.6042	  9.8336	118.3542	  1.8096
 20.1732	130.3917	  9.8122	118.4333	  1.8095
 20.1836	130.2250	  9.8198	119.0250	  1.8095
 20.1592	130.7833	  9.8132	118.4417	  1.8087
 20.1743	130.9750	  9.8179	118.9542	  1.8099
 20.1643	131.1542	  9.8186	118.5875	  1.8091
 20.1740	131.1750	  9.8173	118.3167	  1.8094
 20.1815	130.8083	  9.8025	118.7875	  1.8092
 20.1517	130.3792	  9.8068	118.8375	  1.8087
 20.1647	131.2625	  9.8167	119.1292	  1.8092
 20.1647	130.7792	  9.8310	118.5083	  1.8091
 20.1753	130.8042	  9.8124	118.8125	  1.8090
 20.1928	130.6792	  9.8183	118.3292	  1.8088
 20.1845	130.9583	  9.8103	118.4500	  1.8091
 20.1754	130.8208	  9.8219	118.3792	  1.8090
 20.1773	130.3792	  9.8111	118.7208	  1.8092
 20.1747	130.2125	  9.8304	118.5958	  1.8090
 20.1947	130.5792	  9.8247	118.3292	  1.8097
 20.1768	131.1542	  9.8102	118.3500	  1.8091
 20.1829	130.4833	  9.8253	118.5958	  1.8098
 20.1566	130.8792	  9.8400	118.3125	  1.8097
 20.1656	130.7750	  9.8166	118.7042	  1.8087
 20.1590	131.6125	  9.8364	118.8500	  1.8091
 20.1604	130.7167	  9.7973	118.7208	  1.8091
 20.1892	130.9708	  9.8085	118.6542	  1.8096
 20.1656	130.9083	  9.8119	118.7708	  1.8089
 20.1573	130.6542	  9.8238	118.5583	  1.8091
 20.1803	131.5167	  9.8351	119.1625	  1.8088
 20.1757	130.8833	  9.8125	119.0250	  1.8089
 20.1675	130.4875	  9.8091	119.0292	  1.8090
 20.1661	131.6292	  9.8173	118.6000	  1.8096
 20.1830	130.9167	  9.8208	118.8667	  1.8088
 20.1631	130.7667	  9.8191	118.4083	  1.8092
 20.1870	131.2167	  9.8345	118.9500	  1.8098
 20.1676	130.6500	  9.8222	118.7833	  1.8095
 20.1692	130.5792	  9.8086	118.3667	  1.8092
 20.1776	130.2792	  9.8139	118.0917	  1.8093
 20.1770	130.5375	  9.8034	119.0958	  1.8092
 20.1735	130.7500	  9.8241	118.6042	  1.8091
 20.1603	130.8792	  9.8146	117.9958	  1.8092
 20.1677	130.8750	  9.7942	118.3125	  1.8092
 20.1705	130.6583	  9.8031	118.5833	  1.8093
 20.1676	131.0583	  9.8084	118.2792	  1.8091
 20.1712	130.4500	  9.8128	119.1167	  1.8089
 20.1710	130.9667	  9.8222	118.9250	  1.8094
 20.1586	131.2417	  9.8042	118.6833	  1.8095
 20.1627	130.8667	  9.8291	117.7875	  1.8095
 20.1597	130.9417	  9.8114	117.9500	  1.8098
 20.1535	131.2375	  9.8094	118.8917	  1.8093
 20.1776	131.1333	  9.8139	118.1292	  1.8092
 20.1743	130.9208	  9.8108	118.6375	  1.8095
 20.1555	130.3625	  9.8030	118.6667	  1.8088
 20.1718	130.5708	  9.8246	118.8917	  1.8097
 20.1689	130.2792	  9.8419	118.2583	  1.8093
 20.1621	131.0375	  9.8235	118.7917	  1.8095
 20.1673	130.6625	  9.8146	118.4333	  1.8096
 20.1722	130.4375	  9.8490	118.7708	  1.8088
 20.1701	130.7417	  9.8252	118.9458	  1.8095
 20.1683	130.2667	  9.8107	118.9833	  1.8097
 20.1735	131.4333	  9.8297	119.1333	  1.8095
 20.1605	130.8333	  9.8173	118.8167	  1.8092
 20.1807	130.5625	  9.8150	118.7375	  1.8100
 20.1694	131.2625	  9.8060	118.6458	  1.8091
 20.1699	131.3625	  9.8366	118.5583	  1.8090
 20.2038	130.6875	  9.8152	118.2667	  1.8094
 20.1725	130.6958	  9.8057	118.4375	  1.8089
 20.1744	130.7417	  9.8303	118.2917	  1.8091
 20.1493	130.4750	  9.8103	118.4708	  1.8088
 20.1587	130.8792	  9.8160	118.9083	  1.8084
 20.1766	130.8250	  9.8185	118.4625	  1.8092
 20.1818	130.9125	  9.8218	118.8500	  1.8091
 20.1766	130.5458	  9.8128	118.1875	  1.8089
 20.1571	130.8167	  9.8118	119.2583	  1.8089
 20.1783	130.5125	  9.8088	118.8958	  1.8090
 20.1600	130.4542	  9.8297	118.6125	  1.8094
 20.1752	131.3083	  9.7972	118.4458	  1.8091
 20.1776	130.6792	  9.8310	119.0167	  1.8096
 20.1744	130.7083	  9.7932	118.2792	  1.8093
 20.1771	130.7417	  9.8004	118.9000	  1.8087
 20.1775	130.8833	  9.8213	118.4875	  1.8093
 20.1662	130.7875	  9.8030	118.2750	  1.8089
 20.1812	131.0875	  9.8085	119.0792	  1.8091
 20.1913	130.8750	  9.8152	119.0625	  1.8089
 20.1812	130.8500	  9.8241	118.7375	  1.8100
 20.1871	131.0292	  9.7965	117.7167	  1.8095
 20.1784	131.0417	  9.8210	118.1625	  1.8099
 20.1684	130.6167	  9.8100	118.5583	  1.8095
 20.1690	130.7917	  9.8100	119.4250	  1.8093
 20.1621	130.7625	  9.8265	119.4417	  1.8096
 20.1788	130.7458	  9.8405	118.5125	  1.8096
 20.1707	131.2708	  9.8119	118.5333	  1.8087
 20.1765	131.4500	  9.8253	118.4292	  1.8089
 20.1748	130.3500	  9.8211	118.3583	  1.8096
 20.1757	130.5458	  9.8186	118.2458	  1.8092
 20.1847	130.5125	  9.8202	118.4917	  1.8093
 20.1869	130.6042	  9.8170	118.5542	  1.8092
 20.1810	131.2167	  9.8281	118.7083	  1.8089
 20.1737	131.3458	  9.8127	118.7292	  1.8087
 20.1706	130.7042	  9.8207	118.0958	  1.8092
 20.1789	130.5083	  9.8193	118.0042	  1.8099
 20.1959	130.2292	  9.8209	118.4125	  1.8098
 20.1763	130.8208	  9.8150	118.5583	  1.8090
 20.1582	130.7792	  9.8226	118.8083	  1.8096
 20.1777	130.2875	  9.8260	118.6083	  1.8094
 20.1803	130.1458	  9.7977	119.3667	  1.8094
 20.1744	130.4292	  9.8203	118.2125	  1.8089
 20.1792	130.9083	  9.8132	118.2000	  1.8095
 20.1735	130.9958	  9.8217	117.9042	  1.8085
 20.1897	130.9500	  9.8367	118.9792	  1.8097
 20.1785	131.0833	  9.8066	118.4000	  1.8095
 20.1556	130.8375	  9.7901	118.6417	  1.8092
 20.1806	130.7292	  9.8386	118.9875	  1.8097
 20.1672	130.8083	  9.8213	118.9500	  1.8094
 20.1729	130.6250	  9.8171	118.2833	  1.8086
 20.1676	130.3250	  9.8082	118.1583	  1.8095
 20.1685	131.1125	  9.8357	118.7375	  1.8091
 20.1694	130.5000	  9.8270	118.7292	  1.8088
 20.1743	131.5250	  9.7982	118.5000	  1.8087
 20.1841	130.7750	  9.8330	118.6750	  1.8091
 20.1719	131.2083	  9.8187	118.5917	  1.8093
 20.1926	130.7083	  9.8343	118.1792	  1.8098
 20.1763	130.7500	  9.8311	118.6292	  1.8096
 20.1787	130.7167	  9.8119	118.8667	  1.8092
 20.1648	130.9208	  9.8178	118.5292	  1.8089
 20.1689	130.8208	  9.8250	119.1000	  1.8101
 20.1725	130.9375	  9.8214	119.2083	  1.8091
 20.1658	130.7542	  9.8094	118.6542	  1.8095
 20.1916	131.3583	  9.8109	119.1750	  1.8097
 20.1653	131.0125	  9.8302	118.4000	  1.8095
 20.1727	131.4083	  9.8117	118.8375	  1.8084
 20.1813	130.9042	  9.8139	118.9625	  1.8092
 20.1739	131.2458	  9.8217	118.7000	  1.8092
 20.1771	130.8917	  9.8032	118.9333	  1.8094
 20.1766	131.1667	  9.8174	119.0042	  1.8093
 20.1794	131.3167	  9.8416	118.8958	  1.8095
 20.1724	131.2417	  9.8281	118.5542	  1.8091
 20.1696	130.9000	  9.8091	118.4583	  1.8092
 20.1797	131.1750	  9.8206	118.5667	  1.8094
 20.1728	130.7500	  9.8275	119.2583	  1.8086
 20.1826	130.3792	  9.8058	118.5708	  1.8081
 20.1894	130.6958	  9.8015	118.4583	  1.8091
 20.1860	130.6542	  9.8257	118.6583	  1.8089
 20.1645	130.3292	  9.8005	118.5458	  1.8094
 20.1781	131.1500	  9.8059	118.6583	  1.8095
 20.1926	130.7875	  9.8218	118.4375	  1.8091
 20.2030	130.4792	  9.8071	118.7833	  1.8092
 20.1844	131.0333	  9.7952	118.6458	  1.8090
 20.1822	130.8208	  9.8263	118.8042	  1.8093
 20.1748	130.7042	  9.8144	118.6708	  1.8094
 20.1798	130.5792	  9.7996	118.9375	  1.8094
 20.1693	130.8667	  9.8172	117.9708	  1.8090
 20.1799	130.9125	  9.8222	118.2958	  1.8093
 20.1919	130.7167	  9.8385	118.3292	  1.8090
 20.1943	130.7000	  9.8233	118.7375	  1.8092
 20.1695	130.8250	  9.8183	118.9208	  1.8091
 20.1582	131.2000	  9.8072	118.4333	  1.8098
 20.1710	131.0833	  9.8055	118.9875	  1.8091
 20.1861	131.1250	  9.8160	118.9458	  1.8094
 20.1786	130.6333	  9.8238	118.9625	  1.8094
 20.1694	130.7000	  9.8111	118.2250	  1.8092
 20.1781	131.0375	  9.8105	118.3458	  1.8093
 20.1715	130.3042	  9.8346	118.5292	  1.8094
 20.1738	130.5833	  9.8242	118.4417	  1.8088
 20.1666	130.7417	  9.8370	118.0708	  1.8090
 20.1699	131.1958	  9.8149	118.5833	  1.8089
 20.1754	130.9542	  9.8178	118.2583	  1.8096
 20.1897	130.7125	  9.8214	118.8875	  1.8092
 20.1768	130.3583	  9.8181	118.0000	  1.8091
 20.1612	130.6417	  9.8288	118.3292	  1.8098
 20.1489	131.0750	  9.8207	118.4167	  1.8094
 20.1916	131.2208	  9.8139	118.5083	  1.8093
 20.1875	131.1167	  9.7988	118.3958	  1.8092
 20.1751	130.7208	  9.8096	119.2250	  1.8099
 20.1622	131.3042	  9.8053	118.9458	  1.8093
 20.1579	130.8417	  9.8305	118.7042	  1.8087
 20.1818	130.3458	  9.8055	118.7375	  1.8093
 20.1780	131.1500	  9.8186	118.3292	  1.8091
 20.1839	130.8000	  9.8232	118.9500	  1.8089
 20.1670	130.8167	  9.8219	118.3667	  1.8093
 20.1752	131.2417	  9.8057	117.9500	  1.8092
 20.1865	131.1167	  9.8189	118.8875	  1.8096
 20.1556	130.5042	  9.8125	119.1417	  1.8093
 20.1619	131.0167	  9.8210	118.7542	  1.8094
 20.1691	131.1958	  9.8399	119.5250	  1.8088
 20.1749	131.0250	  9.8049	118.8292	  1.8088
 20.1762	130.7208	  9.8137	118.3958	  1.8090
 20.1781	130.7542	  9.8262	118.7167	  1.8091
 20.1769	131.0833	  9.8199	118.5083	  1.8095
 20.1788	130.3625	  9.8223	118.3292	  1.8094
 20.1585	130.7083	  9.8159	118.2458	  1.8091
 20.1924	131.5500	  9.8249	118.9500	  1.8092
 20.1694	130.6458	  9.8115	117.9042	  1.8098
 20.1917	130.6083	  9.8286	118.8125	  1.8097
 20.1976	130.9750	  9.8268	118.4583	  1.8092
 20.1750	130.6792	  9.8143	118.8458	  1.8084
 20.1757	130.7250	  9.7906	118.5500	  1.8090
 20.1836	130.4167	  9.8168	118.5125	  1.8092
 20.1850	130.4292	  9.8152	118.5250	  1.8099
 20.1666	130.7417	  9.8012	118.8500	  1.8094
 20.1872	130.9417	  9.8221	118.3250	  1.8094
 20.1766	130.6750	  9.8159	118.6708	  1.8087
 20.1716	130.5958	  9.8135	118.8125	  1.8094
 20.1663	130.8917	  9.8096	118.6292	  1.8094
 20.1647	130.8083	  9.8209	118.3750	  1.8089
 20.1776	130.7292	  9.8168	118.7875	  1.8093
 20.1905	130.9042	  9.8243	118.3208	  1.8093
 20.1849	130.4333	  9.8259	118.9583	  1.8087
 20.1687	131.3458	  9.8178	118.8667	  1.8090
 20.1672	130.6667	  9.7942	118.3042	  1.8086
 20.1822	130.7125	  9.8000	118.2458	  1.8088
 20.1795	130.7875	  9.8270	118.6917	  1.8096
 20.1769	131.3125	  9.8117	119.1292	  1.8091
 20.1781	131.2583	  9.8209	118.7458	  1.8092
 20.1726	130.8583	  9.8217	118.4583	  1.8095
 20.1645	130.9792	  9.8207	118.7875	  1.8091
 20.1715	130.9958	  9.8224	118.0208	  1.8089
 20.1483	130.0708	  9.8093	118.9167	  1.8089
 20.1683	130.6500	  9.8114	119.1583	  1.8092
 20.1698	130.6417	  9.8219	118.1417	  1.8094
 20.1745	130.7583	  9.8190	118.5125	  1.8090
 20.1578	131.0750	  9.8107	118.8167	  1.8091
 20.1632	130.9542	  9.8068	119.0292	  1.8087
 20.1671	130.6833	  9.8085	118.6333	  1.8091
 20.1615	131.2333	  9.8123	118.7333	  1.8096
 20.1963	130.7125	  9.8204	118.4000	  1.8090
 20.1927	131.4667	  9.8155	119.3500	  1.8095
 20.1840	130.6083	  9.8159	118.1583	  1.8083
 20.1644	130.6333	  9.8183	118.7250	  1.8096
 20.1720	131.2042	  9.8382	118.6875	  1.8091
 20.1716	130.3000	  9.8047	118.3542	  1.8088
 20.1661	130.3125	  9.8031	119.0542	  1.8095
 20.1666	130.6958	  9.8140	118.4750	  1.8092
 20.1639	130.7750	  9.8074	118.2167	  1.8095
 20.1513	130.6250	  9.8010	118.8417	  1.8100
 20.1919	131.0750	  9.8262	118.8000	  1.8092
 20.1605	130.3958	  9.8237	118.9250	  1.8092
 20.1696	131.0000	  9.8282	118.8917	  1.8095
 20.1805	130.8708	  9.8127	119.1458	  1.8093
 20.1696	130.4500	  9.8266	118.4042	  1.8093
 20.1709	130.8625	  9.8225	119.0458	  1.8089
 20.1589	131.0083	  9.8259	118.5792	  1.8088
 20.1585	130.7708	  9.8340	118.5708	  1.8093
 20.1713	130.8250	  9.8068	119.0833	  1.8088
 20.1573	130.6125	  9.8213	118.3708	  1.8092
 20.1671	130.0000	  9.8181	119.5458	  1.8100
 20.1738	131.1125	  9.8385	118.1625	  1.8091
 20.1457	130.9750	  9.8232	118.8833	  1.8088
 20.1761	130.7708	  9.8279	119.1125	  1.8091
 20.1823	130.9167	  9.8138	118.8500	  1.8094
 20.1746	131.4542	  9.8191	118.2042	  1.8091
 20.1886	130.5333	  9.8130	118.4333	  1.8096
 20.1683	130.9208	  9.8191	119.1708	  1.8091
 20.1693	131.1417	  9.8104	118.4292	  1.8098
 20.1736	130.9458	  9.8109	118.3333	  1.8092
 20.1702	131.0125	  9.8237	119.1750	  1.8088
 20.1528	131.2750	  9.7980	118.3375	  1.8095
 20.1823	131.0625	  9.8074	118.7042	  1.8093
 20.1869	130.7125	  9.7966	118.5833	  1.8093
 20.1717	130.6500	  9.8230	118.4000	  1.8095
 20.1797	130.9417	  9.8122	118.6958	  1.8091
 20.1605	130.6542	  9.8227	118.7333	  1.8092
 20.1808	130.6292	  9.8138	118.3708	  1.8092
 20.1789	130.4750	  9.8138	119.0958	  1.8090
 20.1774	130.4417	  9.8218	118.4958	  1.8084
 20.1640	130.3375	  9.8071	118.1708	  1.8094
 20.1732	130.8833	  9.8244	119.4458	  1.8085
 20.1628	130.7958	  9.8177	118.3792	  1.8089
 20.1792	131.5000	  9.8245	118.6375	  1.8095
 20.1869	131.1875	  9.8324	117.6500	  1.8089
 20.1748	130.5833	  9.8093	118.4292	  1.8102
 20.1765	130.7167	  9.8354	118.3167	  1.8093
 20.1764	131.0583	  9.8180	118.4083	  1.8089
 20.1486	131.4042	  9.8214	118.4958	  1.8092
 20.1778	130.1458	  9.8019	119.1000	  1.8086
 20.1969	131.1125	  9.8257	118.6667	  1.8094
 20.1695	131.1583	  9.7920	118.8750	  1.8085
 20.1706	131.3292	  9.8035	118.8208	  1.8089
 20.1621	130.5417	  9.8070	118.5292	  1.8093
 20.1596	130.3167	  9.8110	118.4042	  1.8096
 20.1703	130.7875	  9.8280	118.4708	  1.8088
 20.1886	130.7500	  9.8344	118.5750	  1.8095
 20.1742	130.8708	  9.8184	118.4917	  1.8089
 20.1907	130.6042	  9.8213	118.8083	  1.8086
 20.1564	130.4208	  9.7998	118.4833	  1.8090
 20.1819	130.6917	  9.8175	118.6833	  1.8089
 20.1840	131.0250	  9.8164	118.2167	  1.8096
 20.1922	130.9000	  9.8125	118.2500	  1.8089
 20.1790	130.8167	  9.7943	119.0875	  1.8092
 20.1607	130.8083	  9.8170	118.7833	  1.8085
 20.1764	130.8500	  9.8297	118.4667	  1.8092
 20.1856	131.1125	  9.7866	118.4458	  1.8093
 20.1628	131.0792	  9.8337	118.3750	  1.8085
 20.1867	130.3583	  9.8186	118.4917	  1.8084
 20.1729	131.6625	  9.8114	118.9875	  1.8094
 20.1720	131.0208	  9.8172	118.9250	  1.8090
 20.1805	130.4708	  9.8241	118.7583	  1.8088
 20.1692	130.5875	  9.8141	118.4500	  1.8089
 20.1596	130.9542	  9.7957	118.1250	  1.8087
 20.1749	130.2500	  9.8060	118.9708	  1.8102
 20.1741	130.4375	  9.8324	118.7750	  1.8097
 20.1764	130.8542	  9.8183	118.8292	  1.8096
 20.1802	130.4125	  9.8254	118.4000	  1.8089
 20.1775	130.9208	  9.8283	118.3500	  1.8092
 20.1870	131.4167	  9.7981	117.9875	  1.8090
 20.1897	130.9583	  9.8106	118.9375	  1.8091
 20.1821	131.7667	  9.8179	118.0000	  1.8091
 20.1838	130.7833	  9.8035	118.6875	  1.8088
 20.1742	131.3125	  9.8110	118.2708	  1.8086
 20.1869	131.0750	  9.8127	118.5125	  1.8092
 20.1989	130.6375	  9.8268	118.7708	  1.8093
 20.1705	131.3667	  9.8191	118.6917	  1.8087
 20.1773	131.1458	  9.8259	118.8250	  1.8091
 20.1865	131.3208	  9.8229	118.0000	  1.8091
 20.1783	131.0958	  9.8049	117.8042	  1.8090
 20.1736	130.6833	  9.8020	118.7417	  1.8090
 20.1886	131.6375	  9.8065	118.8958	  1.8096
 20.1823	130.7000	  9.8254	118.7125	  1.8092
 20.1817	131.4125	  9.8104	118.5875	  1.8089
 20.1943	130.8792	  9.8177	118.4875	  1.8093
 20.1690	130.4500	  9.8252	118.5667	  1.8090
 20.1636	130.4750	  9.8157	118.0583	  1.8091
 20.1621	130.9417	  9.8112	118.1583	  1.8092
 20.1814	130.8042	  9.8189	118.3292	  1.8090
 20.1594	130.5250	  9.8150	118.2083	  1.8094
 20.1779	130.4792	  9.8266	118.7750	  1.8088
 20.1786	130.7958	  9.8223	118.2833	  1.8094
 20.1842	131.0042	  9.8226	119.0167	  1.8091
 20.1668	131.2000	  9.8009	118.5917	  1.8094
 20.1621	131.2708	  9.8108	118.4167	  1.8093
 20.1951	130.4875	  9.7977	118.4542	  1.8092
 20.1706	130.2208	  9.8260	118.5375	  1.8093
 20.1708	131.0750	  9.8154	118.4917	  1.8090
 20.1698	131.0750	  9.8147	118.3875	  1.8093
 20.1716	130.6500	  9.8348	118.7958	  1.8087
 20.1739	130.8167	  9.8325	119.0625	  1.8093
 20.1640	130.6792	  9.8005	118.5125	  1.8091
 20.1724	130.5792	  9.8287	117.8917	  1.8092
 20.1826	130.8458	  9.8262	118.7542	  1.8089
 20.1705	131.4208	  9.8220	118.0875	  1.8093
 20.1909	130.5958	  9.8195	118.6250	  1.8090
 20.1870	131.0833	  9.8343	118.3000	  1.8092
 20.1752	130.6458	  9.8068	119.2875	  1.8091
 20.1762	131.4625	  9.8214	118.6125	  1.8089
 20.1840	130.6917	  9.8163	118.5458	  1.8088
 20.1825	131.2542	  9.8119	118.8000	  1.8101
 20.1633	131.1792	  9.8134	118.5167	  1.8087
 20.1899	130.7583	  9.8246	118.5375	  1.8095
 20.1608	130.4083	  9.8253	118.6000	  1.8093
 20.1729	130.7125	  9.8301	118.3167	  1.8094
 20.1751	130.9625	  9.8185	118.7958	  1.8092
 20.1788	130.7042	  9.8181	119.0333	  1.8092
 20.1919	131.2167	  9.8340	118.5250	  1.8092
 20.1935	130.8750	  9.8201	118.8500	  1.8095
 20.1796	130.9208	  9.8178	118.6542	  1.8094
 20.1551	130.3958	  9.8159	118.8250	  1.8096
 20.1639	130.4792	  9.8133	118.2583	  1.8100
 20.1771	130.7083	  9.8293	118.9292	  1.8097
 20.1810	130.7792	  9.8226	118.3583	  1.8090
 20.1812	130.8625	  9.8139	118.9375	  1.8092
 20.1592	131.1667	  9.8117	118.3500	  1.8092
 20.1776	131.4333	  9.7943	118.3750	  1.8087
 20.1813	131.1625	  9.8281	118.1750	  1.8096
 20.1780	130.5125	  9.8230	118.8625	  1.8088
 20.1756	130.9250	  9.8190	118.7667	  1.8091
 20.1651	130.7375	  9.8256	118.4500	  1.8092
 20.1800	130.8458	  9.8349	118.6000	  1.8091
 20.1779	131.2625	  9.8324	118.8542	  1.8095
 20.1563	131.6083	  9.8016	118.3583	  1.8096
 20.1720	130.7208	  9.8058	118.7583	  1.8089
 20.1770	131.0125	  9.8260	118.4375	  1.8081
 20.1593	131.2542	  9.8196	118.3833	  1.8083
 20.1743	130.7250	  9.8207	118.3042	  1.8087
 20.1634	130.8792	  9.8279	118.8667	  1.8089
 20.1689	130.7750	  9.8154	118.9083	  1.8095
 20.1636	130.9250	  9.7995	118.3375	  1.8091
 20.1947	131.2042	  9.8287	118.6042	  1.8092
 20.1760	131.0542	  9.8043	118.3750	  1.8091
 20.1616	131.0000	  9.8199	118.7292	  1.8089
 20.1630	130.7083	  9.8069	118.1042	  1.8092
 20.1793	130.9875	  9.8195	118.1208	  1.8085
 20.1655	131.0292	  9.8359	119.1375	  1.8095
 20.1683	130.8208	  9.8086	118.6333	  1.8087
 20.1806	131.4375	  9.8219	119.1250	  1.8086
 20.1590	130.9000	  9.8356	118.8292	  1.8094
 20.1803	131.2000	  9.8278	118.5667	  1.8088
 20.1733	130.9333	  9.8168	118.0875	  1.8089
 20.1794	130.6375	  9.8180	118.8042	  1.8087
 20.1701	131.0042	  9.8127	118.5833	  1.8088
 20.1853	130.4958	  9.8167	118.3500	  1.8094
 20.1695	131.1375	  9.8150	118.7875	  1.8089
 20.1764	130.3125	  9.8122	118.5583	  1.8094
 20.1661	131.6625	  9.8299	118.2250	  1.8096
 20.1820	131.1542	  9.8194	118.2792	  1.8093
 20.1689	131.0833	  9.8146	118.5833	  1.8093
 20.1603	130.6000	  9.8130	118.7292	  1.8093
 20.1821	130.4417	  9.8188	118.7958	  1.8092
 20.1853	131.2917	  9.8038	118.4792	  1.8086
 20.1555	130.4292	  9.8357	118.7667	  1.8090
 20.1948	130.6250	  9.8238	118.8083	  1.8085
 20.1802	131.5167	  9.8423	118.4708	  1.8091
 20.1773	131.6167	  9.8136	118.8125	  1.8088
 20.1773	130.9417	  9.8289	118.6083	  1.8092
 20.1711	131.0583	  9.8052	119.1542	  1.8090
 20.1669	130.2833	  9.8123	118.5958	  1.8088
 20.1861	131.2833	  9.8132	118.6958	  1.8091
 20.1803	130.1750	  9.8114	118.3625	  1.8090
 20.1959	130.9042	  9.7981	118.8625	  1.8093
 20.1741	131.2708	  9.8253	119.3125	  1.8087
 20.1770	131.1250	  9.8099	118.1125	  1.8093
 20.1782	130.6292	  9.7998	118.7500	  1.8089
 20.1847	130.2167	  9.8469	118.4875	  1.8093
 20.1716	130.5625	  9.8167	118.7083	  1.8089
 20.1978	131.0667	  9.8191	118.2667	  1.8093
 20.1890	130.7167	  9.8199	118.4792	  1.8101
 20.1728	131.5042	  9.8134	117.8708	  1.8093
 20.1708	130.8542	  9.7988	118.7625	  1.8097
 20.1712	130.7667	  9.8163	117.8583	  1.8087
 20.1947	130.6792	  9.8048	118.6833	  1.8084
 20.1681	130.4125	  9.8071	118.7250	  1.8092
 20.1840	130.8875	  9.8246	119.1542	  1.8087
 20.1721	131.0333	  9.8091	118.5042	  1.8093
 20.1783	131.4958	  9.8211	118.6958	  1.8092
 20.1814	131.1833	  9.8235	118.4625	  1.8093
 20.1698	130.4875	  9.8098	118.4125	  1.8091
 20.1655	130.7042	  9.8033	118.5708	  1.8086
 20.1676	131.2125	  9.8102	118.5792	  1.8091
 20.1613	131.2125	  9.7935	118.5625	  1.8088
 20.1854	131.3250	  9.8130	118.6125	  1.8087
 20.1779	130.3208	  9.7980	118.6083	  1.8089
 20.1822	131.0417	  9.8176	117.9833	  1.8089
 20.1826	131.0583	  9.8147	118.6167	  1.8091
 20.1737	130.7125	  9.8094	118.3125	  1.8094
 20.1917	130.9458	  9.8251	118.6708	  1.8090
 20.1720	130.3917	  9.8376	118.4792	  1.8093
 20.1706	130.4708	  9.8184	118.7292	  1.8086
 20.1894	130.6333	  9.8282	118.5167	  1.8094
 20.1896	130.7958	  9.8255	118.7417	  1.8094
 20.1861	130.3333	  9.8232	118.5750	  1.8085
 20.1662	130.6542	  9.8230	118.3458	  1.8089
 20.1790	130.8542	  9.8176	118.3292	  1.8089
 20.1783	131.0500	  9.8122	118.2208	  1.8092
 20.1700	131.3208	  9.8199	118.4833	  1.8097
 20.1735	130.5792	  9.8236	118.6458	  1.8089
 20.1826	130.9667	  9.8223	118.4417	  1.8089
 20.1717	130.7125	  9.8451	118.8750	  1.8092
 20.1672	130.7875	  9.8299	118.3958	  1.8093
 20.1830	130.5792	  9.8160	118.8375	  1.8090
 20.1699	130.0792	  9.8340	118.9458	  1.8095
 20.1740	130.7000	  9.8200	119.0750	  1.8086
 20.1820	131.3000	  9.8149	118.9750	  1.8086
 20.1815	130.4958	  9.8150	118.5458	  1.8094
 20.1630	130.7500	  9.8040	118.8500	  1.8092
 20.1798	130.4875	  9.8342	119.0875	  1.8089
 20.1721	130.9667	  9.8148	118.7042	  1.8088
 20.1648	130.7042	  9.8098	118.5000	  1.8088
 20.1836	130.2792	  9.8048	118.2792	  1.8096
 20.1842	130.6458	  9.8110	118.2167	  1.8093
 20.1668	131.0625	  9.8150	118.9833	  1.8085
 20.1706	131.1917	  9.8301	118.3292	  1.8094
 20.1869	131.0458	  9.8027	118.5667	  1.8091
 20.1848	130.3125	  9.8202	118.7542	  1.8100
 20.1764	130.8875	  9.8196	118.5042	  1.8091
 20.1796	130.3333	  9.8202	118.8167	  1.8095
 20.1786	130.7375	  9.8006	118.6583	  1.8088
 20.1898	130.1500	  9.8204	118.8417	  1.8096
 20.1696	130.9458	  9.8076	118.4292	  1.8094
 20.1599	130.7375	  9.8138	118.9292	  1.8095
 20.1736	130.9917	  9.8167	118.5333	  1.8092
 20.1784	131.4417	  9.8190	118.0458	  1.8091
 20.1672	130.8458	  9.8260	118.7042	  1.8092
 20.1737	131.0875	  9.8162	118.6833	  1.8089
 20.1832	130.6417	  9.8414	118.5958	  1.8089
 20.1561	130.4833	  9.8131	118.5583	  1.8092
 20.1691	130.4083	  9.8277	118.5250	  1.8088
 20.1798	130.9042	  9.7981	118.6083	  1.8088
 20.1727	130.5292	  9.8287	118.3750	  1.8087
 20.1877	130.9500	  9.8187	118.8667	  1.8090
 20.1835	130.9417	  9.8122	118.5000	  1.8093
 20.1710	130.6542	  9.8197	118.4167	  1.8095
 20.1850	130.0792	  9.8195	118.6125	  1.8088
 20.1723	130.6125	  9.8395	118.6792	  1.8092
 20.1705	130.6000	  9.8069	118.5458	  1.8089
 20.1757	131.5167	  9.8313	118.6042	  1.8094
 20.1563	130.8417	  9.8350	118.8333	  1.8093
 20.1925	130.5458	  9.8157	118.6708	  1.8089
 20.1877	130.8833	  9.8302	118.7042	  1.8094
 20.1780	131.2833	  9.8116	118.9708	  1.8090
 20.1700	130.9750	  9.8425	118.8917	  1.8088
 20.1850	131.2208	  9.8095	118.7667	  1.8090
 20.1792	130.4917	  9.8090	118.6542	  1.8093
 20.1769	130.6042	  9.8130	118.4333	  1.8084
 20.1685	130.3292	  9.8185	119.0500	  1.8095
 20.1775	131.3042	  9.8134	118.8750	  1.8088
 20.1737	130.7458	  9.8162	118.6333	  1.8091
 20.1856	131.4333	  9.8207	118.1500	  1.8091
 20.1781	130.7000	  9.8258	118.6208	  1.8093
 20.2003	131.2042	  9.8087	118.7708	  1.8090
 20.1769	131.2250	  9.8179	118.4417	  1.8091
 20.1809	130.9208	  9.8248	118.3208	  1.8090
 20.1782	130.7917	  9.8203	118.2167	  1.8094
 20.1800	130.8333	  9.8194	118.7250	  1.8093
 20.1615	130.6750	  9.8196	118.3458	  1.8093
 20.1647	130.4417	  9.8235	118.5583	  1.8089
 20.1838	130.5625	  9.8139	118.4542	  1.8094
 20.1706	130.5375	  9.8459	118.7750	  1.8086
 20.1770	131.2458	  9.8133	118.7750	  1.8087
 20.1889	130.8167	  9.8211	118.3958	  1.8089
 20.1803	131.3167	  9.8410	118.3000	  1.8091
 20.1849	131.0000	  9.8173	118.5208	  1.8090
 20.1776	130.6208	  9.8149	118.5333	  1.8088
 20.1753	131.2208	  9.8254	118.7875	  1.8091
 20.1783	130.2625	  9.8249	118.6542	  1.8087
 20.1692	131.0292	  9.8224	118.9833	  1.8086
 20.1800	131.1958	  9.8326	117.7250	  1.8087
 20.1715	131.2250	  9.8187	119.0292	  1.8085
 20.1831	131.4375	  9.8308	118.4833	  1.8093
 20.1751	130.6458	  9.8288	119.0958	  1.8088
 20.1773	131.1833	  9.8173	118.6042	  1.8088
 20.1696	130.7292	  9.8279	118.0833	  1.8090
 20.1554	130.4458	  9.8214	118.4375	  1.8092
 20.1716	130.9958	  9.8209	118.4625	  1.8090
 20.1734	130.3667	  9.8145	119.0917	  1.8084
 20.1670	130.6583	  9.8075	119.0833	  1.8085
 20.1559	130.5500	  9.8247	118.8583	  1.8090
 20.1773	130.5083	  9.8205	118.7458	  1.8093
 20.1701	131.1875	  9.8208	118.5167	  1.8092
 20.1684	131.3250	  9.8165	117.9750	  1.8090
 20.1736	130.9208	  9.8080	118.5167	  1.8091
 20.1750	131.1250	  9.8394	118.9042	  1.8092
 20.1926	130.7583	  9.8164	119.7542	  1.8093
 20.1947	130.5125	  9.7955	118.6208	  1.8097
 20.1956	131.4958	  9.8210	118.7333	  1.8089
 20.1787	130.7958	  9.8185	118.8167	  1.8091
 20.1611	130.6042	  9.8385	118.6042	  1.8088
 20.1654	130.9167	  9.8303	118.6417	  1.8091
 20.1903	131.1750	  9.8388	117.5167	  1.8089
 20.1781	130.3250	  9.8197	118.9167	  1.8095
 20.1726	131.1542	  9.8067	117.9958	  1.8091
 20.1775	131.0708	  9.7954	118.4708	  1.8097
 20.1758	130.6750	  9.8190	118.9083	  1.8091
 20.1565	130.7125	  9.8077	118.3583	  1.8094
 20.1798	130.9250	  9.8169	118.1583	  1.8089
 20.1777	130.5458	  9.8036	118.2167	  1.8087
 20.1845	130.2917	  9.8245	118.6167	  1.8092
 20.1737	130.4625	  9.7994	118.6250	  1.8095
 20.1810	130.2292	  9.8200	118.6708	  1.8093
 20.1774	130.5333	  9.8289	118.0458	  1.8093
 20.1445	131.1375	  9.8226	118.4875	  1.8093
 20.1683	130.7458	  9.8260	118.7167	  1.8094
 20.1839	130.7167	  9.8300	118.5458	  1.8089
 20.1546	131.2917	  9.8114	118.4125	  1.8088
 20.1961	130.5667	  9.8326	118.8000	  1.8090
 20.1812	130.8667	  9.8112	117.9625	  1.8089
 20.1653	130.4542	  9.8208	118.5667	  1.8088
 20.1764	131.2125	  9.8171	118.8333	  1.8089
 20.1690	131.0542	  9.8179	118.3958	  1.8090
 20.1938	130.8875	  9.8022	117.7833	  1.8092
 20.1723	131.1958	  9.8003	119.1833	  1.8091
 20.1711	130.9292	  9.8110	118.7833	  1.8093
 20.1864	130.2958	  9.8068	118.2500	  1.8093
 20.1760	130.6250	  9.8134	118.9625	  1.8095
 20.1674	130.7375	  9.8332	118.5458	  1.8091
 20.1737	130.8875	  9.8084	118.5875	  1.8085
 20.1815	130.6417	  9.8040	118.6417	  1.8091
 20.1864	130.7125	  9.8180	118.3833	  1.8090
 20.1654	130.5708	  9.8195	118.7333	  1.8091
 20.1946	130.7750	  9.8111	118.4625	  1.8092
 20.1755	130.8917	  9.8072	118.1375	  1.8091
 20.1742	130.7250	  9.8170	119.0208	  1.8088
 20.1828	131.2000	  9.8259	118.5958	  1.8091
 20.1903	130.7125	  9.7957	117.8833	  1.8087
 20.1912	130.7125	  9.8213	118.2208	  1.8088
 20.1947	130.9125	  9.8040	119.0042	  1.8094
 20.1682	130.9417	  9.8166	118.7625	  1.8090
 20.1709	130.5125	  9.7994	118.5125	  1.8091
 20.1866	131.0958	  9.8231	119.2708	  1.8086
 20.1868	130.5083	  9.8166	118.8458	  1.8087
 20.1886	130.7750	  9.8147	118.6917	  1.8088
 20.1733	130.5458	  9.8053	118.8167	  1.8085
 20.1855	131.0917	  9.8305	118.3417	  1.8087
 20.1713	130.6708	  9.8249	118.7333	  1.8089
 20.1733	130.8208	  9.8193	118.9125	  1.8084
 20.1626	131.1708	  9.8089	118.3083	  1.8086
 20.1838	129.8042	  9.7981	118.9125	  1.8087
 20.1733	130.2625	  9.8386	118.8875	  1.8087
 20.1626	130.3208	  9.8034	118.6000	  1.8091
 20.1875	130.7417	  9.8277	118.2333	  1.8088
 20.1704	130.8708	  9.8301	118.7000	  1.8086
 20.1807	130.2167	  9.7942	118.6792	  1.8090
 20.1673	131.0792	  9.8128	117.9000	  1.8092
 20.1821	130.6875	  9.8352	118.5708	  1.8091
 20.1753	130.7625	  9.8112	119.1875	  1.8095
 20.1742	131.1833	  9.8225	118.8583	  1.8089
 20.1725	130.7500	  9.8162	118.4125	  1.8092
 20.1697	130.5667	  9.8177	118.8375	  1.8083
 20.1625	130.7667	  9.8306	118.9583	  1.8092
 20.1573	131.0750	  9.8371	118.0292	  1.8088
 20.1780	130.5750	  9.8272	118.9250	  1.8088
 20.1786	130.9167	  9.8393	118.4667	  1.8090
 20.1746	130.7250	  9.8261	118.8333	  1.8090
 20.1843	130.7792	  9.8147	118.7583	  1.8085
 20.1834	130.9500	  9.8062	118.9458	  1.8085
 20.1697	130.6417	  9.8166	118.6417	  1.8088
 20.1763	131.2125	  9.8284	118.4167	  1.8092
 20.1847	130.9708	  9.8144	118.5125	  1.8091
 20.1743	130.6792	  9.8171	118.8042	  1.8088
 20.1647	130.5958	  9.8303	118.1792	  1.8083
 20.1801	130.8875	  9.8459	118.3292	  1.8088
 20.1865	131.0417	  9.8245	118.7083	  1.8091
 20.1818	130.3125	  9.8165	118.8750	  1.8085
 20.1650	131.1250	  9.8231	118.9667	  1.8090
 20.1884	130.7292	  9.8206	118.5250	  1.8090
 20.1851	130.7208	  9.8184	118.8333	  1.8088
 20.1769	131.0500	  9.8222	118.2583	  1.8093
 20.1772	130.6833	  9.8206	118.4125	  1.8085
 20.1706	130.7375	  9.8250	118.0333	  1.8088
 20.1835	130.4333	  9.8071	118.4458	  1.8092
 20.1804	131.3000	  9.8080	118.3750	  1.8090
 20.1879	130.5000	  9.8161	118.7458	  1.8089
 20.1670	130.8917	  9.8207	119.2917	  1.8091
 20.1893	131.2000	  9.8152	118.4333	  1.8088
 20.1896	131.3042	  9.8093	119.1083	  1.8092
 20.1918	131.1125	  9.8370	118.2792	  1.8091
 20.1627	130.6125	  9.8213	118.2500	  1.8089
 20.1896	130.7458	  9.8263	118.7042	  1.8085
 20.1809	130.9750	  9.8032	118.4167	  1.8085
 20.1668	130.6042	  9.8141	118.7917	  1.8093
 20.1672	130.6792	  9.8252	118.2708	  1.8093
 20.1758	131.1167	  9.8044	118.4500	  1.8086
 20.2114	130.8292	  9.8077	118.0000	  1.8086
 20.1876	130.8792	  9.8215	118.7375	  1.8086
 20.1694	130.6750	  9.8194	118.9917	  1.8092
 20.1719	130.9875	  9.8116	118.4625	  1.8087
 20.1739	130.6958	  9.8133	118.5917	  1.8088
 20.1757	130.8458	  9.8080	118.8125	  1.8089
 20.1664	130.9750	  9.8214	118.5000	  1.8093
 20.1935	130.3750	  9.8106	117.9833	  1.8088
 20.1730	131.3708	  9.8344	118.5667	  1.8085
 20.1659	131.4333	  9.8382	118.5875	  1.8089
 20.1857	131.1625	  9.8032	118.2375	  1.8088
 20.1820	130.9958	  9.8312	118.3875	  1.8094
 20.1842	130.7125	  9.7970	118.1500	  1.8090
 20.1761	130.2333	  9.8102	118.0792	  1.8095
 20.1874	131.1000	  9.8335	118.8542	  1.8089
 20.1697	130.6167	  9.8169	118.6167	  1.8090
 20.1868	130.4833	  9.8186	118.0042	  1.8092
 20.1886	130.7417	  9.8191	118.0667	  1.8089
 20.1647	130.8917	  9.8138	118.9125	  1.8087
 20.1674	130.7167	  9.8065	118.9250	  1.8089
 20.1882	130.9542	  9.8299	118.5708	  1.8089
 20.1704	130.8333	  9.8300	118.4375	  1.8081
 20.1782	130.9792	  9.8082	118.5917	  1.8084
 20.1870	131.1708	  9.8169	119.5292	  1.8089
 20.1943	130.4917	  9.8356	118.6667	  1.8087
 20.1769	131.1458	  9.8045	118.3917	  1.8090
 20.1909	130.3208	  9.8391	118.4333	  1.8097
 20.1718	129.9375	  9.8205	118.6083	  1.8084
 20.1790	130.7458	  9.8234	118.4875	  1.8090
 20.1827	130.7083	  9.8329	118.5750	  1.8092
 20.1559	131.0583	  9.8098	118.8875	  1.8090
 20.1564	131.0875	  9.8054	118.7125	  1.8087
 20.1613	130.9375	  9.8279	118.7583	  1.8091
 20.1754	130.9500	  9.8263	118.7042	  1.8084
 20.1816	130.4792	  9.8218	118.2500	  1.8090
 20.1693	130.7583	  9.8136	118.9167	  1.8087
 20.1839	131.6167	  9.8296	118.2708	  1.8093
 20.1824	131.0417	  9.8099	119.2583	  1.8087
 20.1692	130.8417	  9.8085	118.6833	  1.8095
 20.1816	131.1250	  9.8149	119.1375	  1.8090
 20.1838	130.8750	  9.8123	118.1167	  1.8089
 20.1843	131.3708	  9.8233	118.9625	  1.8090
 20.1868	130.8250	  9.8219	118.4333	  1.8092
 20.1832	130.8833	  9.8267	118.5208	  1.8092
 20.1759	130.7333	  9.8183	118.6750	  1.8089
 20.1746	130.7333	  9.8122	118.9083	  1.8087
 20.1718	130.9917	  9.8090	118.4500	  1.8085
 20.1777	130.8208	  9.8168	118.4375	  1.8090
 20.1682	131.1500	  9.8181	118.7250	  1.8090
 20.1678	130.7042	  9.8111	118.3542	  1.8080
 20.1564	131.0583	  9.8184	118.4375	  1.8087
 20.1470	131.0500	  9.8309	118.3458	  1.8089
 20.1892	130.6167	  9.8269	118.9333	  1.8093
 20.1640	130.8417	  9.8227	118.6292	  1.8087
 20.1612	131.1125	  9.8237	118.2125	  1.8087
 20.1842	130.8208	  9.8305	118.8500	  1.8090
 20.1815	130.5542	  9.8028	118.7792	  1.8092
 20.1606	131.1500	  9.8178	118.1333	  1.8087
 20.1690	130.8500	  9.8148	118.5875	  1.8091
 20.1714	130.5375	  9.8172	119.3333	  1.8090
 20.1674	130.9000	  9.8158	118.1000	  1.8093
 20.1767	131.1125	  9.8249	118.7417	  1.8089
 20.1834	130.6792	  9.8291	118.5792	  1.8089
 20.1706	131.0708	  9.8417	119.0500	  1.8090
 20.1725	130.7208	  9.8187	118.5375	  1.8092
 20.1707	130.9458	  9.8159	119.1500	  1.8090
 20.1871	130.4875	  9.8227	118.4667	  1.8093
 20.1733	130.7250	  9.8270	118.5917	  1.8094
 20.1660	130.5417	  9.8152	118.3042	  1.8098
 20.1631	130.7667	  9.8286	118.5333	  1.8087
 20.1701	130.4167	  9.8096	118.3917	  1.8089
 20.1840	130.9667	  9.8211	118.8875	  1.8094
 20.1758	131.4667	  9.8181	118.5833	  1.8089
 20.1762	131.0750	  9.8120	118.8583	  1.8088
 20.1995	130.6667	  9.8288	118.7708	  1.8090
 20.1759	131.2917	  9.8045	118.5167	  1.8093
 20.1606	130.3833	  9.8162	119.1708	  1.8085
 20.1673	130.0500	  9.7969	118.8167	  1.8088
 20.1845	131.5417	  9.8421	118.5833	  1.8091
 20.1791	131.1792	  9.8313	118.4500	  1.8090
 20.1871	130.9375	  9.8214	118.1625	  1.8086
 20.1756	130.9708	  9.8399	118.7458	  1.8090
 20.1754	131.3250	  9.8356	118.9792	  1.8092
 20.1779	131.6750	  9.8177	119.2333	  1.8091
 20.1811	130.8042	  9.8311	118.5333	  1.8090
 20.1618	131.3000	  9.8237	118.4583	  1.8091
 20.1610	130.7333	  9.8077	117.7375	  1.8084
 20.1614	130.5667	  9.8248	118.7750	  1.8091
 20.1769	130.8125	  9.8298	118.6917	  1.8092
 20.1928	130.8792	  9.8302	118.7167	  1.8093
 20.1725	130.4875	  9.8272	118.6042	  1.8091
 20.1647	130.9708	  9.8090	118.5792	  1.8091
 20.1742	131.1167	  9.7971	118.6792	  1.8089
 20.1708	131.1583	  9.7931	118.7792	  1.8090
 20.1807	130.5417	  9.8068	118.2667	  1.8090
 20.1793	130.8917	  9.8333	118.7875	  1.8089
 20.1815	130.5917	  9.8055	118.8417	  1.8086
 20.1809	130.8583	  9.8145	118.7042	  1.8089
 20.1803	130.6667	  9.8096	118.3667	  1.8092
 20.1973	131.1208	  9.8283	118.3375	  1.8091
 20.1674	130.4625	  9.8267	118.1917	  1.8090
 20.1638	131.3708	  9.8299	118.5042	  1.8088
 20.1680	131.5167	  9.8116	118.9875	  1.8088
 20.1774	130.6958	  9.8198	118.7500	  1.8091
 20.1819	130.6792	  9.8085	118.8292	  1.8095
 20.1652	130.8417	  9.8327	118.2208	  1.8090
 20.1748	131.4583	  9.8215	118.6167	  1.8095
 20.1764	130.5458	  9.8295	118.2083	  1.8095
 20.1852	130.8125	  9.8116	117.7500	  1.8094
 20.1657	130.9417	  9.8405	118.9708	  1.8092
 20.1527	130.5917	  9.8214	118.8625	  1.8094
 20.1821	130.5000	  9.8262	118.3042	  1.8090
 20.1728	131.4500	  9.8285	118.9708	  1.8088
 20.1557	130.3583	  9.8259	118.5083	  1.8091
 20.1635	130.7333	  9.8038	118.8583	  1.8087
 20.1922	130.7125	  9.8344	118.8208	  1.8084
 20.1696	131.2125	  9.8276	118.4958	  1.8082
 20.1569	130.2583	  9.8242	118.5125	  1.8090
 20.1910	131.3458	  9.8029	118.2417	  1.8086
 20.1893	130.9375	  9.8274	118.5250	  1.8087
 20.1821	131.0500	  9.8338	118.6917	  1.8090
 20.1739	130.8417	  9.8344	119.2292	  1.8091
 20.1677	131.3333	  9.7982	118.8625	  1.8089
 20.1730	130.2625	  9.8172	118.5167	  1.8091
 20.1837	130.1042	  9.8084	118.5000	  1.8088
 20.1830	130.6708	  9.8296	118.4917	  1.8092
 20.1500	130.9458	  9.8179	118.5500	  1.8088
 20.1812	130.6500	  9.8142	118.9708	  1.8089
 20.1796	131.0125	  9.8196	117.9417	  1.8090
 20.1692	131.3792	  9.8197	118.7292	  1.8092
 20.1881	131.0167	  9.8034	118.7167	  1.8092
 20.1736	130.8833	  9.8140	118.2750	  1.8096
 20.1815	130.8208	  9.8262	118.8292	  1.8092
 20.1529	130.9792	  9.8116	118.0375	  1.8087
 20.1738	131.7125	  9.8203	118.8417	  1.8088
 20.1715	131.0042	  9.8082	118.4458	  1.8088
 20.1780	130.7792	  9.8171	118.5167	  1.8087
 20.1852	130.3750	  9.8393	118.1750	  1.8084
 20.1740	130.7833	  9.8034	118.6083	  1.8084
 20.1839	130.8792	  9.8091	118.4417	  1.8089
 20.1893	130.5458	  9.8358	119.0333	  1.8093
 20.1711	130.7667	  9.7959	118.5125	  1.8091
 20.1740	130.9042	  9.8283	118.1208	  1.8090
 20.1697	130.6500	  9.8214	118.7250	  1.8083
 20.1637	131.1125	  9.8223	118.7042	  1.8089
 20.1661	130.9542	  9.8034	118.7208	  1.8090
 20.1620	131.3917	  9.8143	118.1667	  1.8092
 20.1933	131.4333	  9.8357	118.7208	  1.8087
 20.1910	130.7542	  9.8254	118.4625	  1.8096
 20.1769	130.3417	  9.8354	118.3958	  1.8087
 20.1792	130.5000	  9.8165	118.8667	  1.8093
 20.1782	130.4500	  9.7861	118.5333	  1.8090
 20.1822	130.5167	  9.8363	118.9417	  1.8093
 20.1672	130.8667	  9.8110	118.8667	  1.8089
 20.1961	130.7875	  9.8283	118.5917	  1.8085
 20.1696	130.4667	  9.8052	118.7250	  1.8091
 20.1803	130.9250	  9.8275	118.4042	  1.8089
 20.1544	131.1833	  9.8274	118.1917	  1.8088
 20.1705	130.0917	  9.8295	118.4125	  1.8093
 20.1793	130.4625	  9.8176	118.3917	  1.8089
 20.1636	130.8000	  9.8197	118.0833	  1.8089
 20.1801	130.3583	  9.8171	118.3833	  1.8088
 20.1783	131.1875	  9.8083	118.6833	  1.8084
 20.2031	130.4708	  9.8208	118.7833	  1.8089
 20.1573	130.4917	  9.8261	118.7000	  1.8086
 20.1850	131.2417	  9.8178	118.9500	  1.8085
 20.1815	130.4333	  9.8033	118.0875	  1.8084
 20.1821	131.5833	  9.8080	119.4250	  1.8086
 20.1921	130.4625	  9.8249	117.9917	  1.8098
 20.1943	130.5542	  9.8409	118.1042	  1.8090
 20.1806	130.8042	  9.8174	118.5958	  1.8091
 20.1795	130.1750	  9.8253	118.8792	  1.8088
 20.1857	131.1167	  9.8199	119.1792	  1.8092
 20.1840	130.9583	  9.8444	118.2250	  1.8085
 20.1793	131.0292	  9.8009	118.8833	  1.8082
 20.1661	130.7458	  9.8201	118.7708	  1.8084
 20.1644	131.2875	  9.8152	118.8333	  1.8088
 20.1778	130.8542	  9.8098	118.8167	  1.8087
 20.1728	131.1125	  9.8310	117.7958	  1.8087
 20.1879	131.0042	  9.8364	118.1875	  1.8094
 20.1684	131.1083	  9.8252	118.7542	  1.8091
 20.1836	130.7708	  9.8152	118.6000	  1.8085
 20.1637	131.1583	  9.8282	117.9750	  1.8089
 20.1816	131.1375	  9.8381	118.5583	  1.8091
 20.1847	130.2167	  9.8216	118.1458	  1.8087
 20.1663	130.7875	  9.8215	119.0458	  1.8094
 20.1785	130.9625	  9.8188	118.5458	  1.8090
 20.1874	130.6417	  9.8231	118.7250	  1.8095
 20.1786	130.3000	  9.8217	118.1000	  1.8091
 20.1735	130.4333	  9.8210	118.5708	  1.8088
 20.1656	131.6167	  9.8061	118.8167	  1.8089
 20.1860	130.8542	  9.8257	118.3458	  1.8088
 20.1858	130.8667	  9.8196	118.6875	  1.8084
 20.1755	131.0250	  9.8156	118.6667	  1.8085
 20.1749	130.6958	  9.8153	117.7500	  1.8084
 20.1699	131.1542	  9.8082	118.4542	  1.8088
 20.1656	131.2333	  9.8190	118.5917	  1.8088
 20.1796	130.6958	  9.8149	119.0000	  1.8090
 20.1874	131.0667	  9.7967	118.4667	  1.8095
 20.1746	130.6500	  9.8145	118.6292	  1.8096
 20.1815	131.0000	  9.8174	118.3333	  1.8088
 20.1771	130.3542	  9.8100	118.0542	  1.8091
 20.1846	131.3500	  9.8247	118.6833	  1.8085
 20.1650	130.6542	  9.7993	118.4083	  1.8087
 20.1647	130.9333	  9.8102	118.2542	  1.8090
 20.1803	130.9750	  9.8041	118.1958	  1.8087
 20.1872	130.5083	  9.8203	119.2917	  1.8089
 20.1773	130.6125	  9.8036	118.5250	  1.8086
 20.1736	130.5250	  9.8018	118.6625	  1.8091
 20.1645	131.1875	  9.8275	118.8792	  1.8092
 20.1732	131.1708	  9.8335	118.6542	  1.8092
 20.1769	130.5000	  9.8110	118.5750	  1.8087
 20.1770	131.0500	  9.8146	119.0833	  1.8092
 20.1902	130.9042	  9.8269	118.5500	  1.8089
 20.1939	130.3375	  9.8087	119.0708	  1.8090
 20.1781	131.1333	  9.8159	118.9000	  1.8096
 20.1716	130.9500	  9.8096	118.1333	  1.8088
 20.1573	131.3792	  9.8211	118.6667	  1.8092
 20.1849	129.9917	  9.8312	119.4875	  1.8088
 20.1622	131.1958	  9.8117	118.6083	  1.8090
 20.1659	131.4208	  9.8365	118.9458	  1.8093
 20.1873	130.9500	  9.8366	118.7167	  1.8094
 20.1711	130.9708	  9.8115	118.8792	  1.8086
 20.1721	130.7458	  9.8232	118.5750	  1.8087
 20.1644	131.1625	  9.8166	118.4250	  1.8088
 20.1785	130.8792	  9.8168	119.0542	  1.8083
 20.1733	131.0292	  9.8269	118.4500	  1.8091
 20.1889	130.5875	  9.8243	118.6917	  1.8088
 20.1690	131.1292	  9.8104	118.6458	  1.8091
 20.1909	130.3875	  9.8395	118.5292	  1.8087
 20.1812	130.6958	  9.8233	118.3333	  1.8087
 20.1701	131.2000	  9.8058	118.5667	  1.8091
 20.1657	130.5625	  9.8135	118.2417	  1.8092
 20.1549	130.5708	  9.8216	118.4042	  1.8087
 20.1833	130.8125	  9.8053	118.7958	  1.8088
 20.1725	130.5375	  9.8133	119.2250	  1.8091
 20.1652	130.7250	  9.8283	118.4625	  1.8085
 20.1995	130.7125	  9.8306	119.1083	  1.8090
 20.1683	131.1292	  9.8038	118.8458	  1.8088
 20.1865	130.4917	  9.8155	118.9625	  1.8092
 20.1634	130.4375	  9.8023	118.3458	  1.8090
 20.1801	131.3167	  9.7934	118.8792	  1.8084
 20.1831	131.0750	  9.8439	118.5500	  1.8082
 20.1775	131.1875	  9.8225	118.6750	  1.8090
 20.2003	130.4375	  9.8237	118.3417	  1.8091
 20.1646	131.4292	  9.8251	118.5583	  1.8095
 20.1981	130.4417	  9.8354	118.5208	  1.8085
 20.1815	131.0208	  9.8262	118.4667	  1.8086
 20.1570	131.2792	  9.8198	118.7958	  1.8084
 20.1779	130.7542	  9.8279	118.9458	  1.8087
 20.1582	130.9917	  9.8129	118.7708	  1.8094
 20.1731	129.9042	  9.7959	118.4875	  1.8089
 20.1786	130.5417	  9.7999	118.7458	  1.8089
 20.1827	130.6917	  9.8288	118.7875	  1.8087
 20.1724	130.5000	  9.8279	118.8667	  1.8089
 20.1573	131.4625	  9.8180	118.7583	  1.8089
 20.1796	131.2375	  9.8080	118.3958	  1.8089
 20.1784	130.8250	  9.8314	118.1250	  1.8091
 20.1705	131.4000	  9.8233	118.8833	  1.8088
 20.1547	131.0375	  9.8055	118.5958	  1.8090
 20.1820	130.7083	  9.8256	118.4042	  1.8094
 20.1800	130.7792	  9.8204	118.5333	  1.8089
 20.1696	130.5917	  9.8252	118.9167	  1.8089
 20.1858	130.7083	  9.8318	118.1375	  1.8092
 20.1581	130.9958	  9.8006	119.1833	  1.8087
 20.1728	130.9667	  9.8405	118.6083	  1.8095
 20.1779	131.2250	  9.8306	118.9458	  1.8090
 20.1622	131.1333	  9.8160	118.6500	  1.8090
 20.1841	130.4958	  9.8152	118.9000	  1.8086
 20.1772	130.9167	  9.8238	118.1917	  1.8086
 20.1940	131.3167	  9.8327	118.1333	  1.8085
 20.1781	131.1708	  9.8235	118.6958	  1.8090
 20.1883	130.9292	  9.8295	118.2125	  1.8088
 20.2044	130.7500	  9.8164	119.1792	  1.8091
 20.1714	130.4750	  9.8111	118.8375	  1.8089
 20.1790	130.6542	  9.8203	118.8125	  1.8084
 20.1680	130.2375	  9.8175	118.5917	  1.8093
 20.1702	130.0708	  9.8126	118.6917	  1.8089
 20.1841	130.6833	  9.8050	118.5542	  1.8087
 20.1847	131.4750	  9.8286	118.8667	  1.8086
 20.1795	131.1875	  9.8303	118.7208	  1.8091
 20.1701	130.7167	  9.8177	118.3125	  1.8087
 20.1914	130.7625	  9.8214	118.8792	  1.8091
 20.1763	130.5333	  9.8036	118.9958	  1.8089
 20.1830	131.2833	  9.8078	118.0833	  1.8088
 20.1952	130.9333	  9.8177	118.7000	  1.8085
 20.1836	130.9458	  9.8434	118.0958	  1.8089
 20.1879	131.1875	  9.8320	118.1708	  1.8089
 20.1741	130.6917	  9.8141	118.4833	  1.8093
 20.1774	130.5583	  9.8110	118.3750	  1.8093
 20.1731	131.4333	  9.8208	118.7375	  1.8089
 20.2067	130.7875	  9.8066	118.8625	  1.8083
 20.1670	130.3208	  9.8129	118.7000	  1.8089
 20.1601	130.9958	  9.8254	118.4917	  1.8079
 20.1856	131.2625	  9.8180	118.3125	  1.8087
 20.1590	130.5167	  9.8179	118.7750	  1.8086
 20.1757	130.8750	  9.8081	118.4708	  1.8087
 20.1675	130.9833	  9.8205	118.3750	  1.8093
 20.2036	131.2500	  9.8240	118.3000	  1.8087
 20.1786	130.8000	  9.8133	118.4208	  1.8088
 20.1692	130.1042	  9.8112	118.5250	  1.8091
 20.1764	130.7042	  9.8137	118.3500	  1.8086
 20.1798	130.7167	  9.8196	119.2625	  1.8095
 20.1904	130.6750	  9.8248	119.0000	  1.8085
 20.1733	131.2083	  9.8203	119.3000	  1.8086
 20.1807	130.8792	  9.7993	118.3125	  1.8090
 20.1690	131.0250	  9.8244	118.2917	  1.8088
 20.1731	130.7375	  9.8180	118.8458	  1.8078
 20.1799	131.1083	  9.8288	118.4333	  1.8089
 20.1743	130.8125	  9.8160	118.7417	  1.8090
 20.1763	130.8500	  9.8110	118.0583	  1.8093
 20.1787	131.3042	  9.8243	118.7708	  1.8084
 20.1805	130.3917	  9.8050	119.2167	  1.8081
 20.1780	130.6250	  9.8278	118.4375	  1.8084
 20.1743	130.8375	  9.8167	118.8500	  1.8089
 20.1627	131.8875	  9.8043	119.0333	  1.8089
 20.1656	131.0083	  9.8151	118.7750	  1.8082
 20.1971	130.9667	  9.8364	118.2542	  1.8090
 20.1851	131.2417	  9.8037	118.6542	  1.8088
 20.2030	130.9667	  9.8138	118.2042	  1.8090
 20.1665	131.0417	  9.8255	118.1417	  1.8090
 20.1766	130.5833	  9.8356	118.5667	  1.8090
 20.1771	131.0417	  9.8353	118.2458	  1.8089
 20.1721	131.1667	  9.7972	118.2417	  1.8085
 20.1956	131.2125	  9.8251	119.1500	  1.8088
 20.1683	130.9292	  9.8216	118.6667	  1.8092
 20.1767	130.8958	  9.8105	118.7208	  1.8085
 20.1827	130.8292	  9.8182	118.8875	  1.8088
 20.1627	130.9250	  9.8182	118.0000	  1.8087
 20.1848	130.5750	  9.8023	119.0250	  1.8089
 20.1755	130.8875	  9.8020	118.9708	  1.8085
 20.1686	130.7500	  9.8260	118.6208	  1.8080
 20.1863	130.9250	  9.8207	119.2917	  1.8088
 20.1747	130.8500	  9.8117	119.0167	  1.8084
 20.1767	130.7917	  9.8132	118.9167	  1.8092
 20.1832	130.5208	  9.8205	118.1625	  1.8085
 20.1588	130.9000	  9.8188	118.7500	  1.8091
 20.1836	131.0792	  9.7999	118.4250	  1.8088
 20.1631	131.1000	  9.8230	118.7833	  1.8084
 20.1609	130.3333	  9.8325	118.9125	  1.8087
 20.1773	131.2042	  9.7940	118.7542	  1.8086
 20.1656	130.8750	  9.8116	118.8000	  1.8085
 20.1966	130.8250	  9.8217	119.1125	  1.8089
 20.1726	130.9333	  9.8341	118.5000	  1.8085
 20.1797	130.5708	  9.8151	118.8458	  1.8086
 20.1877	131.6250	  9.8224	118.5167	  1.8086
 20.1776	130.6833	  9.7980	118.7458	  1.8087
 20.1627	130.4250	  9.8070	118.3417	  1.8088
 20.1785	130.6458	  9.7987	118.4083	  1.8088
 20.1853	130.4417	  9.8291	119.1250	  1.8085
 20.1707	130.7958	  9.8179	118.3917	  1.8092
 20.1658	130.9000	  9.8192	117.8250	  1.8094
 20.1915	130.6583	  9.8081	119.1042	  1.8093
 20.1727	131.1750	  9.8189	119.2208	  1.8091
 20.1563	131.0042	  9.7998	118.6875	  1.8092
 20.2010	131.2083	  9.8571	118.8000	  1.8088
 20.1622	130.8875	  9.8159	118.6667	  1.8088
 20.1782	130.7583	  9.8180	118.7958	  1.8085
 20.1834	130.7583	  9.8145	118.2708	  1.8093
 20.1866	130.6042	  9.8192	118.6542	  1.8086
 20.1701	130.5625	  9.8198	118.5417	  1.8089
 20.1824	131.2583	  9.8068	118.6875	  1.8090
 20.1901	130.8542	  9.8090	118.6083	  1.8096
 20.1664	130.4625	  9.8175	118.8542	  1.8096
 20.1715	131.5417	  9.7993	118.3958	  1.8093
 20.1790	131.0542	  9.8124	119.2250	  1.8090
 20.1814	130.7625	  9.8262	117.8958	  1.8084
 20.1721	130.3083	  9.8154	118.6333	  1.8088
 20.1650	130.7250	  9.8133	118.3333	  1.8085
 20.1760	130.9333	  9.8059	118.8333	  1.8093
 20.1812	130.9375	  9.8295	118.4167	  1.8089
 20.1883	130.9750	  9.8094	118.6750	  1.8085
 20.1863	130.2500	  9.8196	118.5750	  1.8081
 20.1752	130.9542	  9.8136	118.5667	  1.8087
 20.1631	130.8375	  9.7895	118.5792	  1.8091
 20.1914	130.4083	  9.8159	118.7542	  1.8093
 20.1846	131.0958	  9.8316	118.8125	  1.8085
 20.1839	131.2167	  9.8003	118.8083	  1.8085
 20.1829	130.9042	  9.8239	118.6667	  1.8086
 20.1637	130.9250	  9.7942	118.2167	  1.8083
 20.1842	130.9042	  9.8185	119.1042	  1.8088
 20.1717	130.9708	  9.8146	118.5125	  1.8086
 20.1905	131.0250	  9.8290	118.5125	  1.8090
 20.1803	131.1875	  9.8367	118.3500	  1.8083
 20.1698	130.8625	  9.8447	118.8333	  1.8090
 20.1806	130.8458	  9.8244	118.6750	  1.8086
 20.1711	130.4083	  9.8139	118.4958	  1.8089
 20.1807	130.5792	  9.8126	118.8000	  1.8090
 20.1987	131.2417	  9.8179	118.4250	  1.8085
 20.1869	130.8333	  9.8105	118.4875	  1.8090
 20.1691	130.5083	  9.8135	118.6292	  1.8088
 20.1613	130.6417	  9.8141	118.8792	  1.8092
 20.1756	130.7333	  9.8141	118.5208	  1.8091
 20.1713	130.7375	  9.8147	119.0875	  1.8090
 20.1763	130.7917	  9.8229	118.9125	  1.8088
 20.1820	130.7375	  9.8175	118.3417	  1.8081
 20.1817	130.6500	  9.8369	119.4042	  1.8088
 20.1702	130.8833	  9.8287	118.5333	  1.8090
 20.1890	130.5458	  9.8320	118.7083	  1.8083
 20.1626	130.2708	  9.8226	118.4833	  1.8086
 20.1972	131.1000	  9.8074	118.8375	  1.8091
 20.1867	130.6583	  9.8265	118.3792	  1.8091
 20.1716	131.1875	  9.8066	118.6667	  1.8087
 20.1927	130.1792	  9.8164	118.5375	  1.8092
 20.1658	131.3583	  9.8213	117.8417	  1.8093
 20.1808	130.6750	  9.8324	118.6292	  1.8087
 20.1825	130.5333	  9.7931	118.9958	  1.8087
 20.1689	130.8208	  9.8346	118.1583	  1.8086
 20.1746	130.9958	  9.8185	118.5542	  1.8091
 20.1914	130.5208	  9.8233	118.9667	  1.8094
 20.1846	130.8042	  9.8228	119.4042	  1.8079
 20.1747	131.0250	  9.8253	118.8708	  1.8088
 20.1952	130.8125	  9.8108	118.6792	  1.8092
 20.1745	130.5500	  9.8215	118.6250	  1.8091
 20.1851	130.6875	  9.8294	118.3000	  1.8087
 20.1768	131.3625	  9.8262	118.3125	  1.8095
 20.1728	131.2375	  9.8342	119.1583	  1.8092
 20.1870	131.5125	  9.8140	118.8125	  1.8087
 20.1674	131.1833	  9.8305	118.4958	  1.8084
 20.1692	131.1667	  9.8288	118.8667	  1.8081
 20.1830	130.7667	  9.8136	118.2292	  1.8084
 20.1863	130.5667	  9.8056	118.7333	  1.8088
 20.1767	130.6500	  9.8118	119.0917	  1.8090
 20.1890	130.6708	  9.8226	118.6542	  1.8092
 20.1820	130.3625	  9.8200	118.2292	  1.8086
 20.1930	130.9917	  9.8319	119.2542	  1.8088
 20.1600	131.2083	  9.8233	118.5708	  1.8091
 20.1788	130.6125	  9.8174	118.2667	  1.8082
 20.1940	131.0458	  9.8190	118.6208	  1.8085
 20.1766	130.9042	  9.8138	118.4708	  1.8090
 20.1818	130.3958	  9.8068	117.6917	  1.8091
 20.1654	130.9083	  9.8294	118.5542	  1.8090
 20.1767	131.0500	  9.8087	118.3167	  1.8083
 20.1638	131.2792	  9.8174	119.0500	  1.8090
 20.1965	131.1417	  9.8150	118.7708	  1.8084
 20.1673	131.1292	  9.8383	118.1833	  1.8090
 20.1720	130.7375	  9.8424	119.0958	  1.8082
 20.1795	130.4958	  9.8260	118.7375	  1.8088
 20.1929	130.5708	  9.8177	118.3333	  1.8092
 20.1736	130.2750	  9.8227	119.3125	  1.8093
 20.1909	130.7833	  9.8375	119.0083	  1.8090
 20.1680	130.8250	  9.8227	118.9375	  1.8090
 20.1767	130.6833	  9.8161	118.5042	  1.8086
 20.1860	130.7458	  9.8191	118.5625	  1.8094
 20.1736	130.8000	  9.8209	118.9667	  1.8088
 20.1794	130.4458	  9.8301	118.2333	  1.8086
 20.1748	130.7792	  9.8179	117.8583	  1.8083
 20.1808	130.4958	  9.8317	118.6292	  1.8084
 20.1796	130.6333	  9.8028	118.6542	  1.8087
 20.1759	130.9833	  9.8405	118.7833	  1.8082
 20.1980	131.2333	  9.8090	118.6833	  1.8085
 20.1879	130.8583	  9.8235	118.4792	  1.8086
 20.1845	131.0583	  9.8148	119.1833	  1.8084
 20.1658	130.3333	  9.8205	117.9917	  1.8091
 20.1664	131.1042	  9.8128	119.0583	  1.8085
 20.1808	130.8458	  9.8140	118.3708	  1.8088
 20.1891	131.1250	  9.8088	118.6667	  1.8092
 20.1781	130.8750	  9.8159	118.6208	  1.8088
 20.1755	131.4125	  9.8166	118.6208	  1.8082
 20.1638	130.2125	  9.8327	119.0625	  1.8087
 20.1526	131.1292	  9.8298	118.8042	  1.8089
 20.1794	130.7542	  9.8123	118.5917	  1.8085
 20.1688	130.3375	  9.8214	118.7125	  1.8083
 20.1793	130.3542	  9.8154	118.5208	  1.8090
 20.1693	130.8292	  9.8074	117.9417	  1.8090
 20.1656	130.3250	  9.8236	118.5417	  1.8088
 20.1809	131.2875	  9.8302	118.4708	  1.8084
 20.1689	130.8792	  9.7927	118.8292	  1.8084
 20.1895	131.0750	  9.8053	118.5667	  1.8084
 20.1769	131.4333	  9.8149	118.5208	  1.8083
 20.1827	131.0208	  9.8325	118.4917	  1.8083
 20.1698	130.7083	  9.8189	119.0375	  1.8087
 20.1875	131.0958	  9.8318	118.1875	  1.8084
 20.1779	131.1958	  9.8155	118.5833	  1.8088
 20.1721	130.8792	  9.8157	118.1792	  1.8087
 20.1675	131.1583	  9.8211	118.5333	  1.8091
 20.1805	130.7458	  9.8254	118.6875	  1.8092
 20.1792	130.8667	  9.8348	118.3875	  1.8092
 20.1779	131.0000	  9.8266	118.4167	  1.8084
 20.1859	131.0458	  9.8252	118.2875	  1.8086
 20.1842	130.9167	  9.8288	118.5333	  1.8091
 20.1636	131.4250	  9.8118	118.2042	  1.8093
 20.1778	131.3375	  9.8296	118.3083	  1.8084
 20.1503	131.2958	  9.8317	118.4208	  1.8084
 20.1811	131.0250	  9.8289	119.1917	  1.8086
 20.1760	130.3208	  9.8331	118.1417	  1.8087
 20.1896	131.2917	  9.8093	118.1792	  1.8092
 20.2003	131.2208	  9.8080	118.4792	  1.8092
 20.1800	131.0583	  9.8142	118.4917	  1.8084
 20.1797	130.7208	  9.8103	119.0208	  1.8088
 20.1887	131.2750	  9.8228	118.9958	  1.8089
 20.1758	130.8250	  9.8110	118.0375	  1.8090
 20.1826	130.6750	  9.8148	118.3833	  1.8085
 20.1615	131.5667	  9.8255	118.4208	  1.8088
 20.1779	131.4208	  9.8250	117.9583	  1.8082
 20.1739	130.7250	  9.8241	117.7458	  1.8094
 20.1788	130.5625	  9.8171	119.1083	  1.8089
 20.2011	130.8833	  9.8213	119.1958	  1.8087
 20.1770	130.8042	  9.8315	118.6458	  1.8088
 20.1890	130.2375	  9.8280	119.0833	  1.8089
 20.1790	131.1417	  9.8303	119.1208	  1.8090
 20.1686	130.6375	  9.8178	118.9167	  1.8090
 20.1758	130.9167	  9.8187	118.6250	  1.8085
 20.1701	130.4667	  9.8079	118.4375	  1.8088
 20.1865	130.6917	  9.8133	118.0167	  1.8092
 20.1649	131.4667	  9.8258	118.0667	  1.8085
 20.1816	130.9667	  9.8148	118.6125	  1.8085
 20.1717	130.7333	  9.8151	118.3958	  1.8083
 20.1722	130.6667	  9.8234	118.7625	  1.8089
 20.1862	131.1500	  9.8149	118.8875	  1.8085
 20.1685	131.1250	  9.8164	118.4958	  1.8087
 20.1810	129.9083	  9.8166	118.7458	  1.8091
 20.2096	130.9125	  9.8147	119.1167	  1.8090
 20.1694	130.7500	  9.8154	118.3167	  1.8082
 20.1709	130.9333	  9.8115	118.7750	  1.8084
 20.1794	131.3542	  9.8231	118.2208	  1.8087
 20.1893	130.5208	  9.8214	118.8000	  1.8086
 20.1726	130.7292	  9.8184	118.2250	  1.8084
 20.1955	131.4458	  9.8230	118.0375	  1.8089
 20.1660	130.9417	  9.7979	118.1083	  1.8089
 20.1630	130.5708	  9.8090	118.0958	  1.8084
 20.1789	131.3292	  9.8050	118.7125	  1.8088
 20.1781	130.7792	  9.8190	118.8000	  1.8083
 20.1726	131.0667	  9.8100	118.1375	  1.8087
 20.1685	130.9042	  9.8172	119.2208	  1.8086
 20.1936	131.6667	  9.7943	118.2500	  1.8084
 20.1726	130.3917	  9.8021	118.9167	  1.8084
 20.1923	130.9667	  9.8158	118.6958	  1.8084
 20.1704	130.9292	  9.8131	118.9167	  1.8088
 20.1613	130.2833	  9.8093	118.9250	  1.8085
 20.1661	131.0417	  9.8166	119.1583	  1.8091
 20.1732	130.6875	  9.8181	119.0375	  1.8085
 20.1937	131.2292	  9.8092	118.7125	  1.8089
 20.1787	130.5542	  9.8050	118.2333	  1.8085
 20.1856	130.8333	  9.8210	118.7000	  1.8088
 20.1777	130.1792	  9.8232	118.6375	  1.8088
 20.1933	130.8625	  9.8168	118.9167	  1.8084
 20.1723	131.4125	  9.7956	118.3208	  1.8084
 20.1797	131.2917	  9.7998	118.2542	  1.8089
 20.1605	131.1125	  9.8150	118.3875	  1.8084
 20.1843	130.9417	  9.8054	118.9333	  1.8084
 20.1704	130.8875	  9.8216	118.2667	  1.8085
 20.1891	130.6042	  9.7985	118.2417	  1.8091
 20.1650	131.1000	  9.8173	118.1750	  1.8090
 20.1636	130.8917	  9.8195	118.1917	  1.8091
 20.1720	131.0625	  9.8141	118.6042	  1.8094
 20.1887	130.6875	  9.8159	118.4917	  1.8091
 20.1930	130.4708	  9.8081	118.3958	  1.8089
 20.1700	130.9833	  9.8102	118.9375	  1.8088
 20.1689	131.2667	  9.8333	118.6125	  1.8083
 20.1724	130.9667	  9.8168	118.6333	  1.8090
 20.1660	131.3958	  9.8100	118.5167	  1.8084
 20.1997	130.9125	  9.8087	118.2167	  1.8081
 20.1602	131.2625	  9.8006	118.4417	  1.8088
 20.1708	130.4958	  9.8171	118.6458	  1.8085
 20.1769	130.6042	  9.8133	118.0958	  1.8085
 20.1671	130.9375	  9.8155	118.6333	  1.8086
 20.1905	131.2417	  9.8230	118.7583	  1.8090
 20.1681	130.3292	  9.8219	118.5542	  1.8089
 20.1609	131.0667	  9.8183	118.7333	  1.8091
 20.1724	130.6292	  9.8400	118.7583	  1.8086
 20.1679	130.3375	  9.8368	118.5083	  1.8086
 20.1816	130.2083	  9.8187	118.4625	  1.8083
 20.1840	131.2958	  9.8374	118.9667	  1.8089
 20.1781	131.1417	  9.8042	118.8708	  1.8091
 20.1577	131.0083	  9.8275	118.4167	  1.8084
 20.1657	131.0333	  9.8179	118.7958	  1.8083
 20.1904	130.8750	  9.8098	118.4958	  1.8088
 20.1898	130.4250	  9.8322	119.4375	  1.8086
 20.1730	130.9417	  9.8186	118.6792	  1.8086
 20.1926	131.0375	  9.8276	118.8083	  1.8091
 20.1731	131.4417	  9.7975	118.6250	  1.8087
 20.1780	130.6083	  9.8120	118.9833	  1.8083
 20.1744	131.1458	  9.8066	118.9333	  1.8089
 20.1810	130.6292	  9.8221	118.4708	  1.8090
 20.1667	131.0833	  9.8301	117.7958	  1.8084
 20.1709	131.0625	  9.8128	118.2833	  1.8089
 20.1920	130.8083	  9.8372	118.8875	  1.8086
 20.1732	130.8083	  9.8169	118.4208	  1.8086
 20.1789	130.8875	  9.8284	118.9417	  1.8090
 20.1651	131.3625	  9.8163	119.3333	  1.8088
 20.1679	131.0292	  9.8393	118.8458	  1.8084
 20.1723	130.6958	  9.8082	118.4583	  1.8089
 20.1665	131.1833	  9.8197	118.4792	  1.8091
 20.1737	130.6042	  9.8110	118.5875	  1.8087
 20.1902	131.1958	  9.8159	118.9875	  1.8086
 20.1675	131.4583	  9.8294	119.2000	  1.8085
 20.1809	130.3583	  9.8169	118.7750	  1.8091
 20.1837	130.9458	  9.8174	118.4958	  1.8089
 20.1786	131.0000	  9.8120	118.3708	  1.8084
 20.1756	131.0875	  9.8244	118.7167	  1.8082
 20.1866	130.7333	  9.8251	118.2708	  1.8087
 20.1676	130.7417	  9.8062	118.6167	  1.8084
 20.1595	130.6542	  9.8255	118.8958	  1.8091
 20.1743	131.1167	  9.8125	119.0458	  1.8083
 20.1653	131.3042	  9.8061	118.4458	  1.8092
 20.1683	130.4458	  9.8234	118.5083	  1.8085
 20.1840	130.6625	  9.8318	118.6917	  1.8088
 20.1919	130.4417	  9.8137	118.6875	  1.8092
 20.1883	130.6958	  9.8094	118.5250	  1.8091
 20.1696	130.8583	  9.8142	117.9208	  1.8085
 20.1861	130.6875	  9.8173	118.2500	  1.8080
 20.1753	131.4125	  9.8147	118.4625	  1.8086
 20.1628	130.6208	  9.8348	118.7042	  1.8086
 20.1592	130.6917	  9.8318	118.8375	  1.8089
 20.1844	130.7750	  9.8321	118.4042	  1.8085
 20.1574	130.0167	  9.8202	119.1125	  1.8085
 20.1678	131.4875	  9.8209	118.4917	  1.8088
 20.1730	131.2042	  9.7931	118.5167	  1.8084
 20.1695	130.7125	  9.8180	118.6333	  1.8088
 20.1688	130.8083	  9.8189	118.0542	  1.8084
 20.1903	130.7250	  9.8105	118.3542	  1.8092
 20.1772	131.4458	  9.8182	118.6917	  1.8090
 20.1853	131.0417	  9.8241	118.5792	  1.8083
 20.1668	131.4417	  9.8189	118.6000	  1.8088
 20.1710	130.5125	  9.8247	119.3917	  1.8081
 20.1714	131.1000	  9.8162	118.9083	  1.8085
 20.1764	130.6917	  9.8336	118.0250	  1.8086
 20.1840	130.5042	  9.8201	118.4542	  1.8090
 20.1765	130.7625	  9.8070	118.6292	  1.8087
 20.1725	130.6375	  9.8185	118.7250	  1.8086
 20.1639	130.3625	  9.8196	118.8167	  1.8090
 20.1667	130.8042	  9.8270	118.4542	  1.8088
 20.1842	130.9708	  9.8201	118.3167	  1.8088
 20.1701	131.1708	  9.8069	118.6167	  1.8089
 20.1909	130.0458	  9.8160	118.6000	  1.8094
 20.1896	131.2083	  9.7971	118.6958	  1.8087
 20.1679	131.2333	  9.8155	118.6667	  1.8080
 20.1377	130.6292	  9.8507	118.8417	  1.8090
 20.1805	130.9750	  9.8317	118.5875	  1.8086
 20.1676	130.6292	  9.8199	118.7125	  1.8083
 20.1777	130.3792	  9.8314	118.4000	  1.8087
 20.1763	131.1000	  9.8094	118.7667	  1.8087
 20.2067	130.5958	  9.8166	118.6667	  1.8087
 20.1743	130.8833	  9.8270	118.7375	  1.8082
 20.1860	130.6000	  9.8307	118.4792	  1.8086
 20.1703	130.3875	  9.8144	118.2167	  1.8089
 20.1746	131.4000	  9.8145	119.0750	  1.8084
 20.2006	130.9792	  9.8095	118.4750	  1.8088
 20.1816	130.6208	  9.8190	118.5167	  1.8086
 20.1828	130.3667	  9.8166	118.4292	  1.8089
 20.1813	130.5833	  9.8096	118.3625	  1.8084
 20.1861	131.2125	  9.8269	118.0125	  1.8083
 20.1882	130.4750	  9.8114	118.4000	  1.8083
 20.1971	130.7917	  9.8198	119.0125	  1.8086
 20.1791	130.2500	  9.8168	118.2792	  1.8090
 20.1679	131.2208	  9.8017	118.7833	  1.8090
 20.1588	131.2000	  9.8293	118.5792	  1.8089
 20.1852	131.0875	  9.8175	118.6833	  1.8083
 20.1786	130.6375	  9.8154	118.7708	  1.8081
 20.1859	130.6583	  9.8048	118.6500	  1.8090
 20.1851	131.3667	  9.8237	118.4583	  1.8088
 20.1768	131.1208	  9.8139	119.1208	  1.8090
 20.1819	130.8208	  9.8206	118.2875	  1.8090
 20.1748	130.9083	  9.8138	118.5167	  1.8087
 20.1747	130.8875	  9.8137	118.6417	  1.8089
 20.1823	130.9958	  9.8270	119.0708	  1.8087
 20.1866	130.9958	  9.8214	118.3917	  1.8085
 20.1868	131.5333	  9.8194	118.3125	  1.8086
 20.1628	131.0000	  9.8222	118.0208	  1.8086
 20.1657	130.5667	  9.8201	118.9750	  1.8086
 20.1601	130.7542	  9.8044	118.0875	  1.8090
 20.1620	130.1000	  9.8121	118.2708	  1.8081
 20.1847	130.9875	  9.7976	118.6125	  1.8088
 20.1774	130.7375	  9.8099	118.1375	  1.8089
 20.1878	131.2208	  9.8147	118.0208	  1.8082
 20.1745	130.7125	  9.8215	118.7083	  1.8086
 20.1795	130.7792	  9.8262	118.7375	  1.8087
 20.1781	131.6542	  9.8180	118.9083	  1.8083
 20.1857	130.8750	  9.8203	118.8958	  1.8089
 20.1819	130.6917	  9.8182	118.7167	  1.8092
 20.1791	131.3792	  9.8121	118.7542	  1.8086
 20.1710	131.1708	  9.8215	118.7000	  1.8086
 20.1708	131.0667	  9.8026	118.5833	  1.8087
 20.1792	130.6750	  9.8076	118.9458	  1.8083
 20.1801	131.2375	  9.8133	118.2167	  1.8084
 20.1692	131.5167	  9.8105	118.4458	  1.8084
 20.1756	131.0000	  9.8215	117.9000	  1.8093
 20.1636	130.7042	  9.8064	118.0458	  1.8082
 20.1742	130.8542	  9.8114	118.3792	  1.8081
 20.1684	131.1750	  9.8232	118.3708	  1.8079
 20.1684	130.4250	  9.8246	118.4292	  1.8085
 20.1639	130.3208	  9.8345	118.4500	  1.8085
 20.1775	131.1000	  9.8138	118.4500	  1.8087
 20.1596	130.6583	  9.8202	118.1667	  1.8087
 20.1876	130.8500	  9.8163	118.3750	  1.8089
 20.1753	130.6417	  9.7942	118.7083	  1.8086
 20.1889	131.0667	  9.8156	118.3917	  1.8090
 20.1698	130.6667	  9.8342	118.8125	  1.8085
 20.1757	130.6208	  9.8098	118.0083	  1.8091
 20.1814	130.8625	  9.8101	118.3375	  1.8085
 20.1725	130.7250	  9.8210	118.5083	  1.8084
 20.1741	130.6875	  9.8375	118.6375	  1.8085
 20.1636	131.3708	  9.8146	119.0708	  1.8085
 20.1752	131.2208	  9.8218	118.7667	  1.8087
 20.1693	130.9042	  9.8275	118.8083	  1.8087
 20.1744	131.6042	  9.8239	118.4292	  1.8079
 20.1751	130.8542	  9.8264	118.7292	  1.8089
 20.1660	130.8333	  9.8190	118.5458	  1.8086
 20.1684	131.2042	  9.8136	118.6917	  1.8089
 20.1767	130.8875	  9.8140	118.6875	  1.8088
 20.1775	130.3917	  9.8246	118.8500	  1.8087
 20.1566	130.6292	  9.8025	118.8125	  1.8086
 20.1837	131.3250	  9.8102	119.3333	  1.8085
 20.1812	130.5083	  9.8162	118.5125	  1.8086
 20.1834	130.9125	  9.8322	118.6917	  1.8084
 20.1777	130.5375	  9.8322	119.0417	  1.8086
 20.1755	130.8042	  9.8134	118.8500	  1.8089
 20.1683	130.5125	  9.8376	118.8458	  1.8083
 20.1847	130.5292	  9.8212	118.5792	  1.8086
 20.1633	131.3625	  9.8112	119.0333	  1.8080
 20.1724	131.2208	  9.8085	118.7125	  1.8085
 20.1753	130.8750	  9.8243	118.8500	  1.8087
 20.1769	130.7750	  9.8199	117.7208	  1.8085
 20.1788	130.7417	  9.8206	118.4250	  1.8085
 20.1641	130.1458	  9.8266	118.3583	  1.8095
 20.1859	130.8083	  9.8117	118.5917	  1.8082
 20.1791	131.2625	  9.8167	119.1458	  1.8080
 20.1839	130.8167	  9.8124	118.6500	  1.8088
 20.1758	130.6958	  9.8220	119.0958	  1.8087
 20.1744	130.8500	  9.8181	118.3458	  1.8081
 20.1719	130.5625	  9.8150	118.7542	  1.8086
 20.1756	130.5417	  9.8131	118.8458	  1.8085
 20.1625	131.2750	  9.8228	118.5292	  1.8086
 20.1782	131.1583	  9.8293	119.0583	  1.8087
 20.1706	130.6583	  9.8346	118.4500	  1.8089
 20.1762	131.1750	  9.8167	119.1458	  1.8085
 20.1615	130.8375	  9.8177	118.5375	  1.8080
 20.1762	131.0167	  9.8196	118.4125	  1.8085
 20.1768	130.8458	  9.8179	119.1542	  1.8088
 20.1745	130.5833	  9.8362	118.5375	  1.8081
 20.1839	130.7292	  9.8271	118.6292	  1.8085
 20.1743	130.6583	  9.8068	118.5333	  1.8083
 20.1896	130.6500	  9.8029	118.6208	  1.8089
 20.1671	131.1667	  9.8147	118.6875	  1.8083
 20.1755	130.6208	  9.8332	118.7208	  1.8079
 20.1760	130.5417	  9.8410	118.8750	  1.8087
 20.1780	131.1417	  9.8191	118.3000	  1.8092
 20.1691	131.3000	  9.8235	118.8042	  1.8088
 20.1852	130.7417	  9.8186	118.6500	  1.8083
 20.1776	131.0083	  9.8111	119.2958	  1.8083
 20.1835	130.7417	  9.8342	118.3042	  1.8087
 20.1810	130.5292	  9.8169	118.4792	  1.8088
 20.1695	131.0958	  9.8274	118.6625	  1.8084
 20.1731	130.8875	  9.8245	118.8083	  1.8090
 20.1763	130.1750	  9.8253	119.0375	  1.8090
 20.1787	131.0292	  9.8164	118.2833	  1.8083
 20.1767	130.8250	  9.8056	118.1708	  1.8087
 20.1785	130.7583	  9.8162	118.4333	  1.8081
 20.1845	130.4458	  9.8244	119.0500	  1.8087
 20.1920	130.7042	  9.8032	119.1500	  1.8087
 20.1693	131.0542	  9.8075	118.4500	  1.8083
 20.1794	130.8917	  9.8338	118.0292	  1.8088
 20.1887	131.0250	  9.8104	118.4500	  1.8089
 20.1802	130.2500	  9.8163	118.3042	  1.8089
 20.1754	130.8583	  9.8114	119.0292	  1.8087
 20.1787	130.4125	  9.8122	118.7500	  1.8093
 20.1680	130.6583	  9.8194	118.4500	  1.8091
 20.1691	130.6208	  9.8265	118.8042	  1.8083
 20.1651	130.9500	  9.8210	118.8750	  1.8084
 20.2031	131.2583	  9.8021	118.3875	  1.8083
 20.1823	130.8375	  9.8077	119.2583	  1.8089
 20.1641	130.4000	  9.8191	117.9875	  1.8089
 20.1831	131.1000	  9.8321	119.1083	  1.8085
 20.1769	131.0375	  9.8002	118.8417	  1.8084
 20.1619	131.2000	  9.8121	118.0833	  1.8084
 20.1607	131.2542	  9.8247	118.6542	  1.8084
 20.1692	130.8917	  9.8173	118.6375	  1.8085
 20.1744	130.2750	  9.8194	118.0417	  1.8084
 20.1727	130.3292	  9.8356	117.9625	  1.8083
 20.1844	131.1250	  9.8395	118.9542	  1.8085
 20.1684	130.5042	  9.8409	118.6042	  1.8081
 20.1649	130.9667	  9.8341	118.6667	  1.8085
 20.1674	131.1958	  9.8285	118.7833	  1.8087
 20.1747	130.7333	  9.8016	118.6042	  1.8086
 20.1643	131.3792	  9.8305	119.1417	  1.8093
 20.1801	130.3833	  9.8319	118.6792	  1.8088
 20.1997	130.7292	  9.8125	118.3625	  1.8086
 20.1801	130.4458	  9.8255	119.2667	  1.8088
 20.1817	131.0667	  9.8293	118.3292	  1.8084
 20.1890	130.6333	  9.7999	118.5417	  1.8089
 20.1423	130.8417	  9.8193	117.7333	  1.8084
 20.1808	130.6667	  9.8097	118.8292	  1.8084
 20.1763	130.6250	  9.8258	117.8083	  1.8084
 20.2107	131.0583	  9.8290	119.1000	  1.8083
 20.1737	130.8375	  9.8321	118.2625	  1.8083
 20.1939	130.7750	  9.8374	118.6792	  1.8087
 20.1662	131.2333	  9.8253	118.6917	  1.8086
 20.1710	130.2958	  9.8324	118.7083	  1.8088
 20.1866	131.2292	  9.8297	117.9042	  1.8086
 20.1622	130.5500	  9.8270	118.4000	  1.8085
 20.1681	131.0583	  9.8177	118.4375	  1.8082
 20.1800	130.5542	  9.8323	118.8875	  1.8084
 20.1783	130.6375	  9.7998	119.0958	  1.8081
 20.1700	130.8875	  9.8312	118.7542	  1.8085
 20.1739	130.9833	  9.8176	118.6000	  1.8087
 20.1672	130.9042	  9.8210	118.2208	  1.8092
 20.1787	131.0750	  9.8196	118.5208	  1.8086
 20.1647	130.9125	  9.8147	117.8708	  1.8089
 20.1713	130.7000	  9.8282	118.6208	  1.8085
 20.1673	130.8417	  9.8160	118.5667	  1.8093
 20.1838	130.7708	  9.8216	118.2833	  1.8086
 20.1733	130.7792	  9.8030	118.5875	  1.8086
 20.1739	131.0875	  9.8049	118.3500	  1.8083
 20.1805	131.3833	  9.8153	118.7750	  1.8085
 20.1967	130.8500	  9.8156	119.1333	  1.8082
 20.1690	130.4792	  9.8111	118.4792	  1.8085
 20.1760	130.8083	  9.8154	118.8042	  1.8089
 20.1817	130.5250	  9.8326	119.3500	  1.8084
 20.1717	130.9542	  9.8266	118.3500	  1.8086
 20.1720	131.0958	  9.8224	118.5625	  1.8084
 20.1837	130.1625	  9.8192	118.4542	  1.8083
 20.1879	130.7667	  9.8189	118.5042	  1.8087
 20.1746	130.9417	  9.8401	118.9667	  1.8084
 20.1775	131.4167	  9.8057	118.2167	  1.8081
 20.1687	130.6458	  9.8125	118.3500	  1.8085
 20.1720	130.7167	  9.8114	118.2250	  1.8083
 20.1856	130.8708	  9.7853	119.5042	  1.8082
 20.1939	131.3167	  9.8092	118.5000	  1.8087
 20.1640	131.2875	  9.8309	118.5000	  1.8084
 20.1901	131.1833	  9.8245	118.4333	  1.8089
 20.1683	130.6875	  9.8212	119.0458	  1.8081
 20.1806	130.7292	  9.8202	118.6833	  1.8079
 20.1754	131.4208	  9.8353	118.3500	  1.8082
 20.1695	131.1667	  9.8216	118.9625	  1.8088
 20.1866	130.6333	  9.8215	118.5500	  1.8089
 20.1697	130.8167	  9.8250	118.5583	  1.8088
 20.1643	130.8167	  9.8256	118.8083	  1.8082
 20.1868	130.6250	  9.8241	118.8208	  1.8088
 20.1820	130.9583	  9.8112	119.2542	  1.8085
 20.1573	131.0000	  9.7998	118.1583	  1.8083
 20.1711	130.9750	  9.8035	119.0042	  1.8082
 20.1637	130.6208	  9.8119	118.6167	  1.8088
 20.1845	130.5583	  9.8437	118.2250	  1.8091
 20.1839	131.0292	  9.8093	118.4792	  1.8087
 20.1940	130.8708	  9.8124	118.5417	  1.8084
 20.1742	131.0167	  9.8085	118.4125	  1.8090
 20.1834	130.9792	  9.8277	118.3125	  1.8085
 20.1861	130.7417	  9.8253	118.7167	  1.8087
 20.1834	131.1542	  9.7939	119.0375	  1.8086
 20.1991	130.3750	  9.8218	118.1000	  1.8083
 20.1888	131.0833	  9.8118	118.3792	  1.8081
 20.1663	130.5458	  9.8418	119.0542	  1.8088
 20.1743	131.0542	  9.8116	118.3292	  1.8085
 20.1871	130.2750	  9.8267	118.7250	  1.8076
 20.1779	130.9167	  9.8417	118.8875	  1.8087
 20.1868	130.6000	  9.8146	118.5833	  1.8087
 20.1634	131.0458	  9.8442	118.5125	  1.8094
 20.1785	130.7500	  9.8208	118.0583	  1.8091
 20.2069	130.7583	  9.8311	118.6500	  1.8085
 20.1889	130.8292	  9.8053	118.4167	  1.8077
 20.1757	131.1292	  9.8229	118.8375	  1.8093
 20.1900	131.1750	  9.7843	118.6708	  1.8087
 20.1929	130.2708	  9.8194	118.6167	  1.8090
 20.1761	130.6292	  9.8298	118.0875	  1.8085
 20.1778	130.5833	  9.8384	118.9333	  1.8080
 20.1636	130.7333	  9.8112	119.1333	  1.8084
 20.1763	131.3583	  9.8210	118.6708	  1.8080
 20.1838	130.8125	  9.7962	118.9167	  1.8081
 20.1930	131.1833	  9.8110	118.7000	  1.8087
 20.1795	131.1208	  9.8051	118.9000	  1.8085
 20.1705	130.4500	  9.8252	118.2458	  1.8090
 20.1794	130.4292	  9.8123	118.4208	  1.8076
 20.1654	130.3000	  9.8242	119.3833	  1.8090
 20.1868	131.3417	  9.7997	118.3042	  1.8086
 20.1817	130.8042	  9.8221	118.2375	  1.8086
 20.1723	129.8458	  9.8157	118.8917	  1.8091
 20.1735	130.8167	  9.8499	118.5250	  1.8085
 20.1939	130.6958	  9.8264	118.7625	  1.8086
 20.1734	131.3917	  9.8204	118.2542	  1.8086
 20.1972	130.8667	  9.8158	118.3375	  1.8088
 20.1814	130.8375	  9.8210	118.6000	  1.8085
 20.1771	130.6333	  9.8166	118.6833	  1.8085
 20.1901	131.1625	  9.8240	118.8667	  1.8083
 20.1696	131.0125	  9.8064	118.1625	  1.8081
 20.1831	130.7250	  9.8080	118.5958	  1.8088
 20.1847	130.5542	  9.8213	118.7083	  1.8089
 20.1969	130.6875	  9.8328	118.5542	  1.8091
 20.1769	131.4000	  9.8239	119.1000	  1.8084
 20.1706	130.8000	  9.8124	118.9125	  1.8089
 20.1835	130.5333	  9.8073	118.9833	  1.8089
 20.1803	130.3708	  9.8274	118.9083	  1.8086
 20.1830	130.7167	  9.8114	118.1042	  1.8076
 20.1830	130.5792	  9.8232	118.9667	  1.8091
 20.1854	130.9042	  9.8131	118.7167	  1.8086
 20.1691	131.0250	  9.8147	118.5667	  1.8083
 20.1672	130.6542	  9.8029	119.3583	  1.8082
 20.1699	130.9667	  9.7929	118.7208	  1.8086
 20.1907	130.9000	  9.8165	118.3167	  1.8088
 20.1852	130.7208	  9.8144	118.9083	  1.8085
 20.1907	130.7250	  9.8273	119.2250	  1.8082
 20.1744	130.9125	  9.8327	118.6500	  1.8086
 20.1798	130.7958	  9.8230	118.3833	  1.8084
 20.1885	131.6542	  9.8246	118.2833	  1.8089
 20.1821	131.0000	  9.8200	118.4792	  1.8082
 20.1738	130.7417	  9.8317	118.1333	  1.8082
 20.1752	131.3750	  9.8139	118.5500	  1.8086
 20.1711	130.9792	  9.8269	118.5042	  1.8084
 20.1861	130.6375	  9.8127	118.0750	  1.8076
 20.1840	130.5417	  9.8029	118.1750	  1.8088
 20.1769	130.6750	  9.8208	118.6000	  1.8080
 20.1932	130.4792	  9.8089	118.7375	  1.8081
 20.1827	131.0708	  9.8123	118.7292	  1.8080
 20.1817	131.1042	  9.8270	118.5042	  1.8081
 20.1815	131.1167	  9.8126	118.1458	  1.8083
 20.1864	131.2583	  9.8200	118.6292	  1.8081
 20.1902	131.0125	  9.8284	118.4833	  1.8087
 20.1683	130.5667	  9.8216	119.2875	  1.8082
 20.1600	130.6875	  9.8221	118.6208	  1.8082
 20.1757	130.4583	  9.8277	118.9250	  1.8085
 20.1666	131.5125	  9.8235	118.5042	  1.8078
 20.1594	130.3333	  9.8282	119.3542	  1.8084
 20.1682	130.6667	  9.8003	118.7208	  1.8086
 20.1735	130.6875	  9.8195	118.8792	  1.8082
 20.1836	131.7917	  9.8238	118.5083	  1.8084
 20.1822	131.3250	  9.8142	117.8917	  1.8085
 20.1856	131.1583	  9.8120	118.8333	  1.8084
 20.1628	130.5042	  9.8078	119.0042	  1.8077
 20.1874	130.8417	  9.8124	118.5333	  1.8083
 20.1874	130.6750	  9.8135	118.4333	  1.8088
 20.1811	130.8792	  9.8162	118.6250	  1.8085
 20.1962	130.5792	  9.8259	119.0792	  1.8083
 20.1950	130.6750	  9.8112	118.7500	  1.8085
 20.1767	130.8458	  9.8254	118.6917	  1.8089
 20.1823	130.4500	  9.8242	118.7542	  1.8082
 20.1884	131.0458	  9.8110	118.6250	  1.8087
 20.1785	131.2667	  9.8231	118.5250	  1.8085
 20.1808	130.8792	  9.8048	118.6292	  1.8086
 20.1605	131.3083	  9.8189	118.8167	  1.8081
 20.1867	130.9917	  9.8144	118.9458	  1.8089
 20.1924	130.8417	  9.8036	118.3625	  1.8086
 20.1800	131.2000	  9.8220	118.3917	  1.8086
 20.1820	130.6292	  9.8014	118.6167	  1.8079
 20.1663	130.6083	  9.8057	119.1375	  1.8083
 20.1811	130.8958	  9.7940	118.7750	  1.8084
 20.1723	130.4125	  9.8084	118.6583	  1.8081
 20.1845	130.7500	  9.8310	118.0167	  1.8085
 20.1742	130.3125	  9.8257	118.6417	  1.8082
 20.1818	130.8083	  9.8229	118.9750	  1.8085
 20.1667	131.5333	  9.8138	118.3208	  1.8086
 20.1623	131.0542	  9.8034	118.4875	  1.8088
 20.1747	130.8417	  9.8117	117.5917	  1.8080
 20.1802	130.9583	  9.8076	118.9708	  1.8081
 20.1775	130.4500	  9.8028	118.7167	  1.8087
 20.1798	130.4833	  9.8221	118.9250	  1.8086
 20.1703	130.3792	  9.8171	118.8292	  1.8087
 20.1782	130.8375	  9.8034	118.5708	  1.8080
 20.1893	131.4375	  9.8117	118.6500	  1.8082
 20.1786	131.4583	  9.7961	118.4167	  1.8088
 20.2067	130.7708	  9.8271	118.6083	  1.8081
 20.1830	130.7042	  9.8240	119.5292	  1.8089
 20.1816	130.7583	  9.8427	119.5667	  1.8083
 20.1858	130.9875	  9.8204	118.9083	  1.8080
 20.1787	130.6833	  9.8371	118.9500	  1.8082
 20.1945	130.8208	  9.8131	118.3833	  1.8080
 20.1839	131.1500	  9.8328	118.5292	  1.8084
 20.1650	131.2208	  9.8127	118.7750	  1.8090
 20.1921	130.6583	  9.8335	118.1292	  1.8084
 20.1667	130.8917	  9.8175	118.6917	  1.8085
 20.1882	130.5083	  9.8204	118.3375	  1.8084
 20.1724	131.1458	  9.8186	118.6167	  1.8083
 20.1652	131.1083	  9.8066	118.2625	  1.8085
 20.1766	130.7625	  9.8009	118.1000	  1.8084
 20.1699	131.3417	  9.7985	118.5625	  1.8083
 20.1707	130.7958	  9.8225	118.8417	  1.8082
 20.1679	130.4833	  9.8203	118.2500	  1.8087
 20.1730	131.0625	  9.8140	118.8917	  1.8085
 20.1793	130.8542	  9.8187	118.4583	  1.8089
 20.1875	131.2125	  9.8265	118.6125	  1.8087
 20.1894	131.0667	  9.8234	118.8792	  1.8084
 20.1773	130.9875	  9.8075	118.7292	  1.8085
 20.1638	130.5250	  9.8033	118.8667	  1.8079
 20.1859	130.7333	  9.8187	118.7958	  1.8086
 20.1711	130.8958	  9.8247	118.6417	  1.8088
 20.1810	131.0125	  9.8221	118.9333	  1.8080
 20.1851	131.3833	  9.8062	119.0333	  1.8080
 20.1906	130.4708	  9.8182	118.3625	  1.8086
 20.1742	131.0667	  9.8207	118.2542	  1.8079
 20.1763	130.9542	  9.8134	118.5250	  1.8083
 20.1720	131.1708	  9.8158	118.4125	  1.8091
 20.1836	130.4833	  9.8058	118.0833	  1.8082
 20.1816	130.9083	  9.8254	118.3333	  1.8085
 20.1831	130.8875	  9.8365	118.2333	  1.8094
 20.1696	130.4917	  9.7913	119.0167	  1.8084
 20.1815	131.1708	  9.8236	118.1542	  1.8083
 20.1830	130.9208	  9.8140	118.8333	  1.8078
 20.1783	130.6042	  9.8269	118.3708	  1.8089
 20.1808	130.9792	  9.8167	118.6500	  1.8088
 20.1822	131.2500	  9.8080	118.5042	  1.8079
 20.1883	130.4583	  9.7958	118.9000	  1.8087
 20.1777	130.7500	  9.8046	118.1542	  1.8085
 20.1696	130.7250	  9.8190	118.7375	  1.8089
 20.1777	131.3458	  9.8186	119.1333	  1.8087
 20.1689	131.0667	  9.8262	118.8333	  1.8090
 20.1527	130.8458	  9.8294	118.7125	  1.8082
 20.1815	130.6875	  9.8218	118.4833	  1.8089
 20.1733	131.3000	  9.8085	119.1083	  1.8084
 20.1832	130.4667	  9.8208	119.1500	  1.8082
 20.1908	131.1333	  9.8265	118.5667	  1.8085
 20.1772	131.0958	  9.8097	118.5042	  1.8093
 20.1844	130.7708	  9.8189	119.2917	  1.8090
 20.1727	130.9875	  9.8021	118.5708	  1.8082
 20.1659	130.4000	  9.8217	118.8375	  1.8086
 20.1621	130.4542	  9.8146	118.6958	  1.8088
 20.1718	130.7167	  9.8269	118.5917	  1.8080
 20.1664	130.4042	  9.8350	119.6500	  1.8088
 20.2004	130.7500	  9.8153	118.8583	  1.8079
 20.1888	130.9375	  9.8220	118.8292	  1.8082
 20.1870	130.6958	  9.8415	118.0125	  1.8083
 20.1701	130.5917	  9.8160	118.5625	  1.8080
 20.1617	130.9000	  9.8179	118.6333	  1.8083
 20.1866	130.7125	  9.8145	119.2208	  1.8091
 20.1964	130.6833	  9.8004	118.8042	  1.8087
 20.2010	131.3250	  9.8059	118.0875	  1.8084
 20.1848	130.9500	  9.8351	118.1375	  1.8084
 20.1845	130.8000	  9.8187	118.6125	  1.8087
 20.1739	131.0500	  9.8257	118.2833	  1.8083
 20.1700	130.9875	  9.8080	118.6375	  1.8087
 20.1860	131.0792	  9.8192	118.9542	  1.8090
 20.1925	130.6958	  9.8073	118.8458	  1.8084
 20.1645	130.7542	  9.8178	118.0958	  1.8085
 20.1778	131.1083	  9.8102	119.0292	  1.8085
 20.1763	130.9500	  9.8252	119.1458	  1.8087
 20.1698	130.9333	  9.8221	118.7083	  1.8083
 20.1782	130.8458	  9.8336	119.1000	  1.8088
 20.1749	130.8792	  9.8177	118.6042	  1.8088
 20.1853	130.9958	  9.8283	118.1417	  1.8085
 20.1703	130.7958	  9.8218	119.0542	  1.8084
 20.1742	131.0625	  9.7979	118.5000	  1.8088
 20.1910	131.0792	  9.8126	117.9583	  1.8090
 20.1667	129.9375	  9.8048	118.5542	  1.8084
 20.1865	130.4667	  9.8252	118.7292	  1.8081
 20.1695	131.0083	  9.8236	119.3167	  1.8080
 20.1749	131.0458	  9.8222	119.0750	  1.8084
 20.1861	130.6500	  9.8151	118.8417	  1.8086
 20.1726	130.7542	  9.8179	118.3792	  1.8080
 20.1781	130.4375	  9.8195	118.2583	  1.8084
 20.1652	130.7708	  9.8317	118.6417	  1.8078
 20.1808	130.6292	  9.8138	118.9250	  1.8085
 20.1847	131.1625	  9.8129	118.4958	  1.8084
 20.1631	130.6000	  9.8208	118.4792	  1.8080
 20.1696	130.5875	  9.8183	119.0417	  1.8088
 20.1762	130.5208	  9.8189	118.0708	  1.8081
 20.1806	131.1083	  9.8231	118.7917	  1.8088
 20.1676	131.0083	  9.8397	118.5583	  1.8086
 20.1811	131.5125	  9.8151	118.5625	  1.8090
 20.1779	130.6708	  9.8040	118.3958	  1.8082
 20.1971	130.7292	  9.8206	119.1875	  1.8085
 20.1850	130.3375	  9.8335	118.2000	  1.8088
 20.1831	130.4250	  9.8260	118.5958	  1.8088
 20.1715	131.1083	  9.8278	118.2625	  1.8085
 20.1732	130.8667	  9.8182	118.0500	  1.8084
 20.1664	131.0750	  9.8070	118.5542	  1.8081
 20.1767	130.8875	  9.8253	118.2083	  1.8085
 20.1709	131.1667	  9.8160	118.7750	  1.8081
 20.1889	130.9375	  9.8292	118.4917	  1.8085
 20.1823	130.4500	  9.8069	119.0750	  1.8078
 20.1814	130.8250	  9.8142	118.5417	  1.8089
 20.1781	130.1500	  9.8231	118.4875	  1.8087
 20.1818	131.2958	  9.8133	118.0292	  1.8085
 20.1704	130.4625	  9.8268	118.8333	  1.8083
 20.1698	131.1750	  9.8290	118.5167	  1.8079
 20.1708	131.4625	  9.8264	118.8833	  1.8088
 20.1706	130.7958	  9.8082	118.6333	  1.8079
 20.1520	131.4042	  9.7942	119.0042	  1.8078
 20.1875	130.6875	  9.8092	118.6292	  1.8082
 20.1722	130.9292	  9.8267	118.4250	  1.8080
 20.1631	131.5375	  9.8196	118.4458	  1.8081
 20.1781	130.6958	  9.8156	119.3708	  1.8084
 20.1750	131.0375	  9.8203	118.7875	  1.8087
 20.1776	130.9667	  9.8086	118.5958	  1.8089
 20.1853	130.0750	  9.8430	119.2917	  1.8088
 20.2026	131.2042	  9.8122	119.0417	  1.8082
 20.1732	131.0000	  9.8075	118.5542	  1.8081
 20.1682	131.0250	  9.7995	118.2292	  1.8083
 20.2044	130.6958	  9.8234	119.0292	  1.8079
 20.1826	131.0000	  9.8242	119.0250	  1.8081
 20.1404	130.4875	  9.8273	118.2917	  1.8086
 20.1698	130.5042	  9.8294	118.7250	  1.8085
 20.1784	130.6542	  9.8130	119.3125	  1.8089
 20.1750	130.9708	  9.8260	119.0958	  1.8084
 20.1778	130.7250	  9.8271	118.3750	  1.8084
 20.1727	130.7167	  9.8388	118.3750	  1.8091
 20.1949	130.4375	  9.8336	118.7750	  1.8085
 20.1866	131.0125	  9.8284	118.8125	  1.8083
 20.1773	131.0750	  9.8073	118.7667	  1.8086
 20.1913	131.1833	  9.8070	118.2583	  1.8085
 20.1756	130.8917	  9.8311	119.2125	  1.8087
 20.1844	130.6583	  9.8379	118.1208	  1.8086
 20.2000	129.8750	  9.7991	118.4917	  1.8084
 20.2024	130.2042	  9.8186	118.8167	  1.8087
 20.1917	131.3208	  9.8212	118.7042	  1.8081
 20.1835	131.0583	  9.8384	118.5708	  1.8086
 20.1677	130.6750	  9.8448	118.3833	  1.8080
 20.1686	131.0250	  9.8318	118.9417	  1.8086
 20.1703	130.8583	  9.8213	118.3542	  1.8088
 20.1861	130.8708	  9.8054	119.0333	  1.8083
 20.1730	131.0458	  9.8193	118.9750	  1.8087
 20.1973	130.7125	  9.8119	118.4667	  1.8091
 20.1863	131.0417	  9.8242	118.6917	  1.8083
 20.1746	131.0250	  9.8106	118.8333	  1.8079
 20.1600	130.4417	  9.8220	118.8625	  1.8081
 20.1869	130.7333	  9.8236	118.8542	  1.8088
 20.1592	130.9500	  9.8216	118.3000	  1.8079
 20.1724	129.9208	  9.8095	118.5500	  1.8082
 20.1628	130.0833	  9.8259	118.4500	  1.8078
 20.1992	130.2958	  9.8202	118.2750	  1.8083
 20.1865	130.4042	  9.8264	118.8167	  1.8089
 20.1795	131.0792	  9.8231	117.8667	  1.8082
 20.1798	131.0542	  9.8022	118.5667	  1.8082
 20.1694	131.0292	  9.8166	119.3708	  1.8081
 20.1802	130.5792	  9.8132	118.7958	  1.8085
 20.1904	130.5375	  9.8085	119.0000	  1.8077
 20.1660	130.6333	  9.8084	117.9125	  1.8080
 20.1688	130.6208	  9.8120	118.5417	  1.8088
 20.1779	131.1042	  9.8212	118.4708	  1.8088
 20.1805	131.5042	  9.8091	118.7792	  1.8077
 20.1851	130.2375	  9.8269	118.4500	  1.8084
 20.1836	130.7292	  9.8181	118.2792	  1.8086
 20.1821	131.0708	  9.8046	118.2958	  1.8082
 20.1735	130.9458	  9.8201	118.3083	  1.8081
 20.1764	130.9542	  9.8237	118.8500	  1.8083
 20.1640	131.0083	  9.8217	118.5458	  1.8082
 20.1755	130.8208	  9.8090	118.9500	  1.8090
 20.1825	131.2000	  9.7959	118.5583	  1.8082
 20.1693	130.3833	  9.8175	118.8042	  1.8081
 20.1844	130.2917	  9.7964	118.3708	  1.8084
 20.1815	131.1958	  9.8061	119.3500	  1.8088
 20.1815	130.8625	  9.8126	118.5000	  1.8085
 20.1626	131.3292	  9.8124	118.6667	  1.8085
 20.1675	131.3542	  9.8452	118.7417	  1.8085
 20.1863	131.1458	  9.8270	119.1292	  1.8081
 20.1594	130.7917	  9.8232	118.3500	  1.8082
 20.1572	130.9208	  9.8181	118.6667	  1.8083
 20.1830	130.9833	  9.8150	118.3042	  1.8082
 20.1640	130.3417	  9.8196	118.8500	  1.8085
 20.1625	130.3583	  9.8299	118.3583	  1.8083
 20.1693	131.3958	  9.8136	118.4167	  1.8080
 20.1771	130.9250	  9.8286	118.8458	  1.8089
 20.1518	130.8375	  9.8237	118.6125	  1.8083
 20.1788	130.6542	  9.8187	118.5333	  1.8079
 20.2001	131.0000	  9.8421	118.4958	  1.8081
 20.1750	130.6083	  9.8194	118.7417	  1.8085
 20.1693	130.8792	  9.8145	118.2833	  1.8083
 20.1743	130.7208	  9.8223	118.6250	  1.8085
 20.1692	131.0917	  9.8399	118.7125	  1.8081
 20.1702	131.0750	  9.8194	118.5333	  1.8086
 20.1716	130.8625	  9.8318	118.5833	  1.8080
 20.1910	131.0042	  9.8245	118.1375	  1.8083
 20.1930	131.0500	  9.8356	118.3083	  1.8084
 20.1689	131.0375	  9.8205	119.1042	  1.8083
 20.1746	131.2417	  9.8182	119.2667	  1.8081
 20.1697	130.3917	  9.8139	118.8542	  1.8085
 20.1847	130.4958	  9.8190	117.9542	  1.8082
 20.1687	130.8458	  9.8200	118.6417	  1.8083
 20.1833	131.3917	  9.8146	119.1125	  1.8083
 20.1680	131.0792	  9.8011	118.5500	  1.8077
 20.1684	130.9708	  9.8186	118.2833	  1.8081
 20.1830	130.1250	  9.8287	118.3000	  1.8087
 20.1645	130.9750	  9.8213	118.1792	  1.8081
 20.1749	131.0750	  9.8286	118.8458	  1.8085
 20.1700	130.9083	  9.8158	118.5375	  1.8082
 20.1702	130.7875	  9.8197	118.0917	  1.8085
 20.1598	130.4333	  9.8255	118.5750	  1.8082
 20.1696	130.5750	  9.8190	118.9125	  1.8085
 20.1719	130.8208	  9.8114	118.7875	  1.8083
 20.1772	130.9750	  9.8180	118.3250	  1.8085
 20.1772	130.2167	  9.7913	118.7458	  1.8085
 20.1794	130.5625	  9.8020	118.2208	  1.8083
 20.1773	131.0667	  9.8232	118.4625	  1.8083
 20.2028	130.8500	  9.8179	118.6958	  1.8083
 20.1825	131.5125	  9.8345	118.5375	  1.8086
 20.1687	130.8167	  9.8044	118.8750	  1.8079
 20.1691	131.0000	  9.8187	118.9292	  1.8083
 20.1590	130.8875	  9.8123	118.4833	  1.8082
 20.1844	130.7958	  9.8084	118.8375	  1.8082
 20.1697	130.7958	  9.8153	118.8958	  1.8085
 20.1866	131.1375	  9.8224	119.1500	  1.8081
 20.1784	130.9250	  9.8217	118.3208	  1.8082
 20.1683	130.3417	  9.8006	117.9708	  1.8086
 20.1837	131.0250	  9.8105	118.6292	  1.8092
 20.2006	130.6333	  9.8085	118.4375	  1.8080
 20.1794	130.9375	  9.8118	119.3500	  1.8085
 20.1848	130.9833	  9.8137	117.8958	  1.8089
 20.1626	130.5583	  9.8109	119.0208	  1.8076
 20.1787	131.3833	  9.8161	118.5417	  1.8082
 20.1662	131.1958	  9.8237	118.5792	  1.8085
 20.1822	130.9875	  9.8327	118.5000	  1.8085
 20.1864	130.9500	  9.8309	118.4542	  1.8087
 20.1764	130.9333	  9.8078	118.4292	  1.8087
 20.1570	130.9667	  9.8189	118.2042	  1.8086
 20.1618	130.5542	  9.8189	118.2042	  1.8080
 20.1849	130.6000	  9.8209	119.1208	  1.8083
 20.1899	130.6417	  9.8094	119.1750	  1.8082
 20.1891	131.1458	  9.8050	118.6125	  1.8089
 20.1701	130.9042	  9.8147	118.3708	  1.8084
 20.1831	130.7625	  9.8170	118.9292	  1.8078
 20.1919	131.5000	  9.8097	118.9208	  1.8078
 20.2014	130.9958	  9.8326	119.0208	  1.8083
 20.1774	130.9125	  9.8151	118.9625	  1.8087
 20.1860	130.6125	  9.8226	118.7708	  1.8082
 20.1736	130.7625	  9.8246	118.7167	  1.8081
 20.1902	130.8292	  9.8443	118.5375	  1.8092
 20.1829	130.8458	  9.8104	118.7458	  1.8085
 20.1668	130.9042	  9.8307	118.8250	  1.8085
 20.1950	131.0458	  9.8021	118.0750	  1.8082
 20.1826	130.5875	  9.8207	117.9667	  1.8084
 20.1903	130.2708	  9.8282	117.6958	  1.8084
 20.1924	131.1958	  9.8083	118.9000	  1.8085
 20.1782	130.8958	  9.8365	118.3500	  1.8082
 20.1822	130.9208	  9.8188	118.8083	  1.8085
 20.1764	130.6333	  9.8207	118.2292	  1.8081
 20.1817	129.8292	  9.8076	118.7750	  1.8088
 20.1791	130.7917	  9.8177	118.5042	  1.8083
 20.1897	130.4292	  9.8249	118.5500	  1.8086
 20.1846	131.0125	  9.8164	118.5083	  1.8088
 20.1729	130.6250	  9.7911	118.6292	  1.8081
 20.1777	131.0875	  9.8202	118.3917	  1.8083
 20.1820	131.2292	  9.7963	119.0917	  1.8086
 20.1728	130.8792	  9.8091	118.4917	  1.8079
 20.1778	130.7750	  9.8205	118.2458	  1.8083
 20.1781	131.0833	  9.8359	118.5083	  1.8080
 20.1707	130.5750	  9.8237	118.0292	  1.8080
 20.1852	131.2625	  9.8162	118.6958	  1.8081
 20.1846	130.6000	  9.8170	118.9375	  1.8082
 20.1548	131.1875	  9.8073	118.4708	  1.8081
 20.1973	130.6500	  9.8297	118.5292	  1.8079
 20.1837	130.9250	  9.8217	118.0458	  1.8082
 20.1606	130.7167	  9.8307	119.3208	  1.8080
 20.1555	130.6958	  9.8214	118.1167	  1.8086
 20.1775	131.2792	  9.8152	118.4250	  1.8080
 20.1711	130.7250	  9.8128	118.2125	  1.8078
 20.1718	131.2792	  9.8334	118.2042	  1.8087
 20.1645	130.6792	  9.8279	118.3542	  1.8085
 20.1699	130.8292	  9.8179	118.8667	  1.8080
 20.1767	130.8208	  9.8066	118.8042	  1.8085
 20.1799	130.6792	  9.8235	118.6417	  1.8079
 20.1948	131.1750	  9.8326	118.9750	  1.8079
 20.1872	130.6333	  9.8240	118.8250	  1.8082
 20.1894	130.3833	  9.8205	119.0958	  1.8082
 20.1811	130.7375	  9.8123	118.3208	  1.8081
 20.1698	131.1625	  9.8373	118.5208	  1.8089
 20.1634	131.2083	  9.8245	118.5750	  1.8082
 20.1692	131.1167	  9.8269	118.4958	  1.8082
 20.1891	130.6042	  9.8188	118.4583	  1.8076
 20.1658	130.5833	  9.8174	117.7625	  1.8083
 20.1786	131.0667	  9.8307	119.4292	  1.8087
 20.1809	130.5958	  9.8274	119.3417	  1.8083
 20.1720	130.6375	  9.8318	118.8708	  1.8087
 20.1743	130.5917	  9.8102	118.4542	  1.8087
