P8010116.422622
GADANKI 01/01/1980 16:41:26 01/01/1980 16:42:26 0350 0079.2 0013.4 00
0000000 0020 0001200 0020 05
1 0 2 02000 1 0000 0030 00532.o 0 0 00 000 14 001200 0.100 BT0
1 1 2 02000 1 0000 0030 00532.o 0 0 00 000 00 001200 0.0000 BC0
1 0 2 02000 1 0000 0030 00532.p 0 0 00 000 14 001200 0.100 BT1
1 1 2 02000 1 0000 0030 00532.p 0 0 00 000 00 001200 0.0000 BC1
1 0 2 02000 1 0000 0030 01064.o 0 0 00 000 14 001200 0.100 BT2
532.000 .o analog 0 	532.000 .o photon 0 	532.000 .p analog 1 	532.000 .p photon 1 	1064.000 .o analog 2 
 19.0283	110.0792	 10.5287	 91.5125	  1.8081
 20.4587	149.1250	 11.1630	125.1792	  1.8092
 97.8894	145.6750	 62.3232	124.1375	  1.8094
 99.9747	142.7250	 30.1980	123.1500	  1.8099
 92.1310	139.9000	 25.0607	122.3500	  1.8092
 65.3143	138.4792	 20.0621	121.1000	  1.8097
 49.2086	136.9708	 16.9105	120.8875	  1.8089
 39.7711	135.0292	 14.9914	119.5333	  1.8092
 33.8759	134.8583	 13.7690	119.9375	  1.8088
 30.0655	133.9875	 12.9761	119.5750	  1.8091
 27.3491	133.4667	 12.3995	119.6083	  1.8091
 25.5239	133.1958	 12.0151	119.0625	  1.8092
 24.2415	133.3750	 11.7281	118.4125	  1.8095
 23.2607	132.1125	 11.5082	118.5583	  1.8090
 22.5187	132.3833	 11.3552	118.5125	  1.8096
 21.9279	132.9333	 11.2195	118.8625	  1.8093
 21.4605	132.5000	 11.1119	118.4833	  1.8082
 21.1007	131.5292	 11.0251	118.7833	  1.8088
 20.8151	132.3333	 10.9642	117.9833	  1.8086
 20.5740	131.9708	 10.9080	118.6167	  1.8093
 20.3477	131.8708	 10.8546	118.5583	  1.8089
 20.1556	131.5792	 10.8074	118.0667	  1.8091
 20.0480	131.7625	 10.7830	118.3000	  1.8090
 19.9184	131.5208	 10.7523	118.4417	  1.8092
 19.8005	132.2083	 10.7261	117.9583	  1.8094
 19.6892	132.0750	 10.6866	118.5333	  1.8088
 19.6161	131.5958	 10.6652	118.2458	  1.8092
 19.5553	131.7333	 10.6490	117.9958	  1.8091
 19.5096	131.1458	 10.6426	117.5292	  1.8082
 19.4461	131.5208	 10.6325	117.8042	  1.8088
 19.4122	130.9750	 10.6377	118.4333	  1.8095
 19.3893	131.4708	 10.6173	118.1833	  1.8092
 19.3538	131.6875	 10.6105	118.5458	  1.8091
 19.2975	131.6250	 10.6083	117.8333	  1.8092
 19.2878	131.0500	 10.5991	118.1167	  1.8090
 19.2473	131.3625	 10.5875	117.9958	  1.8088
 19.2193	131.0458	 10.5740	118.1958	  1.8088
 19.1608	131.2292	 10.5669	118.0583	  1.8094
 19.1312	131.8583	 10.5619	118.6167	  1.8096
 19.1317	130.9917	 10.5673	118.1708	  1.8095
 19.0928	131.5125	 10.5618	118.0125	  1.8094
 19.0773	131.7250	 10.5613	117.9875	  1.8094
 19.0474	131.8917	 10.5277	118.1208	  1.8095
 19.0447	130.9583	 10.5340	118.2417	  1.8093
 19.0415	131.9708	 10.5294	118.0292	  1.8097
 19.0492	131.5375	 10.5291	117.8833	  1.8089
 19.0322	131.5583	 10.5187	117.7417	  1.8092
 19.0371	131.6083	 10.5310	118.1833	  1.8090
 19.0256	131.4167	 10.5409	118.3792	  1.8094
 19.0479	131.1167	 10.5349	118.1917	  1.8092
 19.0248	131.2125	 10.5398	118.6292	  1.8091
 19.0280	131.3750	 10.5264	117.9375	  1.8088
 19.0235	131.2917	 10.5279	118.4583	  1.8093
 19.0033	131.7083	 10.5450	117.7917	  1.8089
 19.0247	130.6500	 10.5305	118.1208	  1.8091
 19.0131	131.2583	 10.5345	118.3333	  1.8087
 19.0127	131.4333	 10.5312	118.1542	  1.8089
 19.0254	132.1208	 10.5243	118.6375	  1.8095
 18.9917	131.9458	 10.5408	117.9000	  1.8090
 18.9969	132.0250	 10.5214	118.3083	  1.8095
 18.9981	131.3167	 10.5290	117.6875	  1.8084
 19.0033	131.4167	 10.5185	118.2792	  1.8092
 18.9934	131.3333	 10.5380	118.2375	  1.8092
 19.0271	130.9792	 10.5308	117.6000	  1.8094
 19.0033	130.8750	 10.5205	118.2958	  1.8093
 18.9909	131.2500	 10.5260	118.1375	  1.8093
 18.9960	131.4167	 10.5304	118.3417	  1.8095
 19.0062	131.5750	 10.5185	118.0333	  1.8093
 18.9984	131.5458	 10.5253	117.7417	  1.8090
 18.9891	131.7500	 10.5221	118.1625	  1.8089
 18.9985	131.5417	 10.5364	117.3667	  1.8087
 19.0050	131.7208	 10.5335	117.4458	  1.8088
 19.0000	131.4792	 10.5388	117.8250	  1.8090
 19.0070	131.1083	 10.5233	118.3708	  1.8090
 18.9951	131.1917	 10.5274	118.4375	  1.8091
 19.0037	131.2958	 10.5288	118.4083	  1.8093
 19.0002	131.6458	 10.5256	117.9583	  1.8096
 18.9891	131.6792	 10.5272	118.0292	  1.8091
 18.9949	131.7875	 10.5144	118.1208	  1.8092
 19.0022	130.6167	 10.5241	118.0250	  1.8087
 19.0100	131.7292	 10.5185	118.0167	  1.8091
 18.9844	131.4833	 10.5201	117.7667	  1.8093
 18.9964	131.6625	 10.5358	118.0833	  1.8093
 18.9918	131.4917	 10.5252	117.4750	  1.8086
 18.9900	131.4083	 10.5403	118.1917	  1.8096
 18.9977	131.2500	 10.5372	118.0167	  1.8094
 19.0010	131.6042	 10.5218	117.4958	  1.8093
 19.0154	131.3333	 10.5182	118.4833	  1.8091
 19.0063	131.0250	 10.5209	118.3583	  1.8086
 18.9993	131.6500	 10.5384	118.3208	  1.8092
 19.0007	131.2667	 10.5496	117.8333	  1.8085
 19.0038	131.1333	 10.5283	118.0917	  1.8093
 18.9866	131.1875	 10.5292	118.0458	  1.8093
 19.0007	131.5417	 10.5250	117.9042	  1.8097
 18.9915	131.0958	 10.5205	118.1417	  1.8088
 19.0021	131.0833	 10.5352	118.2500	  1.8088
 19.0004	131.3875	 10.5304	117.5917	  1.8099
 18.9789	131.3292	 10.5184	117.9875	  1.8093
 19.0075	131.3375	 10.5125	118.8042	  1.8089
 18.9921	131.8417	 10.5339	117.4583	  1.8095
 18.9889	131.7292	 10.5370	118.0000	  1.8097
 19.0016	131.4167	 10.5350	118.0083	  1.8095
 18.9875	131.1708	 10.5116	118.3708	  1.8092
 19.0094	131.1542	 10.5233	118.2375	  1.8094
 18.9999	131.8042	 10.5124	118.2833	  1.8097
 18.9995	131.7125	 10.5370	118.1125	  1.8089
 18.9924	131.8125	 10.5186	117.6833	  1.8095
 18.9928	131.8833	 10.5264	118.0458	  1.8095
 19.0103	131.0333	 10.5312	118.1542	  1.8092
 19.0020	131.6375	 10.5369	118.2417	  1.8091
 19.0046	131.5667	 10.5353	117.8542	  1.8091
 18.9871	131.2542	 10.5232	117.7125	  1.8087
 18.9972	131.9042	 10.5237	117.8833	  1.8087
 18.9984	131.5042	 10.5311	118.2167	  1.8090
 19.0064	131.0875	 10.5260	117.8083	  1.8090
 19.0126	131.6458	 10.5193	118.3292	  1.8093
 18.9867	131.0625	 10.5184	118.3667	  1.8090
 19.0042	131.8625	 10.5186	117.9375	  1.8088
 19.0018	131.7167	 10.5358	118.7292	  1.8087
 19.0066	131.4542	 10.5210	117.7708	  1.8092
 18.9955	131.2917	 10.5329	118.2125	  1.8098
 19.0080	131.1792	 10.5227	117.6458	  1.8092
 19.0017	131.5750	 10.5279	118.5583	  1.8091
 19.0055	131.4333	 10.5363	118.2500	  1.8092
 18.9900	130.9958	 10.5338	117.5875	  1.8094
 19.0015	131.5708	 10.5357	118.4542	  1.8090
 18.9855	131.7042	 10.5251	117.9958	  1.8099
 18.9897	131.4000	 10.5258	118.6042	  1.8088
 19.0014	131.5542	 10.5294	117.1958	  1.8088
 19.0267	131.3458	 10.5272	117.9292	  1.8095
 19.0056	130.8708	 10.5249	117.5958	  1.8092
 18.9897	131.1792	 10.5143	117.5458	  1.8085
 19.0029	131.7500	 10.5405	118.2708	  1.8089
 19.0125	131.4875	 10.5333	118.2000	  1.8088
 18.9934	131.6667	 10.5337	117.9875	  1.8092
 19.0045	131.0875	 10.5348	117.4542	  1.8093
 19.0068	131.6833	 10.5354	117.7250	  1.8096
 19.0108	131.6542	 10.5295	118.0625	  1.8087
 19.0041	131.6000	 10.5244	118.1292	  1.8090
 18.9908	131.2000	 10.5330	118.0125	  1.8092
 19.0031	130.9583	 10.5170	117.9375	  1.8095
 18.9854	131.2250	 10.5311	118.7625	  1.8087
 18.9991	131.2500	 10.5164	118.3542	  1.8089
 19.0097	131.4542	 10.5137	118.1042	  1.8091
 18.9900	131.4458	 10.5177	117.5292	  1.8090
 18.9909	131.2167	 10.5268	117.8000	  1.8089
 19.0086	131.4167	 10.5237	118.1667	  1.8089
 19.0066	131.2917	 10.5262	117.6292	  1.8093
 19.0108	131.3250	 10.5133	117.4667	  1.8092
 18.9837	131.1917	 10.5160	117.8167	  1.8092
 19.0184	131.5583	 10.5342	117.9708	  1.8088
 18.9887	131.3208	 10.5314	118.2750	  1.8085
 19.0089	130.6125	 10.5231	117.9292	  1.8094
 18.9999	130.7875	 10.5342	117.7167	  1.8093
 19.0094	131.0958	 10.5372	118.3167	  1.8090
 18.9807	131.0458	 10.5275	118.0708	  1.8090
 18.9981	132.1750	 10.5245	118.6375	  1.8094
 19.0044	130.9000	 10.5433	117.8917	  1.8089
 18.9932	131.1542	 10.5241	117.8042	  1.8091
 19.0015	131.7500	 10.5178	117.8667	  1.8090
 19.0099	132.1542	 10.5369	118.4708	  1.8089
 19.0058	131.6125	 10.5138	118.4083	  1.8091
 18.9929	131.3208	 10.5250	118.5542	  1.8091
 18.9995	131.0792	 10.5211	117.8542	  1.8090
 19.0037	131.2458	 10.5187	117.8167	  1.8082
 19.0031	131.0250	 10.5230	118.0750	  1.8089
 18.9895	131.4083	 10.5270	119.0708	  1.8090
 19.0106	131.6333	 10.5288	118.3083	  1.8090
 18.9927	130.5833	 10.5241	118.3000	  1.8094
 19.0092	131.2792	 10.5257	118.0208	  1.8095
 19.0022	131.4417	 10.5355	118.1125	  1.8089
 19.0214	131.6042	 10.5258	117.6000	  1.8091
 18.9922	131.0500	 10.5124	117.9333	  1.8094
 18.9886	131.7333	 10.5359	118.0833	  1.8082
 19.0102	131.3333	 10.5225	117.7667	  1.8092
 19.0216	131.1542	 10.5260	118.5958	  1.8086
 19.0061	131.7708	 10.5157	117.4792	  1.8091
 18.9972	131.5500	 10.5538	118.1750	  1.8092
 19.0098	131.1000	 10.5081	118.3000	  1.8089
 18.9946	131.2542	 10.5118	118.9500	  1.8090
 19.0001	132.0208	 10.5230	118.4833	  1.8085
 18.9808	131.4625	 10.5309	117.8708	  1.8085
 19.0142	131.3250	 10.5287	117.9375	  1.8095
 19.0046	131.1417	 10.5358	118.2667	  1.8093
 18.9919	131.2125	 10.5145	117.5542	  1.8098
 18.9966	131.1792	 10.5274	118.2625	  1.8085
 18.9596	131.5042	 10.5322	117.6292	  1.8095
 19.0117	131.2875	 10.5230	118.0875	  1.8089
 19.0046	131.1083	 10.5214	117.4958	  1.8086
 19.0056	131.7792	 10.5287	118.1458	  1.8089
 18.9974	131.6167	 10.5314	118.0958	  1.8089
 19.0128	131.7000	 10.5084	118.2875	  1.8092
 18.9992	131.9167	 10.5241	118.4708	  1.8095
 19.0056	131.4208	 10.5188	118.3833	  1.8084
 18.9978	131.1042	 10.5178	117.9000	  1.8089
 19.0026	131.4375	 10.5346	118.1292	  1.8089
 19.0133	131.4583	 10.5355	118.0375	  1.8090
 19.0101	131.4375	 10.5310	118.0542	  1.8089
 19.0124	131.8708	 10.5322	118.1417	  1.8096
 19.0137	131.2208	 10.5292	118.1542	  1.8085
 19.0046	131.4167	 10.5351	117.4583	  1.8086
 18.9980	131.3125	 10.5127	118.0083	  1.8090
 19.0136	131.6042	 10.5226	118.2167	  1.8088
 18.9851	131.1458	 10.5381	118.4167	  1.8094
 19.0031	130.9417	 10.5202	117.8083	  1.8096
 18.9965	131.6458	 10.5090	118.2958	  1.8094
 19.0027	131.4667	 10.5238	118.1083	  1.8090
 19.0124	130.7125	 10.5404	118.3542	  1.8091
 18.9995	131.1083	 10.5255	118.2042	  1.8095
 19.0260	131.2792	 10.5227	117.3167	  1.8090
 19.0019	131.7958	 10.5392	118.5333	  1.8092
 19.0053	131.8375	 10.5250	118.4958	  1.8094
 19.0109	131.8667	 10.5267	118.2750	  1.8089
 19.0119	131.3833	 10.5209	118.4042	  1.8092
 19.0049	131.9708	 10.5167	118.2500	  1.8087
 19.0087	131.7750	 10.5256	117.8625	  1.8098
 19.0003	131.4542	 10.5169	117.7583	  1.8094
 18.9730	131.4250	 10.5244	117.4667	  1.8087
 18.9907	131.2833	 10.5181	117.9625	  1.8091
 19.0071	131.1583	 10.5223	118.0167	  1.8089
 18.9939	131.2708	 10.5185	117.8542	  1.8088
 19.0036	131.3417	 10.5333	118.1375	  1.8086
 19.0069	131.4625	 10.5288	118.6583	  1.8089
 18.9924	130.8542	 10.5324	117.9167	  1.8089
 18.9871	131.1500	 10.5187	118.0292	  1.8090
 19.0024	131.5125	 10.5360	117.7917	  1.8093
 18.9884	131.0958	 10.5187	117.7417	  1.8084
 18.9990	131.7583	 10.5236	117.9458	  1.8091
 19.0102	131.2625	 10.5126	117.9958	  1.8090
 19.0045	131.1333	 10.5280	118.1042	  1.8089
 18.9938	131.5750	 10.5181	118.2208	  1.8086
 18.9852	131.3583	 10.5339	118.1958	  1.8087
 19.0007	131.4542	 10.5265	117.9833	  1.8088
 19.0015	131.2083	 10.5269	117.9750	  1.8091
 19.0062	131.5917	 10.5487	118.1667	  1.8087
 18.9980	131.6917	 10.5226	117.5417	  1.8095
 19.0059	130.8875	 10.5086	118.3500	  1.8088
 19.0023	130.6958	 10.5300	118.2167	  1.8090
 19.0126	131.8167	 10.5357	118.0792	  1.8093
 19.0111	130.9625	 10.5259	118.2292	  1.8093
 18.9984	131.5375	 10.5270	118.2125	  1.8089
 19.0033	131.6375	 10.5222	118.1708	  1.8090
 19.0084	131.7542	 10.5453	118.0708	  1.8088
 19.0147	131.6167	 10.5345	118.2458	  1.8090
 19.0142	131.9875	 10.5350	118.1167	  1.8090
 19.0163	131.4750	 10.5233	118.0125	  1.8092
 19.0107	131.2792	 10.5188	118.8125	  1.8086
 19.0011	131.3917	 10.5261	118.2250	  1.8084
 19.0135	131.1417	 10.5135	117.5500	  1.8085
 19.0045	131.9792	 10.5307	118.2708	  1.8093
 19.0071	131.4667	 10.5133	118.2042	  1.8085
 19.0081	131.0625	 10.5206	118.8917	  1.8088
 19.0053	131.5208	 10.5286	118.7083	  1.8093
 19.0051	131.2042	 10.5372	117.6500	  1.8094
 18.9940	131.5500	 10.5191	117.6292	  1.8090
 18.9914	131.4792	 10.5225	118.7583	  1.8084
 19.0153	131.4250	 10.5219	117.9458	  1.8092
 19.0042	131.1333	 10.5297	118.2833	  1.8095
 18.9892	131.1708	 10.5419	117.9667	  1.8092
 19.0118	131.6000	 10.5448	117.7208	  1.8084
 19.0126	131.3917	 10.5266	118.0625	  1.8089
 19.0215	131.5292	 10.5238	118.0125	  1.8087
 19.0018	131.2750	 10.5270	117.7125	  1.8086
 19.0030	131.3542	 10.5163	117.7917	  1.8091
 18.9899	131.6500	 10.5184	118.2250	  1.8088
 18.9920	131.5333	 10.5264	118.1792	  1.8086
 19.0093	131.1875	 10.5226	118.6125	  1.8087
 19.0161	131.9500	 10.5468	118.0250	  1.8092
 19.0026	130.9875	 10.5287	118.0083	  1.8091
 19.0163	131.0000	 10.5478	118.0417	  1.8088
 18.9885	131.3333	 10.5083	118.5167	  1.8084
 19.0003	131.5125	 10.5210	117.5875	  1.8088
 19.0086	131.4625	 10.5317	117.5750	  1.8082
 18.9907	131.4708	 10.5446	118.8583	  1.8087
 19.0012	131.5958	 10.5316	117.5917	  1.8091
 19.0002	131.2458	 10.5265	118.0500	  1.8092
 18.9861	131.6875	 10.5261	117.5125	  1.8087
 19.0130	131.3583	 10.5197	118.2958	  1.8091
 19.0203	131.6667	 10.5119	118.1958	  1.8091
 19.0127	131.1375	 10.5363	118.2792	  1.8092
 19.0186	131.3125	 10.5201	118.1208	  1.8091
 19.0007	131.5125	 10.5281	118.2500	  1.8081
 18.9935	131.6500	 10.5287	118.5875	  1.8093
 19.0007	130.9125	 10.5341	118.2542	  1.8093
 19.0117	131.0167	 10.5264	118.2250	  1.8089
 19.0046	131.1125	 10.5232	117.8417	  1.8090
 18.9902	131.0833	 10.5360	118.2708	  1.8097
 19.0019	131.6000	 10.5203	118.0958	  1.8086
 19.0059	131.8875	 10.5342	118.3917	  1.8087
 19.0070	131.7958	 10.5210	118.1250	  1.8086
 18.9998	131.6458	 10.5157	118.0792	  1.8090
 19.0052	131.6583	 10.5396	118.6167	  1.8089
 19.0021	131.8667	 10.5405	118.5250	  1.8088
 19.0148	131.6875	 10.5328	118.3583	  1.8088
 18.9975	131.7875	 10.5291	117.9958	  1.8093
 19.0045	131.2917	 10.5349	117.4958	  1.8088
 19.0156	131.0542	 10.5343	118.3917	  1.8091
 19.0113	131.1917	 10.5449	117.8000	  1.8091
 19.0144	131.3792	 10.5242	118.1417	  1.8089
 19.0147	131.2292	 10.5275	117.7625	  1.8088
 19.0127	131.7167	 10.5058	118.2000	  1.8087
 19.0030	131.5375	 10.5249	118.2250	  1.8084
 19.0044	131.1417	 10.5131	118.1375	  1.8096
 19.0126	131.2583	 10.5246	118.2333	  1.8085
 18.9934	131.1250	 10.5271	117.7125	  1.8091
 19.0200	130.9708	 10.5239	118.2125	  1.8091
 19.0111	131.9417	 10.5250	117.7833	  1.8093
 18.9961	131.6125	 10.5374	118.0792	  1.8092
 18.9963	131.4500	 10.5049	117.6958	  1.8091
 19.0070	131.1625	 10.5299	117.4125	  1.8088
 18.9925	131.5125	 10.5333	118.2583	  1.8092
 19.0003	131.3125	 10.5308	117.9500	  1.8093
 19.0043	131.8458	 10.5212	117.9125	  1.8092
 18.9756	131.0125	 10.5100	117.6750	  1.8088
 18.9992	131.2583	 10.5172	117.6417	  1.8093
 19.0043	131.8917	 10.5120	118.4125	  1.8087
 19.0084	131.2833	 10.5320	118.2208	  1.8089
 18.9993	131.4208	 10.5345	117.8792	  1.8093
 19.0092	131.2042	 10.5360	118.2000	  1.8091
 18.9892	131.9250	 10.5389	118.1708	  1.8088
 19.0048	131.1833	 10.5323	117.5667	  1.8092
 19.0085	130.9375	 10.5324	117.8458	  1.8095
 18.9963	131.7583	 10.5417	118.3875	  1.8090
 18.9931	131.2542	 10.5279	118.1542	  1.8086
 19.0132	131.3667	 10.5350	118.3708	  1.8085
 19.0229	131.7917	 10.5312	118.5583	  1.8085
 18.9987	131.1042	 10.5362	118.2333	  1.8090
 19.0110	131.2625	 10.5248	117.9333	  1.8087
 19.0088	131.5417	 10.5301	118.1875	  1.8084
 19.0090	131.4500	 10.5303	117.9417	  1.8090
 19.0161	131.5792	 10.5259	118.6625	  1.8089
 18.9917	131.2625	 10.5223	118.5667	  1.8087
 18.9988	131.2250	 10.5513	117.8917	  1.8086
 19.0066	131.1917	 10.5255	118.4000	  1.8094
 19.0096	131.2375	 10.5237	118.4417	  1.8088
 19.0007	131.8667	 10.5269	117.5792	  1.8087
 18.9920	130.7875	 10.5196	118.0958	  1.8097
 18.9979	131.2500	 10.5270	117.9417	  1.8087
 19.0088	131.6875	 10.5245	118.2583	  1.8091
 19.0021	131.4000	 10.5266	117.9750	  1.8092
 19.0102	130.9500	 10.5294	117.8583	  1.8087
 19.0020	131.7250	 10.5117	117.9042	  1.8087
 19.0143	130.8833	 10.5258	118.1750	  1.8089
 18.9985	131.2875	 10.5230	117.9708	  1.8094
 19.0112	131.9167	 10.5281	118.5083	  1.8087
 19.0039	131.5458	 10.5198	118.4417	  1.8097
 19.0228	131.3833	 10.5344	117.7083	  1.8087
 19.0070	131.1125	 10.5352	117.5042	  1.8088
 19.0144	131.9417	 10.5242	118.3500	  1.8087
 19.0047	131.3833	 10.5475	118.3542	  1.8092
 18.9940	131.5167	 10.5249	118.1125	  1.8092
 18.9909	131.8042	 10.5263	118.2125	  1.8089
 18.9894	131.2833	 10.5273	118.3208	  1.8090
 19.0034	131.8208	 10.5279	118.7958	  1.8096
 19.0036	131.3833	 10.5312	117.6208	  1.8089
 19.0302	130.8417	 10.5330	118.0333	  1.8094
 19.0189	131.2875	 10.5226	118.3542	  1.8089
 19.0037	131.1375	 10.5320	117.7167	  1.8094
 19.0062	131.5250	 10.5433	118.0333	  1.8096
 18.9983	131.4000	 10.5250	118.3042	  1.8092
 19.0066	131.4375	 10.5301	118.3875	  1.8087
 19.0136	131.6083	 10.5306	118.4083	  1.8092
 19.0065	131.0667	 10.5234	118.1833	  1.8092
 19.0052	131.8792	 10.5160	117.4167	  1.8089
 19.0104	131.9042	 10.5419	118.0042	  1.8093
 18.9959	131.3417	 10.5383	117.9375	  1.8087
 19.0120	131.8167	 10.5373	118.4208	  1.8084
 19.0093	131.3750	 10.5393	118.2708	  1.8092
 19.0142	131.1333	 10.5118	119.1458	  1.8091
 19.0183	131.4083	 10.5306	118.7667	  1.8091
 19.0001	131.2083	 10.5083	117.8458	  1.8093
 18.9980	131.2333	 10.5346	117.6417	  1.8093
 18.9857	131.2542	 10.5246	118.1792	  1.8087
 18.9940	131.8750	 10.5083	117.9208	  1.8091
 18.9848	130.9667	 10.5223	117.7958	  1.8088
 19.0024	131.3417	 10.5285	117.5042	  1.8090
 19.0072	131.4708	 10.5034	117.7750	  1.8087
 18.9959	131.0625	 10.5041	118.5167	  1.8089
 18.9986	131.3042	 10.5322	118.4750	  1.8095
 18.9926	131.8042	 10.5250	118.2375	  1.8093
 19.0012	131.5458	 10.5449	118.2917	  1.8093
 19.0092	131.3750	 10.5415	117.7500	  1.8097
 18.9963	131.3458	 10.5179	118.4500	  1.8091
 19.0077	131.2833	 10.5175	117.9125	  1.8090
 19.0036	131.4208	 10.5274	118.1708	  1.8087
 19.0020	132.2542	 10.5267	117.4333	  1.8092
 18.9955	131.6083	 10.5202	118.0542	  1.8089
 19.0126	131.6333	 10.5358	118.1708	  1.8093
 19.0089	131.2500	 10.5358	117.8083	  1.8089
 19.0003	131.9375	 10.5224	117.5875	  1.8089
 19.0115	131.4750	 10.5355	118.0083	  1.8092
 19.0087	130.9333	 10.5197	117.8792	  1.8092
 18.9954	131.8917	 10.5161	117.7500	  1.8093
 18.9845	131.0875	 10.5249	118.3458	  1.8087
 19.0145	131.5167	 10.5383	118.1167	  1.8087
 19.0001	131.0958	 10.5360	117.9750	  1.8086
 18.9908	131.7375	 10.5112	117.9375	  1.8089
 19.0000	131.5208	 10.5276	118.3375	  1.8088
 19.0180	131.1917	 10.5436	118.4750	  1.8091
 19.0075	130.8292	 10.5264	119.1292	  1.8086
 18.9901	131.4333	 10.5271	117.9500	  1.8089
 19.0032	131.4958	 10.5169	117.7542	  1.8087
 19.0022	130.8667	 10.5360	117.9250	  1.8089
 19.0225	131.2875	 10.5267	117.8875	  1.8091
 19.0287	130.7667	 10.5395	118.1625	  1.8090
 19.0008	131.0292	 10.5212	117.8583	  1.8086
 18.9994	131.6208	 10.5189	118.8083	  1.8094
 18.9967	131.6375	 10.5342	117.3417	  1.8092
 18.9858	131.3958	 10.5194	117.7000	  1.8096
 18.9938	131.2125	 10.5387	117.7083	  1.8092
 19.0089	131.8625	 10.5383	118.4125	  1.8093
 19.0117	130.9792	 10.5238	117.8917	  1.8090
 18.9916	131.6542	 10.5265	117.9542	  1.8094
 19.0010	131.0458	 10.5211	117.8708	  1.8088
 18.9812	131.5125	 10.5320	117.9667	  1.8086
 19.0080	131.0292	 10.5343	118.2000	  1.8088
 19.0095	131.6833	 10.5247	118.9750	  1.8088
 18.9962	131.3250	 10.5298	118.0750	  1.8085
 19.0023	131.3625	 10.5193	118.4750	  1.8093
 19.0062	131.3667	 10.5338	118.3208	  1.8088
 19.0035	131.5042	 10.5280	117.5833	  1.8087
 18.9988	131.5458	 10.5282	118.5875	  1.8091
 18.9912	131.1250	 10.5304	117.9167	  1.8092
 19.0018	130.9583	 10.5339	118.2000	  1.8087
 18.9978	131.9542	 10.5322	118.6250	  1.8095
 19.0175	131.3250	 10.5267	118.0000	  1.8093
 19.0039	130.9750	 10.5300	118.0750	  1.8090
 19.0063	131.2375	 10.5266	117.9542	  1.8083
 19.0003	132.1500	 10.5314	118.4208	  1.8087
 19.0059	132.3125	 10.5088	119.0917	  1.8092
 18.9924	131.4375	 10.5180	117.8292	  1.8089
 19.0105	131.3000	 10.5272	117.5625	  1.8088
 19.0221	131.7500	 10.5358	118.3792	  1.8088
 19.0361	130.6917	 10.5250	118.3250	  1.8089
 19.0135	131.2625	 10.5267	117.9500	  1.8086
 19.0153	132.2875	 10.5378	118.4625	  1.8085
 19.0001	130.4375	 10.5167	117.8917	  1.8093
 18.9975	132.1792	 10.5131	117.9000	  1.8084
 18.9809	131.4208	 10.5119	118.6875	  1.8089
 18.9981	132.3917	 10.5243	117.9333	  1.8092
 19.0078	131.5083	 10.5291	117.8833	  1.8094
 19.0134	131.2208	 10.5353	117.2500	  1.8088
 18.9965	131.5375	 10.5200	117.7708	  1.8094
 19.0014	131.6417	 10.5436	118.1958	  1.8086
 19.0061	131.2500	 10.5199	118.2292	  1.8093
 18.9844	131.5667	 10.5321	117.7375	  1.8094
 19.0069	131.5875	 10.5199	117.4375	  1.8089
 19.0310	131.2000	 10.5240	117.5375	  1.8091
 19.0241	131.2292	 10.5214	118.4208	  1.8087
 19.0106	131.3875	 10.5228	118.1958	  1.8088
 19.0063	131.1625	 10.5218	118.3500	  1.8094
 19.0068	131.6000	 10.5175	117.6083	  1.8088
 18.9868	131.2250	 10.5160	118.4708	  1.8092
 19.0114	131.6250	 10.5144	118.6000	  1.8086
 19.0205	131.7833	 10.5348	118.3542	  1.8091
 19.0056	131.4917	 10.5194	117.6750	  1.8090
 18.9821	131.2208	 10.5250	118.3833	  1.8091
 19.0129	131.6083	 10.5256	118.1250	  1.8087
 18.9949	131.3667	 10.5373	117.7833	  1.8087
 18.9796	131.1625	 10.5230	118.2500	  1.8087
 18.9814	131.8625	 10.5431	117.7042	  1.8086
 19.0142	131.2000	 10.5107	117.7417	  1.8093
 19.0223	131.5208	 10.5340	117.8458	  1.8089
 18.9892	130.9167	 10.5358	118.0875	  1.8090
 19.0186	131.7750	 10.5197	117.9583	  1.8084
 19.0252	131.5625	 10.5250	118.3333	  1.8092
 18.9974	131.1875	 10.5329	117.3750	  1.8087
 19.0067	131.2667	 10.5209	118.7500	  1.8090
 19.0010	131.3042	 10.5275	118.5917	  1.8093
 19.0106	131.3667	 10.5227	117.9167	  1.8094
 19.0050	131.6958	 10.5288	118.3250	  1.8087
 19.0173	131.8208	 10.5418	118.2500	  1.8090
 18.9923	131.3208	 10.5126	118.0458	  1.8091
 18.9928	131.6708	 10.5191	118.5250	  1.8094
 18.9965	131.5750	 10.5227	118.5583	  1.8084
 19.0003	131.5375	 10.5310	118.2750	  1.8093
 18.9975	131.6750	 10.5251	118.1250	  1.8089
 19.0097	131.2833	 10.5307	118.3042	  1.8092
 19.0243	131.9958	 10.5270	118.4167	  1.8088
 18.9969	131.8167	 10.5106	117.9667	  1.8087
 19.0018	131.2542	 10.5002	117.6042	  1.8086
 19.0187	131.4208	 10.5147	117.9750	  1.8088
 18.9995	131.5167	 10.5332	117.6083	  1.8091
 19.0007	131.4958	 10.5272	118.0458	  1.8085
 19.0174	131.4875	 10.5216	117.6542	  1.8090
 18.9928	131.8083	 10.5086	118.3667	  1.8087
 19.0290	131.3833	 10.5167	117.8208	  1.8086
 18.9985	131.7083	 10.5226	118.1167	  1.8094
 19.0136	131.3833	 10.5342	118.5708	  1.8091
 19.0169	131.8875	 10.5208	118.2875	  1.8091
 19.0124	131.7458	 10.5202	118.7542	  1.8090
 19.0289	130.9917	 10.5161	118.1208	  1.8089
 19.0017	131.6458	 10.5139	118.6083	  1.8085
 19.0031	132.0750	 10.5324	118.6375	  1.8093
 18.9984	130.7125	 10.5169	119.0458	  1.8094
 18.9882	131.3208	 10.5157	117.7542	  1.8091
 19.0028	131.6667	 10.5356	118.1333	  1.8091
 19.0041	131.2875	 10.5336	117.6958	  1.8089
 19.0048	131.5125	 10.5124	118.2083	  1.8090
 19.0030	131.5083	 10.5295	117.8125	  1.8089
 19.0093	131.3000	 10.5253	118.0792	  1.8091
 19.0110	131.7458	 10.5288	118.6125	  1.8093
 19.0075	131.5208	 10.5424	118.3250	  1.8084
 18.9917	131.4542	 10.5351	117.9708	  1.8081
 19.0080	131.5792	 10.5292	117.5000	  1.8084
 18.9922	131.0250	 10.5272	118.2875	  1.8093
 18.9845	131.3542	 10.5256	117.6958	  1.8090
 19.0050	130.9167	 10.5184	118.0917	  1.8089
 18.9881	131.2000	 10.5298	117.8708	  1.8089
 19.0092	130.8042	 10.5344	118.0667	  1.8085
 18.9987	132.0375	 10.5111	118.5917	  1.8090
 18.9981	131.5958	 10.5225	118.2792	  1.8091
 19.0110	131.1583	 10.5397	118.1500	  1.8089
 19.0134	131.1250	 10.5210	118.6000	  1.8091
 18.9846	131.4042	 10.5342	117.7417	  1.8087
 18.9959	131.8583	 10.5276	118.8458	  1.8083
 18.9913	131.7375	 10.5267	117.2458	  1.8093
 19.0073	131.5083	 10.5200	117.9625	  1.8089
 18.9965	132.0000	 10.5176	117.3667	  1.8093
 18.9992	131.5875	 10.5374	118.0208	  1.8096
 19.0010	130.8667	 10.5297	117.6542	  1.8093
 18.9992	131.1958	 10.5245	118.1958	  1.8089
 18.9988	131.5750	 10.5331	118.2042	  1.8086
 19.0075	131.5625	 10.5147	117.6375	  1.8087
 18.9954	131.1292	 10.5351	117.9083	  1.8087
 19.0220	131.6000	 10.5094	118.1667	  1.8093
 18.9944	130.8250	 10.5250	118.1875	  1.8088
 18.9992	131.9750	 10.5330	118.0750	  1.8090
 18.9909	131.7125	 10.5343	118.0458	  1.8088
 18.9907	131.7500	 10.5207	117.9875	  1.8091
 19.0013	131.4125	 10.5312	117.7042	  1.8093
 19.0066	131.4833	 10.5338	117.7000	  1.8085
 19.0052	131.1500	 10.5215	117.9792	  1.8087
 19.0118	131.5333	 10.5415	118.3208	  1.8090
 18.9945	131.7458	 10.5248	118.2667	  1.8086
 18.9993	132.0708	 10.5137	118.3208	  1.8083
 18.9970	131.1708	 10.5183	117.9875	  1.8089
 19.0213	130.8208	 10.5255	118.0292	  1.8086
 19.0172	131.6167	 10.5324	117.8375	  1.8095
 19.0347	131.2708	 10.5132	118.0792	  1.8085
 19.0033	131.6500	 10.5306	117.8083	  1.8088
 18.9977	131.2667	 10.5264	118.1708	  1.8094
 19.0132	131.1583	 10.5444	117.8875	  1.8088
 19.0069	130.9667	 10.5422	117.8625	  1.8087
 19.0024	131.3750	 10.5405	118.0208	  1.8089
 19.0007	131.4125	 10.5344	118.2750	  1.8093
 18.9927	131.5292	 10.5225	117.5417	  1.8088
 19.0047	130.7458	 10.5146	118.4500	  1.8086
 19.0049	131.0500	 10.5261	118.6042	  1.8091
 18.9868	131.4750	 10.5149	118.1792	  1.8090
 18.9912	131.1917	 10.5282	117.8417	  1.8087
 18.9838	131.5583	 10.5205	117.9708	  1.8093
 19.0013	131.2417	 10.5304	117.7250	  1.8085
 19.0126	131.6458	 10.5213	118.8750	  1.8092
 19.0053	130.8125	 10.5237	118.1208	  1.8092
 18.9855	131.9250	 10.5360	118.5125	  1.8085
 19.0211	132.1542	 10.5390	117.7667	  1.8091
 19.0353	131.3708	 10.5223	118.0750	  1.8093
 19.0121	131.2375	 10.5316	118.0500	  1.8096
 19.0179	131.6500	 10.5369	117.7333	  1.8092
 19.0129	131.4208	 10.5211	118.0875	  1.8088
 19.0065	131.2875	 10.5366	118.4167	  1.8091
 19.0196	131.8375	 10.5063	118.2792	  1.8093
 19.0127	131.3333	 10.5283	118.1042	  1.8092
 19.0057	131.7250	 10.5244	117.9875	  1.8089
 18.9941	131.2750	 10.5206	118.3750	  1.8092
 19.0086	131.6083	 10.5107	118.1542	  1.8091
 19.0107	131.0333	 10.5271	117.7167	  1.8086
 19.0033	132.0708	 10.5197	117.9875	  1.8089
 18.9982	131.5083	 10.5325	117.4083	  1.8087
 19.0005	130.9000	 10.5299	117.6625	  1.8086
 19.0030	131.5042	 10.5293	118.3458	  1.8085
 18.9980	131.6833	 10.5237	118.4083	  1.8088
 19.0031	131.6000	 10.5240	118.3167	  1.8088
 19.0095	131.7833	 10.5196	118.2542	  1.8086
 19.0146	131.2167	 10.5184	118.0750	  1.8085
 19.0018	131.6125	 10.5282	118.2042	  1.8089
 19.0126	131.4583	 10.5231	118.2667	  1.8088
 19.0214	131.2458	 10.5294	118.0208	  1.8085
 18.9963	131.6375	 10.5321	118.2958	  1.8088
 19.0103	131.2500	 10.5295	117.7458	  1.8089
 19.0174	131.8417	 10.5183	118.1833	  1.8088
 19.0021	130.9333	 10.5352	118.7958	  1.8084
 19.0066	131.7292	 10.5321	118.0333	  1.8084
 19.0054	131.2292	 10.5186	117.9875	  1.8087
 19.0001	131.4125	 10.5369	118.0042	  1.8085
 19.0006	131.5917	 10.5389	118.3458	  1.8092
 19.0107	131.3625	 10.5281	118.2875	  1.8092
 19.0000	131.4083	 10.5214	117.7708	  1.8083
 19.0213	131.5417	 10.5239	118.0250	  1.8091
 19.0178	131.2958	 10.5282	117.7083	  1.8089
 19.0005	131.8792	 10.5384	117.8792	  1.8093
 19.0055	130.9958	 10.5202	118.0375	  1.8089
 19.0104	131.3833	 10.5108	118.2500	  1.8091
 19.0065	131.4625	 10.5291	117.7667	  1.8087
 18.9957	131.7333	 10.5124	117.8833	  1.8084
 18.9998	131.7167	 10.5316	118.1250	  1.8085
 19.0229	131.5042	 10.5159	118.4417	  1.8092
 19.0325	131.4625	 10.5375	117.9375	  1.8085
 19.0060	130.9500	 10.5279	118.3875	  1.8089
 19.0023	131.4917	 10.5317	117.6625	  1.8091
 18.9863	131.5292	 10.5235	118.0292	  1.8094
 18.9858	131.1667	 10.5221	118.3750	  1.8092
 19.0038	131.4333	 10.5341	118.2750	  1.8090
 18.9777	131.6500	 10.5404	118.0458	  1.8095
 19.0065	131.5542	 10.5077	117.8042	  1.8082
 18.9871	130.7792	 10.5247	118.4333	  1.8088
 19.0168	131.5542	 10.5318	118.0250	  1.8090
 19.0143	131.2917	 10.5231	118.1792	  1.8095
 19.0150	131.2667	 10.5219	118.0875	  1.8091
 19.0020	131.6292	 10.5299	118.0542	  1.8091
 19.0180	131.3042	 10.5239	117.6833	  1.8092
 18.9956	131.4000	 10.5215	118.4000	  1.8087
 18.9999	131.8792	 10.5093	118.2958	  1.8097
 19.0024	131.4875	 10.5168	118.0625	  1.8087
 19.0090	131.5833	 10.5198	117.9958	  1.8090
 18.9905	131.1583	 10.5312	118.0875	  1.8086
 19.0199	131.0792	 10.5235	117.5208	  1.8088
 19.0161	131.0333	 10.5110	118.2917	  1.8086
 19.0031	131.2792	 10.5238	118.0000	  1.8087
 19.0102	131.2417	 10.5306	117.6167	  1.8086
 18.9884	130.8958	 10.5359	118.9083	  1.8088
 19.0000	131.1917	 10.5296	118.0500	  1.8087
 19.0079	131.7042	 10.5307	117.9250	  1.8099
 19.0035	131.3417	 10.5342	117.9667	  1.8087
 19.0051	131.5167	 10.5298	117.9583	  1.8087
 19.0126	131.4333	 10.5217	118.0125	  1.8089
 19.0002	131.6292	 10.5257	117.7625	  1.8092
 18.9956	131.7958	 10.5239	118.0958	  1.8096
 19.0144	131.5125	 10.5355	118.8625	  1.8087
 19.0011	131.7250	 10.5235	117.6417	  1.8092
 18.9851	131.0833	 10.5233	118.2875	  1.8090
 18.9997	131.1792	 10.5268	117.7667	  1.8088
 19.0090	131.4708	 10.5228	118.2583	  1.8089
 19.0017	131.3792	 10.5346	117.3083	  1.8092
 19.0043	131.2125	 10.5189	118.5417	  1.8091
 19.0155	131.6625	 10.5189	117.6833	  1.8085
 18.9948	131.1250	 10.5257	118.4500	  1.8093
 19.0109	131.0750	 10.5311	117.9125	  1.8090
 19.0204	131.6083	 10.5155	118.3208	  1.8087
 18.9879	131.2375	 10.5319	117.8208	  1.8092
 19.0139	130.8792	 10.5373	118.4167	  1.8089
 19.0140	131.5792	 10.5294	117.7542	  1.8086
 19.0051	131.4583	 10.5348	118.1250	  1.8088
 19.0081	131.4708	 10.5407	117.5375	  1.8087
 19.0173	131.3958	 10.5269	117.5833	  1.8086
 19.0030	131.2375	 10.5337	117.3958	  1.8094
 18.9791	131.2208	 10.5228	118.4167	  1.8089
 18.9909	131.5625	 10.5148	118.4625	  1.8090
 18.9892	131.6125	 10.5219	118.0958	  1.8094
 19.0131	131.3042	 10.5337	118.0292	  1.8091
 18.9827	130.9958	 10.5225	118.1958	  1.8091
 19.0249	131.3458	 10.5322	118.2167	  1.8085
 18.9975	131.2333	 10.5305	118.6167	  1.8089
 19.0155	131.6917	 10.5393	118.2167	  1.8088
 18.9925	132.0292	 10.5340	117.7250	  1.8084
 19.0298	131.1917	 10.5320	118.3208	  1.8088
 19.0088	131.2667	 10.5406	118.0333	  1.8093
 19.0075	131.3792	 10.5203	118.2375	  1.8090
 19.0096	131.1208	 10.5203	117.9625	  1.8086
 19.0127	131.9083	 10.5237	118.1917	  1.8083
 18.9995	131.6042	 10.5101	117.7625	  1.8094
 18.9951	131.1208	 10.5235	117.3208	  1.8089
 18.9954	131.1500	 10.5250	118.6958	  1.8091
 19.0001	131.5875	 10.5245	117.9000	  1.8090
 19.0064	131.3417	 10.5217	118.7208	  1.8088
 19.0015	131.6750	 10.5357	117.7833	  1.8086
 18.9726	131.0458	 10.5452	118.1833	  1.8088
 19.0154	131.4750	 10.5230	117.9500	  1.8092
 18.9952	131.7333	 10.5200	118.2250	  1.8096
 19.0144	132.0292	 10.5031	118.4375	  1.8085
 19.0189	131.6208	 10.5185	118.0042	  1.8088
 19.0077	131.3750	 10.5300	118.0875	  1.8084
 19.0127	131.1833	 10.5287	118.0542	  1.8087
 18.9980	131.6958	 10.5242	118.0167	  1.8090
 18.9925	131.2792	 10.5360	118.5250	  1.8089
 19.0081	131.9167	 10.5184	118.1250	  1.8083
 19.0009	131.3042	 10.5064	118.3208	  1.8086
 19.0016	131.3708	 10.5204	118.1042	  1.8088
 19.0058	131.2500	 10.5139	118.2000	  1.8093
 18.9848	131.3875	 10.5232	118.1292	  1.8091
 19.0098	131.5208	 10.5314	118.0083	  1.8092
 19.0082	131.2125	 10.5179	118.6667	  1.8089
 18.9956	131.3500	 10.5298	118.4292	  1.8086
 19.0149	130.9958	 10.5066	118.0875	  1.8089
 19.0064	131.6333	 10.5327	118.5958	  1.8086
 18.9829	131.4167	 10.5168	117.4792	  1.8096
 19.0012	131.7792	 10.5239	117.9708	  1.8082
 19.0040	131.7208	 10.5467	118.4375	  1.8090
 18.9959	131.2792	 10.5341	118.2625	  1.8089
 19.0016	131.7542	 10.5280	118.4000	  1.8090
 19.0103	131.5917	 10.5489	118.0583	  1.8089
 19.0008	131.6208	 10.5272	118.5125	  1.8093
 19.0159	131.3208	 10.5303	117.8625	  1.8088
 19.0034	131.5208	 10.5359	118.0208	  1.8085
 19.0017	131.4167	 10.5227	119.1000	  1.8095
 18.9944	131.4625	 10.5349	117.7583	  1.8084
 18.9912	131.4750	 10.5224	118.6208	  1.8093
 19.0121	131.0708	 10.5269	117.9750	  1.8088
 19.0138	131.5083	 10.5326	118.4667	  1.8088
 19.0010	131.5625	 10.5081	118.3167	  1.8089
 19.0110	131.6042	 10.5331	117.9875	  1.8089
 19.0056	131.4958	 10.5184	118.0417	  1.8093
 18.9842	131.5917	 10.5142	118.5417	  1.8093
 19.0073	131.3333	 10.5164	118.4208	  1.8082
 19.0083	131.8375	 10.5262	118.0042	  1.8094
 19.0082	130.9458	 10.5372	117.6542	  1.8090
 19.0059	131.3292	 10.5248	118.0542	  1.8088
 19.0039	131.3417	 10.5444	118.0125	  1.8086
 18.9912	131.6292	 10.5125	118.0667	  1.8082
 19.0012	131.9167	 10.5259	118.6583	  1.8092
 19.0060	130.7542	 10.5283	118.6333	  1.8094
 19.0102	131.3917	 10.5213	117.7958	  1.8086
 19.0258	131.4292	 10.5220	118.1542	  1.8089
 19.0005	131.2458	 10.5172	117.9583	  1.8087
 19.0056	131.2875	 10.5243	117.4250	  1.8087
 18.9940	131.2583	 10.5335	118.5083	  1.8091
 18.9927	131.0083	 10.5355	118.2917	  1.8088
 19.0109	131.0250	 10.5226	118.0792	  1.8088
 18.9995	131.1083	 10.5341	117.3583	  1.8086
 19.0025	131.8000	 10.5278	117.4417	  1.8085
 19.0036	131.2917	 10.5222	118.2333	  1.8089
 19.0007	131.5833	 10.5257	117.9125	  1.8088
 19.0175	131.3750	 10.5244	118.2208	  1.8089
 19.0192	131.5833	 10.5290	118.2125	  1.8084
 19.0039	131.5625	 10.5452	118.1292	  1.8088
 19.0005	131.6708	 10.5294	117.7417	  1.8092
 18.9993	131.2250	 10.5323	118.3000	  1.8083
 19.0084	131.2542	 10.5266	118.2750	  1.8086
 19.0149	130.9875	 10.5314	118.2583	  1.8093
 19.0064	131.4333	 10.5403	118.2458	  1.8083
 19.0165	131.2167	 10.5120	117.6167	  1.8090
 19.0023	131.9292	 10.5277	118.3125	  1.8091
 19.0187	130.9167	 10.5417	117.7042	  1.8088
 19.0045	131.2542	 10.5260	118.5792	  1.8093
 18.9906	130.8833	 10.5172	118.2917	  1.8086
 19.0097	131.7958	 10.5284	118.6875	  1.8092
 18.9928	131.0500	 10.5278	118.5250	  1.8089
 19.0108	131.5792	 10.5266	118.0125	  1.8090
 19.0111	131.0292	 10.5072	118.2792	  1.8086
 18.9924	131.3917	 10.5288	117.9750	  1.8090
 19.0127	131.5083	 10.5145	118.2833	  1.8084
 18.9847	131.8083	 10.5311	117.8417	  1.8093
 19.0055	131.1500	 10.5251	117.8542	  1.8087
 19.0058	131.8292	 10.5231	118.2708	  1.8090
 19.0008	131.5125	 10.5428	118.1917	  1.8091
 18.9942	131.1917	 10.5123	117.7458	  1.8083
 19.0142	131.6167	 10.5299	117.5125	  1.8090
 19.0167	131.7083	 10.5234	117.9958	  1.8090
 19.0066	131.1833	 10.5242	117.6625	  1.8084
 18.9884	131.6708	 10.5390	118.1333	  1.8086
 19.0197	131.2583	 10.5204	118.3542	  1.8083
 18.9915	131.2375	 10.5263	118.4125	  1.8091
 19.0057	131.6000	 10.5216	117.6542	  1.8093
 18.9905	131.4125	 10.5149	118.1792	  1.8091
 18.9882	131.4875	 10.5254	118.3458	  1.8086
 19.0003	131.0833	 10.5224	118.4833	  1.8092
 18.9885	131.1917	 10.5328	118.3750	  1.8089
 19.0062	131.4917	 10.5424	118.9000	  1.8088
 19.0080	131.1333	 10.5281	118.2375	  1.8089
 19.0142	131.0250	 10.5237	118.4708	  1.8093
 19.0106	131.3958	 10.5182	118.0167	  1.8083
 19.0087	130.8875	 10.5261	117.7083	  1.8085
 18.9936	131.8833	 10.5148	118.4625	  1.8084
 18.9893	131.2417	 10.5293	118.6125	  1.8090
 19.0176	131.7917	 10.5271	117.7875	  1.8093
 19.0017	131.1792	 10.5430	118.0292	  1.8093
 18.9983	131.1667	 10.5371	117.4667	  1.8092
 19.0006	131.4250	 10.5359	118.1792	  1.8087
 19.0132	132.0750	 10.5415	117.5792	  1.8091
 18.9889	131.4167	 10.5299	118.2458	  1.8089
 19.0006	131.4875	 10.5064	118.0208	  1.8093
 19.0212	131.5250	 10.5260	117.4708	  1.8087
 19.0107	131.4042	 10.5138	118.2917	  1.8085
 19.0101	130.7417	 10.5182	118.0958	  1.8089
 18.9959	130.9167	 10.5206	117.9250	  1.8083
 19.0073	131.3125	 10.5188	118.1667	  1.8081
 19.0333	131.5500	 10.5177	118.2167	  1.8087
 19.0009	131.6708	 10.5167	117.7833	  1.8085
 18.9931	131.9792	 10.5266	118.3125	  1.8088
 18.9978	131.1167	 10.5141	117.6125	  1.8090
 19.0031	131.3958	 10.5238	119.3458	  1.8087
 19.0183	131.4167	 10.5290	118.4125	  1.8082
 18.9916	131.5458	 10.5308	118.4083	  1.8083
 19.0125	131.2542	 10.5179	117.7417	  1.8092
 19.0156	131.0167	 10.5239	118.5542	  1.8087
 18.9975	130.8583	 10.5278	118.6292	  1.8086
 19.0161	131.6500	 10.5431	118.0917	  1.8087
 19.0199	131.2375	 10.5297	117.7542	  1.8089
 18.9788	131.2750	 10.5243	118.6208	  1.8089
 19.0293	130.6708	 10.5346	117.7833	  1.8084
 19.0066	131.4958	 10.5400	117.9917	  1.8091
 19.0192	131.0417	 10.5227	117.8833	  1.8087
 19.0027	132.0583	 10.5310	118.6250	  1.8089
 19.0214	131.4750	 10.5305	118.0292	  1.8088
 19.0088	131.7000	 10.5373	118.2083	  1.8094
 19.0108	131.0333	 10.5238	117.9708	  1.8085
 19.0205	131.2333	 10.5328	118.0583	  1.8086
 19.0173	131.4125	 10.5268	118.5042	  1.8089
 19.0188	131.0958	 10.5381	118.0625	  1.8089
 19.0103	131.6125	 10.5204	118.6750	  1.8087
 19.0149	131.2333	 10.5257	118.1000	  1.8093
 19.0184	131.1625	 10.5264	117.8875	  1.8090
 19.0310	131.4208	 10.5222	118.0333	  1.8087
 18.9943	131.2250	 10.5287	117.8250	  1.8086
 19.0055	131.5792	 10.5274	117.9000	  1.8088
 18.9951	130.7125	 10.5409	118.0500	  1.8085
 18.9776	131.8042	 10.5279	118.1708	  1.8086
 19.0056	131.6917	 10.5435	118.3083	  1.8085
 19.0091	131.3125	 10.5269	117.9542	  1.8090
 19.0001	131.1958	 10.5372	117.9917	  1.8087
 18.9989	130.9042	 10.5288	118.1417	  1.8088
 19.0136	131.3792	 10.5244	118.3667	  1.8090
 18.9979	131.6208	 10.5187	118.2708	  1.8093
 19.0015	131.4792	 10.5373	118.0667	  1.8084
 19.0045	131.3542	 10.5275	118.4417	  1.8085
 19.0036	131.5125	 10.5313	117.6375	  1.8088
 18.9895	131.5625	 10.5244	117.7958	  1.8089
 19.0164	132.0750	 10.5203	117.9083	  1.8087
 19.0001	131.4750	 10.5325	117.3667	  1.8086
 18.9846	131.3167	 10.5105	118.1125	  1.8094
 19.0019	130.8917	 10.5278	117.6875	  1.8087
 19.0036	132.3750	 10.5310	118.0625	  1.8087
 19.0202	131.2875	 10.5440	118.1500	  1.8085
 19.0011	131.7250	 10.5282	118.5083	  1.8089
 19.0058	130.9958	 10.5429	118.0792	  1.8095
 19.0028	131.4417	 10.5196	118.9208	  1.8085
 19.0069	131.4000	 10.5193	117.8625	  1.8088
 18.9996	130.8625	 10.5268	118.6958	  1.8084
 18.9894	130.8375	 10.5243	118.0417	  1.8083
 18.9795	131.2833	 10.5336	118.5833	  1.8091
 19.0031	131.8000	 10.5182	118.1458	  1.8085
 19.0100	130.9458	 10.5441	118.6292	  1.8088
 19.0196	131.5667	 10.5309	118.3458	  1.8092
 18.9978	130.8792	 10.5446	118.1708	  1.8092
 19.0191	131.5000	 10.5188	118.4958	  1.8085
 19.0128	131.4208	 10.5057	117.5750	  1.8085
 18.9967	131.6917	 10.5350	118.2792	  1.8085
 19.0146	131.5250	 10.5271	117.9875	  1.8089
 19.0056	130.9333	 10.5137	117.9792	  1.8088
 18.9987	131.7417	 10.5239	118.3083	  1.8088
 19.0070	131.8542	 10.5283	117.5583	  1.8090
 19.0071	131.5417	 10.5544	118.3167	  1.8090
 18.9987	131.3750	 10.5209	118.6083	  1.8087
 19.0031	131.7042	 10.5215	118.5792	  1.8094
 19.0063	131.3250	 10.5388	118.1958	  1.8092
 18.9993	131.3875	 10.5186	118.1750	  1.8086
 19.0021	131.3667	 10.5047	117.7750	  1.8087
 19.0148	131.6458	 10.5214	117.5250	  1.8088
 19.0025	131.1583	 10.5150	117.8792	  1.8083
 19.0053	131.8708	 10.5276	118.1375	  1.8087
 19.0117	131.5417	 10.5271	118.0125	  1.8094
 19.0018	131.9958	 10.5199	118.4000	  1.8087
 19.0114	131.3833	 10.5253	118.2750	  1.8094
 19.0046	131.6208	 10.5130	118.0083	  1.8088
 19.0105	132.0333	 10.5160	117.9500	  1.8082
 19.0103	131.0292	 10.5284	118.6042	  1.8086
 19.0000	131.4208	 10.5357	118.0375	  1.8084
 19.0162	130.9750	 10.5274	118.8375	  1.8087
 18.9929	131.4167	 10.5303	118.4917	  1.8089
 19.0263	131.4125	 10.5346	117.8292	  1.8089
 19.0136	131.3625	 10.5151	117.6458	  1.8088
 19.0055	131.8167	 10.5289	118.1458	  1.8084
 19.0087	131.0875	 10.5350	118.2542	  1.8091
 18.9925	131.4333	 10.5470	118.0083	  1.8088
 19.0139	131.3417	 10.5294	118.0500	  1.8088
 18.9961	131.3167	 10.5216	117.7625	  1.8088
 19.0025	130.8000	 10.5302	117.8750	  1.8090
 19.0099	131.0125	 10.5213	117.5750	  1.8088
 18.9929	131.3792	 10.5534	118.7958	  1.8090
 18.9969	131.4417	 10.5173	117.9792	  1.8087
 18.9966	131.7708	 10.5263	117.4958	  1.8086
 19.0181	131.7417	 10.5164	118.4792	  1.8087
 18.9991	131.9125	 10.5285	117.8583	  1.8084
 19.0012	131.9875	 10.5350	117.9000	  1.8086
 19.0224	130.6583	 10.5253	118.2292	  1.8089
 19.0108	131.8417	 10.5321	117.2125	  1.8088
 18.9935	131.6542	 10.5274	117.5792	  1.8082
 19.0016	131.3625	 10.5184	117.6875	  1.8088
 19.0116	131.0292	 10.5225	117.9042	  1.8089
 19.0145	130.8833	 10.5177	118.6917	  1.8080
 18.9999	131.8875	 10.5350	118.0042	  1.8092
 18.9881	131.6000	 10.5208	117.9083	  1.8088
 19.0082	131.3500	 10.5198	118.0708	  1.8086
 19.0004	131.3792	 10.5268	118.2542	  1.8092
 19.0070	131.3375	 10.5203	118.0375	  1.8084
 18.9860	130.9792	 10.5087	117.8667	  1.8088
 18.9961	131.4042	 10.5282	118.0833	  1.8090
 19.0073	131.1958	 10.5218	117.8542	  1.8089
 19.0007	131.0208	 10.5390	118.9083	  1.8092
 18.9990	131.7000	 10.5120	118.5000	  1.8092
 19.0026	131.6000	 10.5288	117.9708	  1.8090
 19.0104	131.2750	 10.5363	117.9542	  1.8089
 19.0013	131.2375	 10.5317	117.4792	  1.8090
 19.0101	131.2583	 10.5131	118.4125	  1.8084
 19.0131	131.5042	 10.5201	117.7125	  1.8088
 18.9926	131.3125	 10.5179	117.9792	  1.8086
 19.0154	131.5000	 10.5133	117.6125	  1.8089
 19.0207	130.9000	 10.5360	117.9792	  1.8082
 19.0021	131.4292	 10.5333	117.5292	  1.8089
 19.0105	131.3208	 10.5268	118.0833	  1.8085
 19.0193	131.2417	 10.5395	118.5875	  1.8087
 19.0064	131.5083	 10.5368	117.9000	  1.8087
 19.0058	130.9667	 10.5305	117.8167	  1.8083
 19.0026	131.1417	 10.5309	118.3417	  1.8088
 19.0034	131.3667	 10.5361	117.9083	  1.8088
 19.0113	131.8833	 10.5293	118.1333	  1.8084
 18.9964	131.3875	 10.5255	118.4042	  1.8087
 18.9979	130.8833	 10.5277	118.7208	  1.8091
 19.0115	131.1917	 10.5261	118.5750	  1.8085
 19.0119	131.9750	 10.5276	118.3708	  1.8088
 18.9987	131.0750	 10.5296	118.7583	  1.8091
 19.0042	131.5083	 10.5242	117.8125	  1.8088
 18.9984	131.7875	 10.5173	118.0542	  1.8085
 18.9980	130.5292	 10.5406	117.8167	  1.8088
 19.0145	131.6375	 10.5306	117.8708	  1.8083
 19.0224	131.5500	 10.5254	117.8458	  1.8085
 18.9930	131.1917	 10.5217	117.9917	  1.8090
 19.0016	131.6333	 10.5268	117.6500	  1.8088
 19.0036	131.5750	 10.5331	117.7625	  1.8083
 19.0176	131.7917	 10.5356	118.0833	  1.8085
 19.0131	131.6750	 10.5346	118.3292	  1.8083
 18.9965	131.3458	 10.5062	118.0333	  1.8089
 19.0032	131.6375	 10.5338	118.7792	  1.8088
 19.0056	131.7083	 10.5117	118.3875	  1.8092
 19.0115	131.4542	 10.5303	117.9167	  1.8087
 18.9971	131.7750	 10.5193	118.1958	  1.8083
 19.0109	131.7167	 10.5218	119.1542	  1.8089
 18.9993	131.5667	 10.5158	118.3958	  1.8085
 18.9911	131.2250	 10.5101	118.1667	  1.8092
 19.0108	132.0833	 10.5287	117.8708	  1.8090
 19.0018	131.7083	 10.5267	117.9750	  1.8085
 19.0088	131.1375	 10.5099	118.2833	  1.8089
 18.9986	131.1792	 10.5340	117.8625	  1.8082
 19.0081	131.2292	 10.5174	118.0708	  1.8090
 18.9946	131.2208	 10.5196	118.3167	  1.8086
 19.0120	131.3667	 10.5328	117.9125	  1.8084
 19.0261	131.2292	 10.5232	117.3500	  1.8086
 19.0016	131.6042	 10.5189	118.0083	  1.8083
 19.0009	131.4458	 10.5188	117.9042	  1.8088
 19.0055	130.8875	 10.5267	117.5417	  1.8083
 19.0025	131.5500	 10.5192	117.3042	  1.8089
 19.0146	131.7750	 10.5194	118.3750	  1.8088
 18.9784	131.4875	 10.5302	118.3458	  1.8091
 18.9923	131.4583	 10.5352	117.3500	  1.8084
 19.0188	131.5375	 10.5240	118.6542	  1.8088
 19.0011	131.9417	 10.5215	117.8917	  1.8085
 19.0106	131.7000	 10.5238	117.9542	  1.8084
 19.0190	131.0500	 10.5324	117.8542	  1.8090
 19.0057	131.2000	 10.5166	118.1625	  1.8089
 19.0006	131.1750	 10.5247	118.1625	  1.8087
 19.0123	131.4958	 10.5148	117.9250	  1.8088
 19.0056	131.3750	 10.5275	118.2958	  1.8089
 19.0007	131.4500	 10.5227	117.8542	  1.8087
 19.0006	131.8500	 10.5323	117.9167	  1.8085
 18.9992	131.2708	 10.5377	117.8250	  1.8089
 19.0010	130.7292	 10.5238	117.5792	  1.8085
 19.0080	131.5167	 10.5105	118.2958	  1.8089
 19.0130	131.6000	 10.5381	117.8042	  1.8085
 19.0179	131.2708	 10.5196	118.3208	  1.8084
 19.0039	131.1625	 10.5196	117.4292	  1.8088
 19.0179	131.1667	 10.5199	118.1250	  1.8085
 19.0032	131.0000	 10.5311	118.3000	  1.8086
 19.0149	131.8542	 10.5296	117.7750	  1.8088
 18.9934	131.1500	 10.5299	117.7250	  1.8087
 19.0142	131.3750	 10.5287	117.9542	  1.8087
 19.0112	131.3000	 10.5397	118.0417	  1.8091
 19.0106	131.5000	 10.5160	118.0167	  1.8085
 19.0332	131.6125	 10.5369	117.7083	  1.8092
 19.0188	131.4083	 10.5160	118.3500	  1.8087
 19.0207	131.6250	 10.5315	118.3667	  1.8083
 19.0033	131.4250	 10.5268	118.0875	  1.8086
 19.0033	131.4875	 10.5412	117.8333	  1.8092
 19.0164	131.6292	 10.5189	118.3458	  1.8085
 18.9861	131.6333	 10.5381	118.0917	  1.8087
 19.0109	132.2208	 10.5239	117.9083	  1.8090
 19.0044	131.6750	 10.5293	118.1792	  1.8089
 19.0037	131.0500	 10.5243	117.9083	  1.8087
 19.0067	131.1750	 10.5195	117.8167	  1.8086
 18.9940	131.4667	 10.5306	117.7417	  1.8090
 19.0120	131.3750	 10.5281	118.3333	  1.8083
 19.0111	131.2000	 10.5411	118.1708	  1.8089
 19.0030	131.2792	 10.5320	117.4792	  1.8086
 19.0207	131.2375	 10.5274	117.5750	  1.8085
 19.0013	130.8042	 10.5351	118.4958	  1.8083
 19.0050	131.5250	 10.5299	117.7208	  1.8087
 18.9923	131.2958	 10.5299	117.7458	  1.8089
 19.0090	131.5625	 10.5327	118.7542	  1.8089
 19.0146	131.4792	 10.5153	118.0250	  1.8087
 18.9972	131.4583	 10.5139	118.1167	  1.8086
 18.9856	131.0208	 10.5484	117.7625	  1.8086
 19.0072	131.7667	 10.5089	118.3292	  1.8093
 18.9813	131.5875	 10.5127	118.8375	  1.8083
 18.9872	131.9750	 10.5161	118.0250	  1.8085
 19.0169	132.0292	 10.5046	117.8708	  1.8094
 19.0010	131.2917	 10.5283	117.8083	  1.8088
 18.9946	131.0500	 10.5164	117.9167	  1.8089
 19.0132	131.5708	 10.5357	117.6125	  1.8090
 19.0088	131.2958	 10.5131	117.8667	  1.8087
 19.0223	131.2750	 10.5295	118.5750	  1.8087
 19.0219	131.2083	 10.5399	118.6167	  1.8090
 19.0165	131.1667	 10.5461	118.3167	  1.8084
 18.9937	130.4875	 10.5334	117.7167	  1.8092
 19.0043	130.9583	 10.5178	118.2542	  1.8088
 19.0090	131.8958	 10.5285	117.9333	  1.8088
 19.0118	131.5125	 10.5184	118.3875	  1.8087
 18.9930	131.1708	 10.5225	118.7583	  1.8087
 19.0011	131.5792	 10.5258	117.9333	  1.8087
 18.9849	131.7708	 10.5242	118.5750	  1.8091
 18.9991	131.7083	 10.5186	118.2250	  1.8087
 19.0038	131.0417	 10.5207	117.8833	  1.8090
 19.0009	131.6250	 10.5470	118.1000	  1.8088
 19.0141	131.5333	 10.5281	118.1542	  1.8088
 19.0092	131.0500	 10.5198	118.4292	  1.8083
 19.0057	130.7917	 10.5255	117.5583	  1.8092
 19.0102	131.0792	 10.5324	118.0583	  1.8089
 19.0004	131.5792	 10.5171	117.9417	  1.8085
 19.0041	131.3958	 10.5223	118.3583	  1.8088
 19.0113	131.0458	 10.5191	117.8667	  1.8089
 19.0027	131.1708	 10.5268	118.3042	  1.8081
 19.0180	131.0500	 10.5255	117.8000	  1.8084
 19.0018	131.8625	 10.5257	118.7042	  1.8087
 19.0156	131.4125	 10.5214	118.3625	  1.8086
 18.9919	130.9750	 10.5292	118.1500	  1.8091
 19.0040	131.0000	 10.5272	118.0708	  1.8086
 19.0050	131.5042	 10.5131	118.1167	  1.8079
 19.0144	131.2500	 10.5342	118.1458	  1.8082
 19.0033	131.0708	 10.5175	117.6708	  1.8087
 19.0200	131.4167	 10.5405	118.3333	  1.8088
 19.0034	131.8708	 10.5231	117.8750	  1.8090
 19.0175	130.6542	 10.5150	117.6083	  1.8085
 19.0132	131.3000	 10.5357	118.1875	  1.8082
 18.9895	131.6125	 10.5306	117.7625	  1.8086
 18.9996	131.0292	 10.5295	118.0500	  1.8091
 19.0203	130.9792	 10.5333	118.1500	  1.8089
 19.0074	131.2208	 10.5248	117.9167	  1.8091
 19.0056	131.6542	 10.5348	117.6333	  1.8095
 19.0082	131.7833	 10.5244	118.3833	  1.8086
 19.0184	131.2167	 10.5264	118.0375	  1.8085
 19.0146	131.2417	 10.5220	118.3208	  1.8085
 18.9929	131.5042	 10.5281	118.2542	  1.8088
 19.0027	131.3208	 10.5184	118.0333	  1.8087
 19.0150	131.4458	 10.5259	118.1875	  1.8084
 18.9994	131.5500	 10.5189	118.6458	  1.8089
 18.9941	131.4000	 10.5263	118.1708	  1.8083
 19.0047	131.0292	 10.5211	118.1958	  1.8085
 19.0049	131.5333	 10.5339	117.9250	  1.8085
 18.9954	131.5875	 10.5376	117.9333	  1.8089
 18.9885	131.5625	 10.5192	118.2208	  1.8080
 18.9927	131.8833	 10.5257	118.6625	  1.8084
 19.0133	131.1167	 10.5216	118.2625	  1.8091
 19.0196	131.1500	 10.5271	118.2042	  1.8088
 19.0094	131.5167	 10.5416	117.5542	  1.8083
 18.9879	130.9167	 10.5152	117.7833	  1.8084
 18.9999	131.5417	 10.5246	118.1917	  1.8089
 19.0117	131.4042	 10.5179	117.6917	  1.8087
 18.9976	131.1667	 10.5297	117.9792	  1.8087
 19.0296	131.8042	 10.5266	117.4458	  1.8088
 19.0060	131.1625	 10.5079	118.0750	  1.8088
 18.9958	130.8292	 10.5215	118.0583	  1.8089
 18.9902	131.1875	 10.5233	117.9875	  1.8091
 19.0120	130.9208	 10.5210	118.3750	  1.8087
 19.0057	131.1667	 10.5159	117.8167	  1.8085
 19.0035	131.3333	 10.5343	118.3167	  1.8085
 19.0236	131.0292	 10.5223	118.5083	  1.8091
 19.0077	130.9875	 10.5162	117.9125	  1.8090
 19.0044	131.5875	 10.5398	118.3000	  1.8088
 19.0186	131.6958	 10.5254	117.8583	  1.8084
 18.9899	130.8625	 10.5276	117.8292	  1.8086
 19.0035	131.0833	 10.5267	118.0625	  1.8081
 19.0045	131.4708	 10.5294	118.2542	  1.8087
 19.0061	131.3917	 10.5027	118.1042	  1.8083
 19.0075	130.8333	 10.5207	118.1667	  1.8089
 19.0166	131.6333	 10.5161	118.1750	  1.8081
 19.0207	131.0708	 10.5208	118.7667	  1.8085
 19.0022	131.2417	 10.5394	117.9500	  1.8086
 19.0214	131.2500	 10.5348	118.1417	  1.8087
 19.0085	131.4375	 10.5219	117.8375	  1.8088
 18.9726	131.3958	 10.5337	118.5792	  1.8086
 19.0004	131.9417	 10.5220	118.5667	  1.8087
 19.0167	131.2125	 10.5236	118.0792	  1.8087
 18.9949	131.5083	 10.5141	118.3583	  1.8093
 19.0093	131.4708	 10.5174	118.2333	  1.8087
 19.0196	131.3792	 10.5235	118.2000	  1.8082
 19.0268	131.6542	 10.5107	117.7750	  1.8086
 19.0203	131.6417	 10.5219	118.3167	  1.8088
 18.9861	131.8042	 10.5257	117.9917	  1.8079
 19.0051	131.0792	 10.5261	117.9708	  1.8092
 19.0121	131.5958	 10.5233	117.7458	  1.8096
 19.0028	131.3667	 10.5160	118.5708	  1.8085
 18.9988	131.7458	 10.5242	117.7917	  1.8089
 19.0066	131.5292	 10.5206	118.3833	  1.8088
 18.9956	131.4958	 10.5272	118.0250	  1.8089
 19.0024	131.0792	 10.5372	117.9833	  1.8090
 18.9873	131.1417	 10.5402	118.0500	  1.8089
 19.0060	131.2167	 10.5374	117.9000	  1.8091
 19.0200	131.5917	 10.5356	118.4667	  1.8089
 19.0024	131.6250	 10.5337	118.0625	  1.8087
 19.0048	131.8083	 10.5231	118.0083	  1.8085
 19.0121	132.0500	 10.5217	118.3167	  1.8086
 19.0263	131.3250	 10.5226	118.0042	  1.8087
 19.0047	131.7292	 10.5174	117.7250	  1.8088
 19.0063	131.6917	 10.5248	118.3667	  1.8088
 19.0010	131.4958	 10.5142	118.5417	  1.8090
 18.9871	131.8583	 10.5122	117.8417	  1.8085
 18.9969	130.9208	 10.5126	117.9333	  1.8085
 19.0191	131.6375	 10.5266	117.9042	  1.8087
 19.0156	131.2958	 10.5090	118.4333	  1.8083
 19.0051	131.7458	 10.5128	117.8458	  1.8087
 19.0218	131.6000	 10.5305	118.1708	  1.8089
 18.9955	131.2500	 10.5259	118.3208	  1.8090
 19.0173	131.0500	 10.5395	118.0083	  1.8089
 19.0081	131.0208	 10.5211	118.3167	  1.8088
 18.9979	131.7000	 10.5383	118.4000	  1.8088
 19.0090	132.0708	 10.5279	118.2667	  1.8090
 18.9920	132.3375	 10.5251	117.7708	  1.8087
 19.0074	131.3792	 10.5312	118.2667	  1.8088
 19.0033	131.2667	 10.5265	118.0333	  1.8091
 18.9869	131.3542	 10.5201	118.0458	  1.8091
 19.0063	131.6000	 10.5380	118.1500	  1.8086
 19.0084	131.6000	 10.5219	118.1083	  1.8086
 19.0234	131.4708	 10.5169	117.6917	  1.8083
 19.0091	131.6000	 10.5362	118.1792	  1.8086
 19.0135	131.6542	 10.5388	118.0625	  1.8089
 18.9932	132.1083	 10.5320	117.4833	  1.8086
 18.9987	131.3417	 10.5217	117.8250	  1.8091
 19.0065	131.1458	 10.5275	117.5208	  1.8085
 19.0035	131.3875	 10.5403	117.5625	  1.8093
 19.0060	131.5625	 10.5268	117.7167	  1.8090
 19.0016	131.5458	 10.5120	117.6042	  1.8086
 18.9862	131.8000	 10.5317	117.7667	  1.8084
 19.0255	131.2292	 10.5227	117.8583	  1.8085
 19.0069	131.7833	 10.5407	118.6208	  1.8085
 19.0070	131.6875	 10.5244	118.0667	  1.8091
 18.9914	131.3542	 10.5244	117.8417	  1.8092
 19.0045	130.9000	 10.5257	117.3625	  1.8086
 19.0056	131.2000	 10.5129	117.7542	  1.8089
 18.9812	131.4208	 10.5039	118.2542	  1.8094
 19.0110	131.0708	 10.5318	118.2833	  1.8092
 19.0154	131.8333	 10.5295	117.9875	  1.8093
 19.0031	132.1333	 10.5126	117.6792	  1.8084
 18.9951	131.5042	 10.5214	118.2833	  1.8086
 19.0200	130.8417	 10.5319	117.7500	  1.8087
 19.0215	131.8458	 10.5243	118.6500	  1.8086
 18.9896	131.4417	 10.5411	118.1458	  1.8083
 19.0185	132.0708	 10.5244	118.3500	  1.8084
 19.0061	131.7167	 10.5253	118.0417	  1.8085
 19.0155	131.2542	 10.5317	118.9250	  1.8085
 19.0216	132.0583	 10.5483	118.1167	  1.8082
 19.0185	130.8583	 10.5346	117.7458	  1.8087
 18.9995	131.2500	 10.5285	118.3167	  1.8083
 19.0258	131.4250	 10.5298	118.3083	  1.8079
 19.0052	132.0292	 10.5264	118.0250	  1.8087
 19.0198	131.3333	 10.5380	117.4167	  1.8085
 19.0196	131.5167	 10.5349	118.2583	  1.8083
 18.9930	131.0708	 10.5321	118.1958	  1.8087
 19.0001	131.4083	 10.5347	118.2042	  1.8087
 19.0058	131.6417	 10.5120	117.6375	  1.8092
 19.0077	131.3917	 10.5368	118.1208	  1.8087
 19.0165	132.1333	 10.5085	117.4417	  1.8088
 19.0034	131.2417	 10.5261	117.8167	  1.8088
 19.0099	131.2458	 10.5211	118.0667	  1.8092
 19.0313	131.7292	 10.5235	117.9500	  1.8088
 18.9984	131.5875	 10.5405	118.0542	  1.8082
 18.9913	131.1875	 10.5340	118.3083	  1.8088
 18.9992	131.3208	 10.5290	117.7917	  1.8080
 19.0006	131.4875	 10.5217	118.3083	  1.8085
 19.0176	131.0625	 10.5325	118.5083	  1.8089
 18.9953	131.4917	 10.5372	117.7875	  1.8091
 19.0165	131.5792	 10.5308	118.0875	  1.8086
 19.0202	131.8875	 10.5318	118.1583	  1.8084
 18.9959	131.8542	 10.5286	118.3708	  1.8086
 19.0142	131.0042	 10.5232	118.1458	  1.8082
 19.0200	131.4083	 10.5342	117.9167	  1.8085
 18.9968	131.5167	 10.5160	118.0958	  1.8083
 19.0120	131.6250	 10.5269	118.7833	  1.8087
 19.0118	131.4833	 10.5411	117.8042	  1.8083
 19.0036	131.8417	 10.5283	118.2458	  1.8082
 18.9946	131.0500	 10.5284	118.0000	  1.8085
 18.9663	131.3750	 10.5234	118.3542	  1.8086
 19.0080	131.4292	 10.5223	118.1042	  1.8088
 19.0095	130.9208	 10.5071	117.4917	  1.8083
 18.9948	131.3292	 10.5278	117.7208	  1.8087
 19.0008	131.4583	 10.5131	118.4792	  1.8086
 19.0065	131.7292	 10.5259	117.6208	  1.8087
 19.0161	131.2750	 10.5239	118.2042	  1.8083
 19.0014	131.4458	 10.5356	117.6750	  1.8085
 18.9879	131.2958	 10.5482	117.9292	  1.8087
 19.0162	131.6750	 10.5368	118.3625	  1.8088
 19.0048	131.7417	 10.5213	118.2375	  1.8087
 19.0140	131.6292	 10.5322	118.1542	  1.8087
 18.9751	131.8375	 10.5438	118.2833	  1.8087
 19.0074	130.6208	 10.5231	118.1333	  1.8087
 19.0133	131.0542	 10.5319	117.9208	  1.8089
 19.0136	131.0958	 10.5137	118.2833	  1.8084
 19.0019	131.8125	 10.5208	118.0917	  1.8079
 19.0100	131.4250	 10.5247	118.1833	  1.8084
 19.0137	131.9208	 10.5341	117.5375	  1.8083
 19.0104	130.6208	 10.5148	118.0208	  1.8081
 18.9987	131.5542	 10.5278	118.1542	  1.8087
 19.0062	131.2625	 10.5235	117.9167	  1.8091
 19.0055	131.6833	 10.5253	118.0333	  1.8088
 19.0027	132.3333	 10.5217	118.1625	  1.8082
 18.9953	131.5000	 10.5435	118.0208	  1.8087
 18.9998	131.5458	 10.5200	118.7583	  1.8088
 19.0066	131.4167	 10.5376	117.9792	  1.8081
 19.0173	131.4042	 10.5231	117.8833	  1.8084
 19.0010	131.0250	 10.5262	118.4875	  1.8082
 19.0040	131.2583	 10.5276	118.1625	  1.8083
 18.9939	131.6458	 10.5201	118.0667	  1.8079
 19.0120	132.2250	 10.5296	117.9333	  1.8088
 19.0156	131.1500	 10.5168	118.8708	  1.8086
 18.9970	131.4542	 10.5423	117.6917	  1.8087
 19.0116	131.4917	 10.5235	118.1583	  1.8087
 19.0101	130.8833	 10.5378	117.7958	  1.8085
 19.0116	131.6125	 10.5214	118.1167	  1.8085
 19.0172	130.8125	 10.5392	117.9667	  1.8085
 19.0122	131.7750	 10.5374	118.4667	  1.8082
 19.0033	131.2625	 10.5213	117.9500	  1.8083
 18.9988	131.7667	 10.5266	117.8583	  1.8085
 18.9932	131.0833	 10.5265	118.1458	  1.8080
 18.9973	131.7625	 10.5324	117.8292	  1.8085
 19.0024	131.0917	 10.5374	118.3875	  1.8085
 18.9972	131.7625	 10.5124	118.2042	  1.8086
 18.9929	131.3792	 10.5391	118.6542	  1.8093
 18.9752	131.3292	 10.5187	117.9375	  1.8082
 19.0204	131.4375	 10.5308	118.4583	  1.8086
 19.0108	130.8125	 10.5205	118.3333	  1.8088
 19.0138	131.5583	 10.5150	117.7750	  1.8086
 19.0110	130.7250	 10.5238	118.7458	  1.8085
 19.0027	130.9667	 10.5241	118.2708	  1.8080
 19.0018	131.2042	 10.5163	118.1125	  1.8090
 19.0051	130.8667	 10.5288	117.5958	  1.8091
 19.0118	131.4667	 10.5389	118.6708	  1.8088
 18.9962	130.7208	 10.5415	118.2042	  1.8086
 18.9787	131.7250	 10.5157	117.6458	  1.8085
 18.9908	131.6792	 10.5201	118.2167	  1.8087
 19.0110	131.3375	 10.5179	117.8250	  1.8082
 19.0327	131.7292	 10.5218	117.9583	  1.8082
 19.0137	131.5792	 10.5237	118.2583	  1.8087
 18.9981	131.8583	 10.5165	118.2208	  1.8091
 19.0131	131.2333	 10.5192	117.9667	  1.8087
 18.9985	131.9250	 10.5256	117.7542	  1.8083
 18.9950	131.0792	 10.5316	117.7417	  1.8083
 19.0157	131.1708	 10.5300	117.7583	  1.8087
 19.0135	131.1833	 10.5150	118.0750	  1.8090
 19.0037	131.4333	 10.5272	117.5083	  1.8084
 18.9917	131.6500	 10.5253	118.6292	  1.8087
 19.0110	131.2083	 10.5512	118.1167	  1.8083
 19.0295	131.0750	 10.5406	118.3167	  1.8087
 19.0073	131.9625	 10.5239	118.3875	  1.8080
 18.9860	131.4792	 10.5261	118.2000	  1.8090
 18.9906	131.7333	 10.5261	118.3750	  1.8090
 18.9999	131.4875	 10.5178	117.9542	  1.8085
 18.9858	131.3542	 10.5369	117.0458	  1.8085
 19.0115	131.8208	 10.5406	117.9250	  1.8089
 19.0054	131.4667	 10.5359	118.4417	  1.8093
 19.0115	131.7292	 10.5271	117.9958	  1.8083
 19.0007	131.2958	 10.5288	117.9042	  1.8086
 19.0183	131.8208	 10.5305	118.0875	  1.8087
 19.0089	131.3583	 10.5317	117.9458	  1.8086
 18.9915	131.1875	 10.5255	118.1667	  1.8087
 18.9974	131.2125	 10.5380	117.8125	  1.8088
 19.0071	130.7250	 10.5178	118.8125	  1.8089
 18.9969	131.2458	 10.5393	117.3958	  1.8084
 19.0038	131.7167	 10.5267	118.1167	  1.8086
 19.0068	131.2083	 10.5189	117.7083	  1.8082
 19.0016	131.3917	 10.5164	117.6917	  1.8089
 19.0042	131.6792	 10.5330	118.3375	  1.8087
 19.0111	132.0000	 10.5145	118.0667	  1.8086
 19.0345	131.3250	 10.5283	117.5625	  1.8084
 18.9958	131.7333	 10.5153	117.8375	  1.8083
 18.9992	131.1958	 10.5346	117.7875	  1.8086
 18.9944	131.8792	 10.5291	118.1875	  1.8085
 18.9948	131.0917	 10.5206	118.0292	  1.8085
 19.0061	131.6250	 10.5191	118.3542	  1.8085
 19.0003	131.7625	 10.5322	117.5708	  1.8083
 19.0101	131.2500	 10.5173	118.0125	  1.8087
 19.0141	130.9958	 10.5327	117.4750	  1.8088
 18.9928	131.5750	 10.5296	117.2292	  1.8091
 19.0253	131.7875	 10.5196	118.5417	  1.8086
 19.0094	131.0292	 10.5320	118.0333	  1.8088
 18.9965	131.3083	 10.5264	117.6958	  1.8082
 19.0109	131.4417	 10.5272	118.0333	  1.8083
 19.0069	131.4292	 10.5383	118.5875	  1.8088
 18.9981	131.6417	 10.5350	118.1292	  1.8089
 19.0082	131.2917	 10.5283	117.9917	  1.8083
 19.0147	131.2167	 10.5424	117.9708	  1.8083
 19.0077	131.2375	 10.5221	117.8667	  1.8087
 19.0015	131.2792	 10.5219	117.3708	  1.8084
 19.0066	131.4917	 10.5136	118.3583	  1.8084
 18.9989	132.0458	 10.5258	118.0792	  1.8085
 18.9945	131.2375	 10.5313	118.6500	  1.8086
 19.0054	131.9333	 10.5288	118.1583	  1.8082
 19.0174	131.5583	 10.5250	118.0083	  1.8085
 19.0155	131.2208	 10.5314	117.4250	  1.8085
 19.0084	131.8833	 10.5197	118.4500	  1.8080
 18.9908	131.0833	 10.5253	118.0083	  1.8079
 19.0082	131.6083	 10.5226	117.7125	  1.8079
 19.0108	131.3667	 10.5315	118.0542	  1.8082
 18.9983	131.3583	 10.5383	117.9125	  1.8081
 18.9972	131.3542	 10.5419	118.4417	  1.8081
 19.0052	131.3958	 10.5287	117.7458	  1.8080
 18.9956	131.0417	 10.5176	117.8042	  1.8084
 19.0089	130.6750	 10.5252	118.2042	  1.8082
 18.9964	131.6583	 10.5164	117.9125	  1.8077
 18.9921	131.5792	 10.5195	118.1708	  1.8088
 19.0116	131.3167	 10.5261	118.4750	  1.8092
 19.0145	131.1500	 10.5394	117.7083	  1.8088
 19.0035	131.1042	 10.5255	118.4875	  1.8085
 19.0046	131.2417	 10.5287	118.2208	  1.8080
 18.9918	131.1750	 10.5279	118.3708	  1.8079
 19.0029	131.4208	 10.5341	118.3583	  1.8087
 19.0184	131.8708	 10.5035	118.4750	  1.8087
 19.0081	130.9792	 10.5221	118.1583	  1.8082
 18.9864	132.1625	 10.5260	118.4292	  1.8082
 19.0136	131.5500	 10.5362	118.1042	  1.8087
 19.0151	131.1792	 10.5301	118.2875	  1.8084
 19.0318	131.0250	 10.5285	118.5625	  1.8083
 19.0204	130.9083	 10.5371	118.1292	  1.8084
 19.0168	130.8792	 10.5306	117.8125	  1.8082
 18.9915	131.6000	 10.5327	117.8958	  1.8087
 18.9963	131.5542	 10.5245	118.3750	  1.8080
 18.9890	131.3125	 10.5379	117.8792	  1.8081
 19.0218	131.0917	 10.5318	118.3708	  1.8086
 18.9951	131.3583	 10.5352	117.8917	  1.8089
 19.0061	131.9250	 10.5196	118.0333	  1.8083
 19.0022	132.1208	 10.5202	117.4583	  1.8095
 19.0104	131.6167	 10.5378	117.5708	  1.8087
 18.9960	131.7000	 10.5439	117.4583	  1.8089
 19.0066	131.1958	 10.5251	118.2792	  1.8086
 19.0087	131.0125	 10.5110	118.4750	  1.8087
 19.0036	131.2458	 10.5304	117.9208	  1.8090
 19.0270	131.5292	 10.5318	118.1917	  1.8082
 18.9980	131.5000	 10.5291	118.2583	  1.8087
 19.0122	131.0708	 10.5291	117.6125	  1.8087
 19.0227	131.0375	 10.5206	117.8250	  1.8086
 19.0205	130.9917	 10.5322	118.5125	  1.8083
 19.0036	131.0917	 10.5135	117.8625	  1.8080
 19.0106	131.0833	 10.5280	118.3083	  1.8090
 19.0070	132.0292	 10.5291	117.8792	  1.8086
 18.9909	131.2375	 10.5353	117.7583	  1.8086
 18.9952	131.4417	 10.5292	118.2500	  1.8087
 19.0244	131.3375	 10.5108	118.2833	  1.8088
 19.0089	131.3542	 10.5257	118.2250	  1.8084
 19.0288	131.2875	 10.5310	118.2958	  1.8087
 19.0194	132.2417	 10.5276	118.6375	  1.8086
 19.0022	131.7125	 10.5321	118.5167	  1.8082
 18.9774	131.2667	 10.5405	118.6125	  1.8082
 19.0051	131.3833	 10.5255	118.2667	  1.8086
 18.9911	131.5958	 10.5227	118.0500	  1.8087
 19.0263	131.8000	 10.5213	118.0708	  1.8084
 19.0060	131.7875	 10.5198	118.0667	  1.8086
 19.0156	130.9375	 10.5204	118.3458	  1.8087
 19.0001	131.5667	 10.5383	118.2917	  1.8087
 19.0116	131.3250	 10.5167	118.1750	  1.8085
 19.0054	131.5875	 10.5295	118.3750	  1.8088
 19.0074	131.6292	 10.5370	117.8000	  1.8082
 19.0010	131.3917	 10.5159	118.1208	  1.8084
 19.0002	131.6625	 10.5268	118.1208	  1.8079
 19.0048	131.1708	 10.5306	118.6500	  1.8089
 19.0006	131.4708	 10.5213	118.2792	  1.8089
 19.0060	131.2208	 10.5266	118.0250	  1.8090
 19.0003	131.4750	 10.5367	118.2708	  1.8088
 18.9995	131.3792	 10.5341	118.1542	  1.8085
 18.9965	131.4500	 10.5339	118.0542	  1.8086
 19.0049	130.9583	 10.5330	118.1250	  1.8084
 19.0262	131.3583	 10.5371	117.6292	  1.8088
 19.0153	131.2250	 10.5308	118.0583	  1.8086
 18.9960	131.0417	 10.5283	118.4167	  1.8084
 18.9919	130.9250	 10.5251	118.0708	  1.8088
 19.0229	131.4750	 10.5361	117.5083	  1.8085
 19.0175	131.6625	 10.5227	117.7667	  1.8084
 19.0261	131.5542	 10.5357	118.1125	  1.8087
 19.0075	131.7458	 10.5461	118.1125	  1.8085
 19.0133	131.1875	 10.5295	118.3750	  1.8084
 18.9994	131.0625	 10.5089	118.1167	  1.8084
 18.9960	131.2250	 10.5300	118.2458	  1.8093
 19.0084	131.3208	 10.5181	118.1583	  1.8079
 19.0065	131.5792	 10.5342	118.6625	  1.8082
 19.0209	131.7083	 10.5234	117.7333	  1.8082
 19.0078	131.5792	 10.5221	118.3167	  1.8084
 19.0025	131.5833	 10.5253	118.1625	  1.8085
 18.9945	131.0542	 10.5195	117.6750	  1.8087
 18.9960	131.7458	 10.5151	117.9792	  1.8088
 18.9944	131.4250	 10.5217	117.9583	  1.8083
 18.9960	130.9417	 10.5294	117.8500	  1.8082
 19.0122	131.7083	 10.5123	118.8167	  1.8088
 19.0055	131.4125	 10.5202	117.7167	  1.8078
 19.0117	131.7542	 10.5490	118.0167	  1.8086
 19.0107	131.2750	 10.5262	118.3458	  1.8087
 18.9948	131.4500	 10.5351	118.2208	  1.8087
 19.0052	131.2917	 10.5250	118.4125	  1.8077
 19.0077	131.8375	 10.5034	117.8125	  1.8089
 19.0022	131.2167	 10.5275	118.5708	  1.8087
 18.9962	131.0167	 10.5159	118.5083	  1.8085
 19.0069	132.2208	 10.5238	118.4083	  1.8085
 18.9907	131.6458	 10.5169	118.3833	  1.8088
 19.0067	130.7500	 10.5305	117.8417	  1.8088
 19.0129	131.4667	 10.5121	118.4250	  1.8084
 19.0046	131.2250	 10.5277	117.5250	  1.8080
 19.0009	131.2625	 10.5335	117.9833	  1.8085
 19.0029	131.5125	 10.5337	118.2083	  1.8080
 19.0039	131.2875	 10.5285	118.3250	  1.8081
 18.9933	131.4833	 10.5333	117.9167	  1.8084
 19.0072	131.7167	 10.5216	117.8333	  1.8083
 19.0029	131.5042	 10.5363	118.2500	  1.8084
 19.0263	131.3792	 10.5268	118.2375	  1.8086
 18.9998	131.3042	 10.5225	117.9583	  1.8084
 19.0233	131.4792	 10.5335	118.2708	  1.8085
 18.9979	131.0250	 10.5273	118.0625	  1.8085
 19.0115	131.1792	 10.5198	118.3375	  1.8085
 18.9943	131.3042	 10.5334	117.7875	  1.8084
 19.0048	131.2292	 10.5367	118.1583	  1.8084
 18.9967	131.6958	 10.5332	118.1250	  1.8088
 19.0044	131.1833	 10.5409	118.4792	  1.8078
 18.9842	131.3750	 10.5198	118.0917	  1.8084
 19.0011	131.3000	 10.5246	117.9583	  1.8082
 18.9959	131.0792	 10.5328	117.8250	  1.8086
 19.0131	130.8583	 10.5280	118.2167	  1.8084
 18.9869	131.3875	 10.5125	118.3417	  1.8080
 19.0093	131.9000	 10.5211	117.5042	  1.8084
 19.0109	130.9417	 10.5236	117.8000	  1.8084
 19.0022	132.1250	 10.5174	118.3750	  1.8083
 19.0088	131.5000	 10.5143	117.6917	  1.8087
 19.0084	131.3375	 10.5355	118.4375	  1.8078
 19.0113	131.0958	 10.5329	117.7875	  1.8088
 18.9793	131.5750	 10.5214	117.8875	  1.8082
 19.0049	132.0667	 10.5275	117.7083	  1.8084
 19.0089	131.8042	 10.5163	117.9375	  1.8083
 19.0117	131.9375	 10.5252	118.5458	  1.8079
 19.0066	131.0167	 10.5247	117.9000	  1.8088
 18.9975	131.3083	 10.5266	117.8417	  1.8090
 18.9991	131.6333	 10.5202	118.4333	  1.8082
 19.0082	131.0750	 10.5290	117.2417	  1.8080
 19.0174	131.2750	 10.5154	117.9875	  1.8082
 18.9903	131.2167	 10.5231	118.1250	  1.8086
 19.0128	131.4875	 10.5265	118.7125	  1.8090
 19.0064	131.2375	 10.5241	118.2833	  1.8086
 19.0103	131.1667	 10.5253	118.2167	  1.8084
 19.0165	131.1625	 10.5173	118.1792	  1.8089
 19.0126	131.7208	 10.5316	117.8542	  1.8083
 19.0078	131.8500	 10.5403	117.8333	  1.8089
 18.9929	131.4042	 10.5355	118.7833	  1.8084
 19.0178	131.7583	 10.5266	117.6667	  1.8090
 18.9963	131.9417	 10.5255	118.5167	  1.8078
 19.0101	131.3875	 10.5399	118.0708	  1.8086
 18.9987	131.6375	 10.5235	118.1833	  1.8080
 19.0050	131.4417	 10.5227	118.2750	  1.8079
 19.0136	131.8125	 10.5188	118.1375	  1.8082
 19.0081	131.3167	 10.5311	117.9000	  1.8090
 19.0228	131.7083	 10.5364	118.2250	  1.8091
 19.0067	131.5875	 10.5333	117.8917	  1.8085
 19.0010	131.4667	 10.5233	118.1625	  1.8088
 19.0167	131.1833	 10.5271	117.7292	  1.8084
 19.0073	130.8083	 10.5397	117.8667	  1.8082
 19.0137	131.4167	 10.5412	118.1458	  1.8081
 19.0088	131.8958	 10.5276	118.4083	  1.8084
 19.0012	131.3292	 10.5321	118.4542	  1.8086
 19.0071	131.1375	 10.5198	117.9250	  1.8080
 19.0097	131.3250	 10.5155	118.3250	  1.8081
 19.0242	131.2583	 10.5333	117.7667	  1.8083
 19.0010	131.2167	 10.5275	117.9792	  1.8081
 19.0041	131.5750	 10.5213	118.1208	  1.8081
 19.0019	131.5083	 10.5363	117.7958	  1.8088
 19.0044	131.6625	 10.5232	118.2417	  1.8086
 19.0211	130.7333	 10.5178	118.4958	  1.8083
 19.0083	131.6792	 10.5335	118.1125	  1.8082
 18.9897	131.5000	 10.5219	117.9250	  1.8084
 18.9962	130.9375	 10.5164	118.7375	  1.8084
 19.0028	131.4208	 10.5224	117.8417	  1.8085
 19.0052	131.8458	 10.5334	118.2708	  1.8093
 19.0013	131.4333	 10.5289	118.1417	  1.8083
 19.0025	131.0833	 10.5421	118.7583	  1.8086
 19.0251	131.3000	 10.5241	117.8333	  1.8080
 18.9987	131.4917	 10.5326	118.6667	  1.8082
 19.0048	131.5083	 10.5279	117.8042	  1.8078
 19.0143	130.7500	 10.5087	117.2875	  1.8082
 19.0048	131.5542	 10.5385	118.5083	  1.8079
 19.0147	131.1542	 10.5132	117.6500	  1.8082
 19.0113	131.8000	 10.5359	118.0583	  1.8086
 18.9999	130.8875	 10.5310	117.9458	  1.8084
 19.0286	131.6042	 10.5289	118.5375	  1.8083
 19.0151	131.5667	 10.5179	118.5417	  1.8084
 19.0146	131.5375	 10.5293	118.2458	  1.8083
 19.0023	131.6167	 10.5141	117.7917	  1.8080
 19.0077	131.3333	 10.5282	117.6333	  1.8087
 19.0041	130.9917	 10.5154	118.3292	  1.8083
 19.0122	131.4000	 10.5279	118.2583	  1.8083
 19.0146	131.4250	 10.5292	118.6167	  1.8087
 18.9951	131.5333	 10.5344	117.7375	  1.8080
 19.0146	131.6542	 10.5257	117.6708	  1.8090
 19.0049	131.0708	 10.5278	117.9667	  1.8081
 19.0250	130.7417	 10.5394	117.9458	  1.8079
 19.0094	131.6875	 10.5228	118.2750	  1.8088
 19.0220	131.4167	 10.5235	117.9000	  1.8087
 18.9957	131.3125	 10.5166	117.8208	  1.8087
 19.0141	131.7042	 10.5311	118.1083	  1.8085
 19.0015	131.2875	 10.5396	118.3292	  1.8088
 19.0039	131.2917	 10.5253	117.9125	  1.8083
 19.0041	131.3208	 10.5323	118.2042	  1.8084
 19.0211	131.4042	 10.5256	118.0083	  1.8088
 19.0108	131.3625	 10.5327	118.1667	  1.8082
 18.9800	131.4083	 10.5220	118.5625	  1.8083
 19.0154	131.1042	 10.5206	118.2208	  1.8087
 19.0080	132.2000	 10.5098	117.5125	  1.8092
 19.0148	131.4500	 10.5190	117.9167	  1.8088
 18.9955	131.4458	 10.5346	118.0042	  1.8082
 19.0107	131.3000	 10.5305	118.0958	  1.8086
 18.9998	131.2292	 10.5181	117.8250	  1.8082
 18.9861	131.6500	 10.5212	118.0250	  1.8085
 19.0021	131.5500	 10.5473	118.2042	  1.8085
 18.9959	131.2500	 10.5246	117.6750	  1.8086
 19.0010	131.7042	 10.5423	117.5958	  1.8084
 18.9970	130.9292	 10.5387	118.6625	  1.8076
 19.0198	130.5375	 10.5227	118.6958	  1.8083
 19.0039	131.6208	 10.5305	118.3958	  1.8086
 18.9962	131.8875	 10.5290	117.8500	  1.8086
 18.9818	131.5792	 10.5201	117.8375	  1.8088
 19.0147	131.7083	 10.5223	117.9750	  1.8088
 19.0025	131.4792	 10.5285	118.1625	  1.8082
 19.0135	131.8375	 10.5284	118.1417	  1.8086
 19.0182	131.2625	 10.5192	118.5333	  1.8093
 18.9898	131.6208	 10.5156	118.4625	  1.8088
 18.9938	131.4208	 10.5236	118.2542	  1.8085
 19.0174	131.0833	 10.5269	118.2708	  1.8080
 19.0236	130.9833	 10.5417	118.1000	  1.8082
 18.9932	130.7708	 10.5162	117.7917	  1.8084
 19.0091	131.0667	 10.5361	118.6042	  1.8081
 19.0030	131.0708	 10.5221	117.6250	  1.8084
 19.0049	131.0542	 10.5185	117.8500	  1.8082
 18.9943	131.3208	 10.5246	117.7208	  1.8080
 19.0075	131.4583	 10.5353	117.8875	  1.8088
 19.0104	130.8542	 10.5318	118.4125	  1.8091
 19.0140	131.3375	 10.5149	117.5750	  1.8082
 18.9858	130.9708	 10.5370	118.3125	  1.8081
 19.0032	131.9458	 10.5289	117.7042	  1.8090
 19.0102	131.6000	 10.5214	117.7875	  1.8087
 18.9899	131.2167	 10.5200	117.8417	  1.8084
 19.0095	132.1083	 10.5121	118.3833	  1.8081
 19.0200	131.4875	 10.5289	118.8125	  1.8082
 18.9987	130.9958	 10.5320	118.0542	  1.8080
 19.0083	131.7292	 10.5389	118.2750	  1.8078
 19.0104	131.2333	 10.5201	117.9583	  1.8079
 19.0158	132.0500	 10.5194	117.9542	  1.8078
 19.0175	131.2667	 10.5182	118.0125	  1.8087
 19.0108	130.9792	 10.5147	117.9875	  1.8087
 18.9998	131.4083	 10.5329	118.3208	  1.8086
 19.0187	130.8792	 10.5178	118.2042	  1.8084
 18.9956	131.3333	 10.5256	117.7000	  1.8080
 19.0039	131.4417	 10.5353	118.4125	  1.8083
 19.0186	131.3000	 10.5204	117.8375	  1.8089
 19.0097	131.5292	 10.5257	117.9583	  1.8085
 19.0198	131.6417	 10.5297	118.0958	  1.8081
 19.0112	131.5250	 10.5317	118.2958	  1.8082
 18.9894	131.6750	 10.5144	118.2083	  1.8091
 19.0002	132.0167	 10.5373	117.5083	  1.8082
 18.9892	131.5000	 10.5106	118.3958	  1.8089
 19.0060	131.7125	 10.5264	117.7833	  1.8079
 19.0053	131.8458	 10.5284	118.1417	  1.8087
 19.0012	132.0875	 10.5297	117.1417	  1.8083
 19.0111	131.2958	 10.5314	118.2250	  1.8082
 18.9936	131.8042	 10.5184	118.1250	  1.8086
 19.0060	131.4833	 10.5289	117.5750	  1.8084
 19.0132	131.1375	 10.5363	118.0208	  1.8087
 18.9996	131.7292	 10.5357	118.6125	  1.8085
 19.0028	131.3375	 10.5345	118.7833	  1.8086
 18.9805	131.3542	 10.5167	117.0500	  1.8084
 19.0049	131.7208	 10.5297	118.4292	  1.8087
 18.9896	131.2125	 10.5231	117.8542	  1.8089
 18.9977	131.1792	 10.5242	118.2333	  1.8081
 19.0135	131.6750	 10.5358	117.6625	  1.8085
 19.0100	131.2250	 10.5276	118.4292	  1.8084
 19.0002	131.2583	 10.5175	118.6000	  1.8081
 19.0147	131.7667	 10.5181	118.1833	  1.8081
 19.0133	131.6250	 10.5299	117.9500	  1.8079
 18.9945	131.3417	 10.5400	118.2333	  1.8082
 18.9895	131.3917	 10.5361	118.2917	  1.8085
 19.0042	131.8333	 10.5121	117.8667	  1.8083
 19.0017	131.4833	 10.5208	117.2208	  1.8086
 19.0062	131.8750	 10.5299	117.8125	  1.8086
 19.0106	131.5458	 10.5189	117.3417	  1.8082
 19.0192	131.7167	 10.5297	118.0208	  1.8085
 19.0078	131.3042	 10.5193	118.3458	  1.8083
 19.0167	131.4958	 10.5397	118.7292	  1.8083
 19.0245	131.3375	 10.5267	117.5833	  1.8086
 19.0134	131.2750	 10.5508	118.1167	  1.8089
 18.9909	131.5208	 10.5310	118.9333	  1.8082
 18.9957	131.3875	 10.5356	118.8042	  1.8079
 19.0052	131.8458	 10.5249	118.0125	  1.8080
 19.0293	131.3625	 10.5270	118.4708	  1.8087
 19.0007	131.1917	 10.5103	117.4125	  1.8086
 19.0302	131.8333	 10.5294	118.3000	  1.8085
 18.9884	131.3333	 10.5150	118.1917	  1.8083
 19.0024	131.6583	 10.5152	117.9708	  1.8077
 18.9967	131.3167	 10.5285	118.3417	  1.8084
 19.0114	131.6375	 10.5224	117.7167	  1.8086
 19.0098	131.8583	 10.5285	117.9167	  1.8081
 19.0191	131.1375	 10.5255	117.7333	  1.8086
 19.0124	131.1958	 10.5374	117.4750	  1.8085
 18.9979	131.0333	 10.5207	117.9875	  1.8086
 19.0134	131.4917	 10.5240	117.5917	  1.8085
 19.0131	131.4500	 10.5206	117.7083	  1.8087
 19.0137	131.4542	 10.5340	117.8167	  1.8085
 19.0005	130.7125	 10.5333	118.1000	  1.8084
 19.0054	131.1458	 10.5330	117.4167	  1.8083
 18.9999	131.8333	 10.5091	118.6458	  1.8085
 19.0062	131.4750	 10.5270	118.6542	  1.8080
 18.9939	131.3667	 10.5225	118.1583	  1.8088
 19.0350	131.5167	 10.5450	118.0417	  1.8087
 19.0150	131.6792	 10.5167	118.1375	  1.8086
 19.0000	131.1167	 10.5159	118.6625	  1.8083
 19.0180	131.6875	 10.5158	118.1375	  1.8088
 18.9924	131.1292	 10.5234	118.0875	  1.8081
 19.0057	131.4125	 10.5215	118.6792	  1.8082
 19.0170	131.2583	 10.5065	118.2333	  1.8086
 19.0127	131.3292	 10.5219	117.7417	  1.8087
 18.9998	132.0083	 10.5207	118.4833	  1.8082
 19.0113	131.1083	 10.5287	118.2042	  1.8089
 19.0013	131.7000	 10.5438	118.2625	  1.8081
 19.0085	130.6292	 10.5206	118.0458	  1.8077
 19.0114	131.4833	 10.5242	118.0333	  1.8082
 19.0170	131.2667	 10.5416	118.2208	  1.8085
 18.9904	131.9083	 10.5310	118.1833	  1.8084
 19.0044	131.7333	 10.5092	117.2958	  1.8081
 19.0151	131.4333	 10.5293	117.9625	  1.8088
 19.0275	130.9750	 10.5223	117.8417	  1.8085
 19.0074	131.5917	 10.5260	117.7167	  1.8089
 19.0003	132.1000	 10.5105	118.6833	  1.8083
 18.9893	130.8917	 10.5268	118.2458	  1.8084
 19.0191	131.6083	 10.5419	118.9375	  1.8081
 19.0061	131.4000	 10.5242	118.5583	  1.8080
 19.0042	131.8708	 10.5115	118.1625	  1.8088
 18.9939	131.1208	 10.5170	118.4333	  1.8083
 19.0356	131.8667	 10.5240	117.9208	  1.8083
 19.0032	132.1333	 10.5371	117.8000	  1.8085
 19.0013	131.6917	 10.5339	117.4667	  1.8080
 19.0114	131.1083	 10.5377	118.3958	  1.8080
 19.0056	131.1500	 10.5269	118.6375	  1.8080
 19.0402	131.8583	 10.5102	118.4167	  1.8084
 19.0071	131.3708	 10.5206	117.0958	  1.8084
 19.0198	131.4833	 10.5299	117.7208	  1.8083
 19.0054	131.5708	 10.5005	117.9458	  1.8083
 19.0042	132.1333	 10.5160	118.1750	  1.8086
 18.9842	131.5458	 10.5173	118.2917	  1.8082
 19.0139	131.8167	 10.5279	117.6125	  1.8090
 19.0009	131.5542	 10.5329	118.4417	  1.8085
 19.0123	131.6292	 10.5391	118.2708	  1.8086
 19.0014	131.1125	 10.5222	117.6458	  1.8085
 19.0046	131.3208	 10.5343	118.1000	  1.8082
 19.0062	131.9417	 10.5395	118.1083	  1.8081
 19.0210	131.0625	 10.5299	118.9583	  1.8082
 19.0094	131.4417	 10.5353	117.5917	  1.8092
 19.0016	131.4333	 10.5263	118.3167	  1.8083
 18.9784	131.5375	 10.5355	117.5208	  1.8086
 19.0089	131.4458	 10.5169	118.2083	  1.8077
 19.0164	130.9833	 10.5289	117.7083	  1.8081
 19.0089	131.1625	 10.5249	118.1958	  1.8083
 19.0149	131.1792	 10.5262	118.0625	  1.8086
 19.0030	131.4250	 10.5184	117.6958	  1.8081
 18.9966	130.6000	 10.5195	117.9917	  1.8081
 18.9900	130.8667	 10.5092	117.8500	  1.8086
 18.9932	131.5292	 10.5359	117.5875	  1.8084
 19.0000	131.3250	 10.5201	118.4708	  1.8083
 19.0165	131.2292	 10.5114	117.8667	  1.8083
 18.9902	131.5542	 10.5280	117.7375	  1.8083
 19.0167	131.3583	 10.5173	117.8333	  1.8084
 19.0105	131.8417	 10.5257	118.0042	  1.8085
 19.0150	131.5208	 10.5351	117.9750	  1.8088
 19.0262	131.6167	 10.5264	118.3917	  1.8085
 18.9847	130.6917	 10.5354	118.1250	  1.8081
 18.9943	131.8917	 10.5312	118.1208	  1.8085
 19.0039	131.3542	 10.5301	118.1000	  1.8082
 18.9989	131.1917	 10.5470	117.9750	  1.8084
 19.0096	131.0583	 10.5258	118.2417	  1.8083
 18.9900	131.2208	 10.5231	118.2292	  1.8085
 18.9946	131.2125	 10.5106	117.5458	  1.8082
 19.0192	131.9292	 10.5334	118.4667	  1.8093
 19.0020	131.7333	 10.5333	117.6750	  1.8087
 18.9975	131.4208	 10.5481	117.7125	  1.8085
 19.0060	131.1792	 10.5250	118.1542	  1.8083
 18.9974	131.2042	 10.5201	118.5750	  1.8084
 18.9836	131.5500	 10.5275	117.6667	  1.8084
 18.9995	131.7458	 10.5376	117.8417	  1.8077
 19.0031	131.0417	 10.5267	118.0083	  1.8082
 18.9861	131.5458	 10.5340	117.7667	  1.8091
 19.0139	131.0458	 10.5301	118.3792	  1.8087
 19.0075	131.1417	 10.5241	117.6917	  1.8080
 19.0041	131.6500	 10.5173	117.5292	  1.8084
 19.0071	131.8333	 10.5339	118.1792	  1.8082
 19.0031	131.0125	 10.5370	117.3875	  1.8085
 19.0060	131.7167	 10.5338	117.6042	  1.8084
 19.0041	131.4125	 10.5154	118.4958	  1.8084
 18.9977	130.9583	 10.5270	118.0750	  1.8077
 19.0023	131.9542	 10.5267	118.0792	  1.8084
 19.0022	131.1875	 10.5289	118.3708	  1.8082
 19.0010	131.2292	 10.5222	118.0000	  1.8076
 19.0017	131.1958	 10.5225	117.5958	  1.8083
 19.0011	131.5792	 10.5260	118.1542	  1.8083
 18.9934	131.4125	 10.5247	117.9750	  1.8082
 19.0031	131.8208	 10.5374	117.5125	  1.8081
 19.0066	131.4917	 10.5288	118.1417	  1.8089
 18.9990	131.6000	 10.5131	118.3042	  1.8083
 19.0034	131.4042	 10.5237	117.7625	  1.8091
 19.0111	130.9458	 10.5239	118.4625	  1.8089
 19.0070	132.0833	 10.5170	118.8750	  1.8083
 19.0012	131.4958	 10.5216	117.2042	  1.8083
 19.0119	131.5292	 10.5335	117.9875	  1.8082
 19.0235	131.0542	 10.5235	118.2042	  1.8086
 18.9979	131.3208	 10.5318	118.1667	  1.8079
 18.9938	131.0958	 10.5302	117.8667	  1.8081
 19.0063	131.3625	 10.5269	118.1500	  1.8081
 19.0268	131.6000	 10.5062	118.0083	  1.8079
 19.0179	131.2542	 10.5255	117.9542	  1.8082
 19.0150	131.6250	 10.5207	118.0583	  1.8087
 19.0114	131.4125	 10.5223	118.3667	  1.8080
 19.0053	131.8792	 10.5132	118.3750	  1.8078
 19.0085	131.5750	 10.5301	117.9958	  1.8080
 19.0034	130.9292	 10.5349	117.7792	  1.8083
 19.0129	132.0958	 10.5240	118.2625	  1.8082
 18.9903	131.2375	 10.5329	118.2292	  1.8086
 18.9992	131.2708	 10.5298	117.8125	  1.8086
 18.9853	131.0458	 10.5292	118.2167	  1.8086
 19.0024	131.3625	 10.5227	117.6167	  1.8084
 19.0173	131.5667	 10.5277	117.9250	  1.8088
 19.0062	131.8458	 10.5361	118.2750	  1.8081
 19.0265	131.3250	 10.5303	118.2167	  1.8083
 19.0078	131.2792	 10.5207	117.8125	  1.8082
 19.0193	131.3333	 10.5170	117.9792	  1.8079
 19.0050	131.4083	 10.5201	117.9625	  1.8079
 19.0161	131.6500	 10.5204	117.8542	  1.8080
 19.0074	131.5208	 10.5192	118.0833	  1.8084
 19.0093	131.2708	 10.5369	117.8667	  1.8082
 19.0044	131.3042	 10.5155	118.0958	  1.8081
 19.0132	130.7375	 10.5324	118.3333	  1.8081
 18.9972	131.5875	 10.5307	117.8458	  1.8079
 19.0057	131.2458	 10.5407	118.2583	  1.8080
 19.0041	131.5542	 10.5119	118.2792	  1.8084
 19.0127	131.1958	 10.5253	117.8375	  1.8080
 19.0025	130.9792	 10.5218	118.5542	  1.8085
 19.0232	131.9417	 10.5191	118.3750	  1.8090
 18.9890	131.6583	 10.5370	118.1542	  1.8082
 19.0045	131.1417	 10.5270	118.2875	  1.8079
 19.0062	131.6000	 10.5259	118.4542	  1.8076
 19.0215	131.3708	 10.5355	117.8292	  1.8085
 19.0298	131.2042	 10.5336	117.7750	  1.8085
 19.0142	131.8375	 10.5451	117.7500	  1.8086
 19.0125	131.7917	 10.5230	118.0125	  1.8087
 19.0221	131.6042	 10.5324	118.4542	  1.8085
 19.0155	131.7042	 10.5353	118.5167	  1.8084
 19.0009	131.8625	 10.5302	118.7583	  1.8085
 18.9970	130.5458	 10.5255	117.9458	  1.8082
 18.9970	131.2625	 10.5381	118.2208	  1.8085
 19.0323	131.2500	 10.5325	118.6375	  1.8080
 18.9914	131.1125	 10.5302	117.8833	  1.8082
 19.0048	131.0542	 10.5223	118.0625	  1.8080
 18.9974	131.3708	 10.5250	118.6500	  1.8080
 19.0131	131.1292	 10.5481	118.3958	  1.8078
 19.0154	130.7875	 10.5306	118.1667	  1.8086
 18.9935	131.6250	 10.5302	117.7333	  1.8090
 19.0006	131.2792	 10.5333	117.8000	  1.8086
 18.9955	130.6917	 10.5492	117.5542	  1.8079
 18.9928	131.6042	 10.5284	118.3125	  1.8085
 19.0166	131.8792	 10.5287	118.1625	  1.8087
 18.9857	130.9667	 10.5179	118.3042	  1.8080
 19.0158	131.3375	 10.5159	117.4792	  1.8087
 19.0006	130.9500	 10.5201	117.9750	  1.8081
 19.0208	131.3292	 10.5193	117.9292	  1.8082
 19.0063	132.0000	 10.5433	118.4958	  1.8084
 19.0082	131.2583	 10.5213	118.2250	  1.8086
 18.9983	131.3250	 10.5273	118.5917	  1.8083
 19.0049	131.9875	 10.5277	118.4333	  1.8084
 18.9865	131.9208	 10.5273	118.4500	  1.8079
 18.9963	131.3583	 10.5272	117.9458	  1.8082
 19.0111	131.1625	 10.5404	118.3750	  1.8079
 19.0121	131.5167	 10.5281	118.8125	  1.8085
 18.9939	131.6542	 10.5258	118.1208	  1.8088
 19.0085	131.3250	 10.5218	118.4000	  1.8084
 19.0123	131.5333	 10.5318	117.6792	  1.8084
 19.0017	131.2167	 10.5336	118.2208	  1.8084
 19.0191	131.3917	 10.5328	118.5542	  1.8083
 19.0366	131.4625	 10.5277	118.3917	  1.8087
 19.0134	131.6708	 10.5450	117.7667	  1.8082
 19.0028	131.0417	 10.5180	118.2458	  1.8080
 19.0109	131.6208	 10.5504	117.7708	  1.8076
 19.0122	130.9333	 10.5184	117.9000	  1.8083
 19.0023	131.5792	 10.5149	118.4917	  1.8087
 19.0190	131.5458	 10.5384	117.6958	  1.8079
 18.9990	131.3625	 10.5169	117.9083	  1.8082
 19.0034	131.6875	 10.5222	118.5083	  1.8083
 18.9947	131.3042	 10.5461	118.0875	  1.8086
 19.0002	131.6542	 10.5478	117.6958	  1.8085
 19.0079	131.7375	 10.5162	117.9250	  1.8082
 19.0066	131.9125	 10.5339	117.6958	  1.8083
 19.0118	131.9250	 10.5283	117.6792	  1.8083
 19.0005	131.3375	 10.5223	117.9375	  1.8086
 18.9948	131.7125	 10.5225	118.0458	  1.8076
 19.0141	131.5667	 10.5352	118.0083	  1.8086
 19.0050	131.3250	 10.5360	117.8417	  1.8077
 19.0072	131.0958	 10.5203	117.4083	  1.8085
 18.9886	131.4542	 10.5270	118.1875	  1.8083
 19.0084	130.6667	 10.5136	117.9667	  1.8082
 18.9901	131.4958	 10.5332	118.7000	  1.8082
 19.0127	131.7167	 10.5321	117.8750	  1.8081
 18.9999	131.1958	 10.5336	118.1000	  1.8085
 18.9916	132.2375	 10.5254	118.4500	  1.8075
 19.0005	130.9083	 10.5071	118.0583	  1.8086
 19.0262	131.0917	 10.5250	117.9292	  1.8088
 19.0029	132.2458	 10.5255	118.2292	  1.8085
 19.0007	130.6042	 10.5241	118.0667	  1.8087
 19.0227	131.1417	 10.5335	117.7250	  1.8087
 19.0090	130.9667	 10.5250	118.6292	  1.8082
 18.9929	131.4875	 10.5272	118.5583	  1.8084
 18.9969	131.3583	 10.5350	118.0000	  1.8081
 19.0105	131.6125	 10.5325	118.4333	  1.8082
 18.9917	130.7125	 10.5348	117.6667	  1.8083
 19.0069	131.3542	 10.5229	118.2458	  1.8076
 19.0017	131.6125	 10.5224	118.5958	  1.8085
 18.9992	131.4083	 10.5162	118.5667	  1.8083
 19.0045	131.4000	 10.5190	117.5417	  1.8084
 19.0234	131.6000	 10.5336	118.2667	  1.8083
 19.0124	130.6375	 10.5302	118.4667	  1.8086
 19.0000	131.8708	 10.5165	117.3292	  1.8083
 18.9974	131.4833	 10.5309	118.0250	  1.8077
 18.9990	131.5000	 10.5317	117.9792	  1.8078
 19.0056	132.0667	 10.5330	118.2583	  1.8084
 18.9763	131.4208	 10.5244	118.5667	  1.8083
 18.9915	131.8750	 10.5444	117.9958	  1.8078
 19.0185	131.3875	 10.5250	117.9500	  1.8083
 19.0033	131.4458	 10.5142	118.0875	  1.8087
 19.0040	131.4792	 10.5209	117.8000	  1.8080
 19.0101	131.4042	 10.5159	118.0083	  1.8077
 18.9898	131.1958	 10.5272	117.5458	  1.8083
 18.9959	131.4833	 10.5179	118.0417	  1.8082
 19.0037	131.9500	 10.5137	118.2792	  1.8082
 18.9962	131.1458	 10.5317	117.9458	  1.8080
 19.0038	131.4083	 10.5149	117.8167	  1.8081
 19.0206	131.3792	 10.5315	118.6458	  1.8082
 19.0092	131.1875	 10.5214	118.2542	  1.8078
 19.0032	131.6042	 10.5232	118.3417	  1.8082
 18.9935	131.4792	 10.5336	117.4542	  1.8085
 19.0122	131.2667	 10.5265	118.3917	  1.8087
 19.0069	131.1125	 10.5186	118.5125	  1.8075
 19.0083	131.8042	 10.5282	118.0167	  1.8075
 19.0164	131.2625	 10.5158	117.8833	  1.8084
 19.0222	131.1667	 10.5252	118.3708	  1.8077
 19.0170	131.8750	 10.5413	118.1500	  1.8081
 18.9983	131.1875	 10.5173	118.0958	  1.8086
 18.9998	131.4375	 10.5233	117.8833	  1.8083
 19.0034	131.4042	 10.5271	118.4542	  1.8083
 19.0153	131.2625	 10.5354	117.8375	  1.8082
 18.9953	131.2625	 10.5306	118.1708	  1.8084
 19.0122	131.0500	 10.5285	118.2583	  1.8084
 19.0118	131.2875	 10.5197	117.8208	  1.8082
 19.0063	131.1333	 10.5414	118.1542	  1.8079
 18.9990	131.1833	 10.5186	117.9667	  1.8077
 18.9955	130.6542	 10.5140	118.0167	  1.8079
 19.0016	131.6500	 10.5307	118.0542	  1.8082
 18.9891	131.9208	 10.5242	118.3292	  1.8078
 19.0081	131.5042	 10.5302	118.1083	  1.8079
 18.9959	131.7500	 10.5336	117.9500	  1.8077
 18.9993	131.7375	 10.5278	117.6250	  1.8082
 19.0075	131.3083	 10.5421	117.5125	  1.8082
 19.0066	131.2542	 10.5257	118.4625	  1.8081
 18.9859	130.8417	 10.5324	118.0042	  1.8083
 19.0222	131.2833	 10.5157	118.2917	  1.8084
 19.0074	131.0792	 10.5122	117.9792	  1.8087
 19.0000	131.2167	 10.5296	118.3625	  1.8082
 18.9981	130.8750	 10.5263	117.7958	  1.8085
 19.0053	131.6208	 10.5078	118.4167	  1.8083
 19.0015	131.8333	 10.5189	117.9000	  1.8082
 19.0192	131.6292	 10.5278	118.3167	  1.8084
 19.0083	131.1167	 10.5322	117.6208	  1.8085
 18.9999	131.1708	 10.5150	117.6833	  1.8081
 19.0153	131.7208	 10.5103	118.3000	  1.8081
 18.9959	131.6708	 10.5200	117.9625	  1.8086
 19.0197	131.1167	 10.5131	118.3667	  1.8082
 18.9953	131.8000	 10.5213	118.2792	  1.8084
 19.0021	131.5458	 10.5375	117.9875	  1.8081
 19.0181	131.2958	 10.5333	117.7875	  1.8080
 19.0117	130.8833	 10.5230	118.5708	  1.8080
 19.0135	131.2667	 10.5351	117.8708	  1.8077
 19.0173	131.9500	 10.5239	118.6333	  1.8080
 19.0060	130.7083	 10.5179	117.1375	  1.8079
 19.0028	131.6000	 10.5208	117.9583	  1.8083
 19.0200	131.9125	 10.5237	118.1958	  1.8079
 19.0096	131.2500	 10.5199	118.4125	  1.8088
 19.0007	130.7542	 10.5279	118.0125	  1.8083
 19.0071	131.3167	 10.5346	118.1417	  1.8084
 19.0090	131.3542	 10.5252	118.4083	  1.8084
 19.0182	131.3792	 10.5136	117.8917	  1.8082
 19.0085	131.2792	 10.5181	117.5167	  1.8077
 18.9941	130.8333	 10.5224	117.7958	  1.8084
 19.0034	131.4375	 10.5294	117.3875	  1.8077
 19.0160	131.6833	 10.5388	118.0708	  1.8079
 19.0164	131.6917	 10.5274	118.1708	  1.8080
 18.9932	131.2542	 10.5311	118.1833	  1.8080
 19.0030	131.6042	 10.5193	118.0167	  1.8082
 19.0130	131.5833	 10.5071	118.2000	  1.8086
 19.0207	130.9083	 10.5116	118.3083	  1.8085
 19.0189	131.0917	 10.5263	118.3583	  1.8087
 19.0004	131.0958	 10.5253	118.1583	  1.8082
 19.0052	131.5000	 10.5186	117.8958	  1.8081
 19.0179	131.1958	 10.5253	118.0125	  1.8086
 19.0110	131.0833	 10.5246	117.8625	  1.8081
 19.0003	131.2542	 10.5194	118.2958	  1.8081
 19.0097	131.4667	 10.5144	117.9333	  1.8083
 19.0189	131.8917	 10.5432	119.1875	  1.8083
 18.9993	131.5458	 10.5160	117.8208	  1.8080
 18.9885	131.2708	 10.5219	118.0625	  1.8084
 19.0212	130.9792	 10.5327	118.0000	  1.8078
 19.0067	131.6375	 10.5190	118.0292	  1.8079
 19.0063	131.1500	 10.5208	118.4542	  1.8086
 18.9931	131.6458	 10.5201	118.1875	  1.8084
 19.0059	131.2292	 10.5136	118.4917	  1.8077
 19.0146	131.0542	 10.5140	117.7917	  1.8078
 19.0177	132.3000	 10.5230	117.7458	  1.8082
 19.0217	131.3667	 10.5346	118.3292	  1.8081
 19.0017	131.1792	 10.5208	117.7750	  1.8084
 19.0011	131.3208	 10.5367	117.8583	  1.8083
 19.0041	131.3042	 10.5210	117.5125	  1.8076
 19.0165	131.1750	 10.5227	118.2792	  1.8082
 19.0094	131.5125	 10.5243	117.9333	  1.8082
 18.9929	131.1875	 10.5303	117.4583	  1.8078
 19.0270	130.9583	 10.5286	118.1125	  1.8081
 19.0123	131.6250	 10.5249	118.2125	  1.8083
 18.9819	131.5292	 10.5272	118.0333	  1.8086
 19.0116	131.1708	 10.5244	118.4250	  1.8084
 19.0080	131.7000	 10.5247	117.7125	  1.8081
 19.0036	131.8500	 10.5270	118.7583	  1.8086
 19.0099	131.5375	 10.5142	117.4208	  1.8085
 18.9901	130.8792	 10.5270	118.5625	  1.8080
 19.0083	131.6833	 10.5070	117.8667	  1.8076
 19.0035	131.5833	 10.5109	118.2167	  1.8077
 19.0003	131.1708	 10.5281	118.3375	  1.8087
 19.0040	130.9458	 10.5100	118.4708	  1.8077
 19.0131	130.5833	 10.5271	118.1042	  1.8085
 19.0198	131.6375	 10.5268	118.1250	  1.8085
 19.0148	131.3667	 10.5276	117.8958	  1.8077
 19.0180	131.0333	 10.5324	118.1250	  1.8089
 19.0046	131.4167	 10.5236	118.2708	  1.8079
 19.0049	131.2542	 10.5238	118.5583	  1.8082
 19.0014	130.8125	 10.5326	118.1750	  1.8080
 19.0040	130.8583	 10.5156	118.2583	  1.8085
 19.0024	131.8250	 10.5273	118.1583	  1.8081
 18.9999	131.2750	 10.5348	118.3917	  1.8076
 18.9817	131.4000	 10.5138	118.0000	  1.8081
 19.0116	131.1958	 10.5271	117.6000	  1.8083
 19.0301	131.5667	 10.5241	118.1500	  1.8083
 19.0199	131.7000	 10.5162	117.9917	  1.8083
 19.0131	131.9958	 10.5208	118.0708	  1.8082
 19.0010	131.6417	 10.5277	118.2167	  1.8087
 19.0001	131.4292	 10.5130	118.1417	  1.8086
 19.0073	131.3000	 10.5288	118.2042	  1.8079
 19.0004	131.1542	 10.5187	118.4125	  1.8084
 19.0010	131.5333	 10.5184	118.2375	  1.8083
 19.0108	131.1042	 10.5395	117.7042	  1.8085
 18.9969	131.5292	 10.5398	117.7958	  1.8089
 18.9987	131.0458	 10.5273	117.8792	  1.8079
 19.0036	131.6500	 10.5337	117.9833	  1.8085
 18.9781	131.0417	 10.5209	117.6917	  1.8082
 19.0071	131.8667	 10.5239	118.3458	  1.8078
 19.0140	131.1958	 10.5313	118.3500	  1.8077
 19.0149	131.0500	 10.5261	118.0542	  1.8085
 19.0115	131.0708	 10.5488	117.8125	  1.8080
 19.0036	131.3708	 10.5325	118.0542	  1.8084
 18.9863	131.1292	 10.5220	117.4958	  1.8083
 19.0134	131.1833	 10.5289	117.2958	  1.8082
 19.0017	131.7125	 10.5374	117.4625	  1.8085
 18.9821	131.1042	 10.5341	118.0792	  1.8086
 19.0165	131.8792	 10.5378	117.8708	  1.8085
 19.0223	131.8333	 10.5152	117.3708	  1.8082
 19.0106	131.1250	 10.5367	117.9167	  1.8080
 18.9996	131.1042	 10.5280	117.8417	  1.8082
 19.0158	130.9958	 10.5184	117.9833	  1.8077
 19.0339	131.4333	 10.5082	117.8875	  1.8080
 18.9909	131.2583	 10.5202	118.0667	  1.8084
 19.0109	130.6125	 10.5262	118.2708	  1.8076
 19.0096	131.7042	 10.5224	117.7667	  1.8088
 18.9993	131.3792	 10.5259	117.8833	  1.8081
 19.0141	132.0083	 10.5338	117.8625	  1.8081
 19.0091	131.2375	 10.5225	118.3333	  1.8083
 18.9987	131.2958	 10.5255	117.9500	  1.8083
 19.0093	131.6167	 10.5240	117.8542	  1.8078
 18.9971	131.0375	 10.5265	118.0792	  1.8083
 19.0206	130.7917	 10.5302	118.5667	  1.8084
 18.9967	131.4125	 10.5241	118.4500	  1.8077
 19.0144	131.0792	 10.5297	118.1958	  1.8086
 18.9974	131.2958	 10.5353	118.5417	  1.8081
 18.9963	130.9250	 10.5242	118.1375	  1.8076
 18.9942	131.4417	 10.5348	117.8167	  1.8085
 19.0086	131.5000	 10.5291	118.9875	  1.8082
 19.0123	131.5292	 10.5189	118.5875	  1.8084
 19.0113	131.5333	 10.5262	118.0875	  1.8081
 19.0073	131.0833	 10.5316	118.0083	  1.8083
 19.0343	131.6208	 10.5368	118.2208	  1.8083
 19.0210	131.3417	 10.5227	117.8125	  1.8079
 19.0083	131.4292	 10.5413	118.1042	  1.8088
 19.0003	131.7292	 10.5283	118.2833	  1.8085
 18.9876	131.1542	 10.5261	118.0042	  1.8083
