P8010116.432672
GADANKI 01/01/1980 16:42:26 01/01/1980 16:43:27 0350 0079.2 0013.4 00
0000000 0020 0001200 0020 05
1 0 2 02000 1 0000 0030 00532.o 0 0 00 000 14 001200 0.100 BT0
1 1 2 02000 1 0000 0030 00532.o 0 0 00 000 00 001200 0.0000 BC0
1 0 2 02000 1 0000 0030 00532.p 0 0 00 000 14 001200 0.100 BT1
1 1 2 02000 1 0000 0030 00532.p 0 0 00 000 00 001200 0.0000 BC1
1 0 2 02000 1 0000 0030 01064.o 0 0 00 000 14 001200 0.100 BT2
532.000 .o analog 0 	532.000 .o photon 0 	532.000 .p analog 1 	532.000 .p photon 1 	1064.000 .o analog 2 
 19.0516	109.8000	  9.9632	 91.2875	  1.8084
 20.5015	148.9750	 10.9375	127.6250	  1.8096
 98.1507	146.0125	 68.7285	126.3250	  1.8094
 99.9756	142.6292	 34.8067	124.7458	  1.8091
 92.5165	139.2250	 28.3456	123.7125	  1.8093
 65.6214	137.8375	 22.0147	122.9667	  1.8095
 49.2450	136.4375	 17.9461	122.0375	  1.8094
 39.6865	135.8583	 15.4837	121.3458	  1.8097
 33.9748	134.9917	 14.0220	120.9625	  1.8095
 30.1635	134.2250	 13.0439	121.5250	  1.8091
 27.5772	133.7333	 12.3611	120.6583	  1.8090
 25.7001	133.3583	 11.8366	119.7417	  1.8093
 24.3304	133.3792	 11.4729	119.3500	  1.8091
 23.3122	132.5000	 11.1954	119.5375	  1.8095
 22.5609	132.6458	 10.9717	119.8750	  1.8096
 21.9904	132.5333	 10.8037	120.1875	  1.8094
 21.5159	132.0625	 10.6818	119.5750	  1.8095
 21.1739	131.6625	 10.5757	119.6125	  1.8096
 20.8976	132.2375	 10.5050	119.4833	  1.8091
 20.6334	131.5833	 10.4449	119.4500	  1.8095
 20.4163	131.5000	 10.3436	119.1417	  1.8102
 20.2670	131.9417	 10.3341	119.2333	  1.8097
 20.0912	131.6250	 10.2725	118.9167	  1.8097
 19.9351	131.8292	 10.2465	119.2500	  1.8097
 19.8356	131.4917	 10.2048	119.1458	  1.8100
 19.7422	131.8292	 10.1443	119.0125	  1.8098
 19.6452	131.3625	 10.1610	119.2458	  1.8098
 19.5967	131.7083	 10.1322	119.5000	  1.8096
 19.5334	131.5375	 10.1295	119.0292	  1.8094
 19.4814	131.3750	 10.1225	118.6750	  1.8093
 19.4389	131.4417	 10.0922	118.9792	  1.8092
 19.4140	131.9250	 10.0781	118.7875	  1.8099
 19.3730	131.3125	 10.0639	118.1625	  1.8095
 19.3530	131.3167	 10.0616	118.6792	  1.8094
 19.3386	131.3333	 10.0426	119.0417	  1.8092
 19.2802	131.2500	 10.0493	118.6583	  1.8091
 19.2312	132.0958	 10.0175	118.1250	  1.8092
 19.2398	131.7500	 10.0273	119.0583	  1.8096
 19.1852	131.3458	 10.0241	118.1833	  1.8098
 19.1515	131.9458	 10.0040	119.7208	  1.8098
 19.1352	131.1667	  9.9834	119.1958	  1.8088
 19.1169	131.5375	  9.9829	118.7500	  1.8091
 19.1198	131.5833	  9.9911	119.2167	  1.8099
 19.0874	131.4792	  9.9775	118.7458	  1.8095
 19.1011	131.5917	  9.9844	118.5292	  1.8092
 19.1002	131.4958	  9.9794	118.6042	  1.8097
 19.0763	130.9958	  9.9747	118.8042	  1.8097
 19.0748	131.3333	  9.9747	119.0500	  1.8091
 19.0799	131.6375	  9.9651	118.4958	  1.8094
 19.0722	132.0542	  9.9595	118.6125	  1.8097
 19.0690	131.2500	  9.9669	119.5750	  1.8094
 19.0653	131.4208	  9.9754	119.1292	  1.8094
 19.0625	131.0125	  9.9743	118.9208	  1.8099
 19.0748	131.2125	  9.9710	118.7583	  1.8095
 19.0632	131.7250	  9.9670	119.4875	  1.8096
 19.0564	131.1917	  9.9612	119.3417	  1.8094
 19.0728	131.2792	  9.9515	118.9958	  1.8100
 19.0540	131.7000	  9.9617	119.0083	  1.8096
 19.0451	131.3583	  9.9445	118.9500	  1.8089
 19.0334	131.3083	  9.9662	118.9625	  1.8093
 19.0357	131.3125	  9.9644	118.4667	  1.8090
 19.0429	130.6792	  9.9591	119.2167	  1.8090
 19.0483	131.5250	  9.9555	118.2875	  1.8102
 19.0311	132.6083	  9.9577	118.9708	  1.8099
 19.0430	131.0750	  9.9593	119.0042	  1.8096
 19.0440	131.6875	  9.9614	118.4583	  1.8100
 19.0373	131.9667	  9.9740	118.6625	  1.8096
 19.0361	131.1792	  9.9519	119.0208	  1.8097
 19.0503	131.2292	  9.9494	118.7958	  1.8098
 19.0189	131.3833	  9.9680	118.4708	  1.8097
 19.0420	131.4417	  9.9479	118.3792	  1.8102
 19.0325	131.0708	  9.9654	119.3958	  1.8090
 19.0553	131.3500	  9.9635	119.1125	  1.8094
 19.0428	130.6917	  9.9599	118.6083	  1.8098
 19.0514	131.6292	  9.9520	118.1958	  1.8097
 19.0327	131.8542	  9.9597	119.0250	  1.8096
 19.0495	131.3708	  9.9687	118.8750	  1.8089
 19.0442	131.8125	  9.9574	118.9875	  1.8096
 19.0387	130.8833	  9.9704	118.7333	  1.8091
 19.0378	131.8500	  9.9482	119.0500	  1.8094
 19.0406	131.7917	  9.9439	118.5250	  1.8094
 19.0429	131.0292	  9.9641	119.2083	  1.8091
 19.0275	131.4583	  9.9616	118.4875	  1.8090
 19.0592	131.4708	  9.9558	119.0917	  1.8092
 19.0354	131.5250	  9.9514	118.6250	  1.8094
 19.0398	130.9333	  9.9583	118.7500	  1.8097
 19.0442	131.4292	  9.9721	118.6792	  1.8099
 19.0436	130.8708	  9.9747	119.1250	  1.8096
 19.0403	131.3958	  9.9553	118.9208	  1.8092
 19.0612	131.1792	  9.9373	118.6542	  1.8091
 19.0360	131.5208	  9.9531	118.7333	  1.8094
 19.0486	131.4125	  9.9565	118.8250	  1.8095
 19.0401	132.1000	  9.9595	119.1250	  1.8094
 19.0783	131.4125	  9.9561	118.7917	  1.8094
 19.0487	131.6875	  9.9842	118.6833	  1.8094
 19.0437	131.7583	  9.9436	118.8583	  1.8096
 19.0322	131.1958	  9.9496	118.9042	  1.8099
 19.0366	131.6083	  9.9664	118.7833	  1.8090
 19.0497	130.7917	  9.9749	118.7292	  1.8091
 19.0611	132.1083	  9.9632	119.5333	  1.8098
 19.0424	131.4167	  9.9738	118.4292	  1.8097
 19.0586	131.6333	  9.9584	118.5083	  1.8092
 19.0470	131.1625	  9.9718	118.7583	  1.8096
 19.0473	131.6167	  9.9846	119.4750	  1.8092
 19.0492	131.4917	  9.9586	118.6667	  1.8093
 19.0495	131.7750	  9.9520	118.7667	  1.8092
 19.0258	131.3333	  9.9643	118.2125	  1.8093
 19.0464	131.6208	  9.9618	118.4042	  1.8096
 19.0513	131.2583	  9.9708	118.6000	  1.8095
 19.0406	131.1292	  9.9694	119.2333	  1.8098
 19.0305	131.1375	  9.9609	118.4792	  1.8093
 19.0387	131.4250	  9.9546	119.1917	  1.8093
 19.0528	131.2333	  9.9681	119.1292	  1.8101
 19.0371	131.3500	  9.9554	118.8875	  1.8090
 19.0438	131.5333	  9.9705	118.8250	  1.8096
 19.0489	131.2708	  9.9581	119.2833	  1.8098
 19.0505	132.0833	  9.9578	118.9417	  1.8096
 19.0476	131.1542	  9.9502	119.2583	  1.8090
 19.0333	131.4208	  9.9711	119.0000	  1.8093
 19.0528	131.3208	  9.9647	118.6458	  1.8100
 19.0550	131.5208	  9.9652	119.0958	  1.8093
 19.0456	131.7208	  9.9641	118.7708	  1.8094
 19.0544	131.3875	  9.9662	118.5167	  1.8095
 19.0519	131.6208	  9.9696	119.0875	  1.8098
 19.0422	130.8167	  9.9403	119.2292	  1.8101
 19.0520	131.2083	  9.9350	119.1292	  1.8095
 19.0503	131.6125	  9.9449	118.9750	  1.8098
 19.0596	131.3708	  9.9648	119.3333	  1.8094
 19.0610	131.8000	  9.9508	119.3208	  1.8092
 19.0634	131.8958	  9.9591	118.5750	  1.8095
 19.0539	131.7667	  9.9625	118.3417	  1.8096
 19.0541	132.1417	  9.9601	119.6583	  1.8090
 19.0464	131.2917	  9.9645	118.6625	  1.8093
 19.0461	131.4583	  9.9503	118.7917	  1.8090
 19.0395	131.2458	  9.9686	118.6708	  1.8096
 19.0515	131.5875	  9.9742	118.5750	  1.8095
 19.0487	131.7917	  9.9498	118.5708	  1.8091
 19.0386	131.1958	  9.9798	119.2583	  1.8102
 19.0428	131.8667	  9.9609	118.6958	  1.8096
 19.0441	131.2625	  9.9636	119.1083	  1.8092
 19.0541	130.6917	  9.9653	118.9833	  1.8089
 19.0457	131.4167	  9.9480	118.2750	  1.8095
 19.0439	131.8375	  9.9557	118.8542	  1.8095
 19.0375	130.4417	  9.9396	118.8083	  1.8092
 19.0417	131.7083	  9.9511	118.9292	  1.8096
 19.0527	132.1542	  9.9500	118.9292	  1.8092
 19.0300	131.3500	  9.9656	118.8417	  1.8088
 19.0518	131.2417	  9.9589	119.0875	  1.8098
 19.0425	131.5250	  9.9594	119.0750	  1.8098
 19.0377	131.3250	  9.9657	118.7583	  1.8096
 19.0473	131.5750	  9.9627	119.1583	  1.8101
 19.0264	131.2875	  9.9609	119.1583	  1.8091
 19.0423	130.9958	  9.9678	118.7833	  1.8094
 19.0589	131.9833	  9.9603	118.5500	  1.8092
 19.0434	131.5375	  9.9792	118.9875	  1.8088
 19.0341	131.8208	  9.9464	118.2875	  1.8094
 19.0242	130.7500	  9.9640	119.0292	  1.8095
 19.0382	131.8917	  9.9421	118.3167	  1.8095
 19.0492	131.2042	  9.9536	118.7583	  1.8095
 19.0646	131.1833	  9.9612	118.5417	  1.8099
 19.0476	131.6875	  9.9456	119.0583	  1.8093
 19.0593	131.0292	  9.9454	118.2375	  1.8093
 19.0331	131.1208	  9.9684	118.4958	  1.8098
 19.0530	131.7958	  9.9439	118.3583	  1.8099
 19.0620	131.6542	  9.9606	118.9417	  1.8095
 19.0416	131.2583	  9.9604	118.9792	  1.8099
 19.0452	131.2500	  9.9629	119.1208	  1.8099
 19.0352	131.3000	  9.9655	118.5000	  1.8095
 19.0351	131.2333	  9.9581	118.6833	  1.8094
 19.0517	131.4208	  9.9674	118.6292	  1.8095
 19.0438	131.2292	  9.9582	118.9958	  1.8093
 19.0456	131.3625	  9.9458	118.7083	  1.8101
 19.0519	131.6458	  9.9579	119.1667	  1.8092
 19.0530	132.1125	  9.9634	119.1000	  1.8091
 19.0544	132.1083	  9.9513	118.9792	  1.8093
 19.0579	131.2083	  9.9575	118.7000	  1.8101
 19.0311	131.6042	  9.9526	118.6208	  1.8096
 19.0447	131.5083	  9.9574	118.8417	  1.8097
 19.0451	131.6375	  9.9486	119.0375	  1.8098
 19.0549	130.8750	  9.9421	118.6375	  1.8095
 19.0386	130.9667	  9.9608	119.2083	  1.8093
 19.0374	131.0333	  9.9555	118.6833	  1.8094
 19.0635	130.8542	  9.9480	119.0875	  1.8089
 19.0499	130.8292	  9.9671	118.7958	  1.8098
 19.0673	131.6000	  9.9600	118.8500	  1.8093
 19.0353	131.1833	  9.9543	119.3167	  1.8093
 19.0324	131.3417	  9.9391	119.0458	  1.8091
 19.0426	131.1083	  9.9580	118.7500	  1.8098
 19.0391	131.6333	  9.9603	119.1917	  1.8095
 19.0513	131.9000	  9.9326	119.0500	  1.8095
 19.0482	130.9833	  9.9483	118.8708	  1.8092
 19.0515	132.0250	  9.9508	119.1208	  1.8092
 19.0495	131.1667	  9.9628	119.1875	  1.8097
 19.0456	132.1458	  9.9481	119.2042	  1.8093
 19.0381	131.1125	  9.9512	119.0042	  1.8093
 19.0321	131.5333	  9.9570	119.2917	  1.8095
 19.0573	130.8500	  9.9441	118.5958	  1.8097
 19.0469	131.3250	  9.9660	118.6000	  1.8094
 19.0461	131.5875	  9.9649	118.5708	  1.8098
 19.0414	131.4458	  9.9693	119.2958	  1.8092
 19.0408	130.7000	  9.9496	118.5792	  1.8092
 19.0683	131.2042	  9.9412	118.9292	  1.8100
 19.0537	131.0500	  9.9585	118.8208	  1.8101
 19.0475	131.7292	  9.9619	118.5333	  1.8092
 19.0546	131.6958	  9.9640	118.2583	  1.8089
 19.0378	131.5708	  9.9611	119.1458	  1.8095
 19.0545	131.1750	  9.9286	118.7083	  1.8101
 19.0571	131.3792	  9.9755	119.1167	  1.8088
 19.0286	131.0875	  9.9591	118.7375	  1.8094
 19.0325	130.9708	  9.9686	118.7208	  1.8094
 19.0515	130.9708	  9.9667	119.1583	  1.8103
 19.0471	131.1292	  9.9651	118.6750	  1.8093
 19.0648	131.2583	  9.9496	119.2708	  1.8098
 19.0503	131.3125	  9.9566	119.5625	  1.8097
 19.0469	131.3667	  9.9669	118.8667	  1.8094
 19.0498	131.6000	  9.9564	118.4958	  1.8098
 19.0456	131.9833	  9.9601	119.2208	  1.8093
 19.0525	131.0583	  9.9503	119.4500	  1.8097
 19.0471	131.9875	  9.9599	118.5333	  1.8093
 19.0349	131.1542	  9.9690	118.3333	  1.8093
 19.0549	131.4917	  9.9617	118.9625	  1.8096
 19.0320	131.5292	  9.9743	119.0417	  1.8096
 19.0449	131.3750	  9.9520	119.7083	  1.8089
 19.0347	130.8417	  9.9556	118.8042	  1.8095
 19.0474	131.5417	  9.9679	118.9958	  1.8096
 19.0589	131.3458	  9.9617	118.7292	  1.8095
 19.0395	130.6208	  9.9676	118.2417	  1.8096
 19.0445	131.4625	  9.9448	118.5917	  1.8094
 19.0511	130.9500	  9.9614	118.7167	  1.8097
 19.0420	131.4917	  9.9295	119.2167	  1.8095
 19.0485	131.3750	  9.9589	118.1167	  1.8100
 19.0566	131.7167	  9.9414	118.8042	  1.8093
 19.0437	131.8750	  9.9453	118.7292	  1.8094
 19.0417	130.7958	  9.9615	118.6208	  1.8092
 19.0551	131.6792	  9.9630	118.1625	  1.8096
 19.0603	131.5417	  9.9574	118.1292	  1.8093
 19.0319	131.8083	  9.9753	118.5542	  1.8097
 19.0393	131.8625	  9.9652	118.6917	  1.8102
 19.0682	131.6583	  9.9524	118.9250	  1.8094
 19.0543	131.4833	  9.9550	118.6625	  1.8094
 19.0506	131.9875	  9.9549	118.6875	  1.8093
 19.0454	132.1375	  9.9633	118.6875	  1.8096
 19.0392	131.4917	  9.9486	118.6583	  1.8103
 19.0484	131.3708	  9.9646	118.5000	  1.8096
 19.0399	131.7750	  9.9679	118.4875	  1.8091
 19.0641	130.8625	  9.9532	118.8917	  1.8092
 19.0581	131.4250	  9.9586	118.7667	  1.8093
 19.0226	131.3375	  9.9662	118.8375	  1.8092
 19.0525	131.6875	  9.9575	118.5667	  1.8096
 19.0474	131.1458	  9.9761	119.4708	  1.8096
 19.0270	131.1583	  9.9724	119.2917	  1.8093
 19.0484	131.9292	  9.9573	119.0167	  1.8092
 19.0310	131.1417	  9.9468	118.7917	  1.8094
 19.0470	131.5500	  9.9501	118.8792	  1.8098
 19.0610	131.3250	  9.9731	118.7000	  1.8091
 19.0482	131.0250	  9.9497	118.9208	  1.8099
 19.0504	131.4042	  9.9592	118.6417	  1.8097
 19.0434	131.4208	  9.9826	118.2250	  1.8093
 19.0417	131.7458	  9.9678	118.4958	  1.8093
 19.0582	131.7625	  9.9608	118.7792	  1.8091
 19.0429	132.1958	  9.9483	119.0875	  1.8100
 19.0491	131.2875	  9.9638	118.8667	  1.8083
 19.0461	131.1958	  9.9570	118.7417	  1.8098
 19.0349	131.6208	  9.9440	119.2042	  1.8096
 19.0358	130.9875	  9.9551	118.7750	  1.8091
 19.0397	131.7750	  9.9581	118.4333	  1.8095
 19.0553	131.5125	  9.9611	118.6083	  1.8092
 19.0510	131.1667	  9.9677	118.8750	  1.8093
 19.0271	131.7208	  9.9586	118.5542	  1.8086
 19.0495	131.5208	  9.9519	119.1667	  1.8090
 19.0602	131.4625	  9.9623	119.0083	  1.8098
 19.0652	131.1833	  9.9623	118.6375	  1.8094
 19.0469	131.4083	  9.9570	118.7125	  1.8091
 19.0484	132.2792	  9.9651	118.9042	  1.8096
 19.0425	131.5042	  9.9533	118.5250	  1.8104
 19.0399	131.6625	  9.9542	119.0042	  1.8092
 19.0320	131.6667	  9.9515	118.8542	  1.8092
 19.0590	131.6792	  9.9629	119.1958	  1.8095
 19.0436	131.1792	  9.9445	118.5500	  1.8093
 19.0371	131.0167	  9.9509	119.0375	  1.8097
 19.0545	131.3875	  9.9541	119.1375	  1.8088
 19.0415	131.8583	  9.9517	118.6083	  1.8095
 19.0537	131.2417	  9.9458	119.1208	  1.8092
 19.0504	131.0958	  9.9670	118.6500	  1.8091
 19.0426	131.6750	  9.9493	119.2917	  1.8097
 19.0416	131.4083	  9.9380	118.2833	  1.8095
 19.0492	131.3000	  9.9643	118.1458	  1.8093
 19.0550	132.0375	  9.9389	119.2708	  1.8093
 19.0379	131.7667	  9.9521	118.6792	  1.8094
 19.0378	130.8417	  9.9577	118.5958	  1.8095
 19.0400	131.6208	  9.9590	118.7750	  1.8094
 19.0433	131.1708	  9.9571	119.0917	  1.8090
 19.0506	132.1625	  9.9563	118.5833	  1.8094
 19.0453	131.3125	  9.9450	118.6333	  1.8093
 19.0253	131.3917	  9.9545	118.3417	  1.8094
 19.0686	131.4708	  9.9613	119.0042	  1.8094
 19.0471	131.2375	  9.9602	118.6417	  1.8102
 19.0320	131.4625	  9.9536	119.0958	  1.8093
 19.0482	131.3917	  9.9545	119.1958	  1.8100
 19.0401	131.6958	  9.9509	119.1208	  1.8096
 19.0482	131.5750	  9.9680	118.6917	  1.8094
 19.0345	131.5625	  9.9554	119.2292	  1.8090
 19.0441	130.9625	  9.9517	118.8875	  1.8096
 19.0567	131.6500	  9.9660	119.0250	  1.8094
 19.0622	131.4792	  9.9521	118.6167	  1.8088
 19.0305	131.6625	  9.9720	119.2250	  1.8095
 19.0433	131.3583	  9.9628	119.4708	  1.8091
 19.0309	131.5667	  9.9649	118.4125	  1.8093
 19.0604	131.6375	  9.9736	118.9875	  1.8097
 19.0388	131.2500	  9.9834	119.0292	  1.8097
 19.0443	132.1500	  9.9726	118.5792	  1.8093
 19.0457	131.2083	  9.9538	118.6083	  1.8096
 19.0390	131.7333	  9.9497	119.3417	  1.8085
 19.0578	131.7167	  9.9797	119.3417	  1.8098
 19.0639	130.7542	  9.9667	118.7417	  1.8093
 19.0410	131.2167	  9.9520	118.7542	  1.8092
 19.0413	130.9958	  9.9434	118.4833	  1.8090
 19.0591	131.4500	  9.9607	119.3458	  1.8095
 19.0433	131.6458	  9.9562	118.4708	  1.8095
 19.0538	131.4833	  9.9653	119.0958	  1.8092
 19.0538	131.0042	  9.9823	118.7042	  1.8088
 19.0431	131.0250	  9.9682	118.7583	  1.8090
 19.0538	132.1375	  9.9640	118.9375	  1.8088
 19.0506	131.2417	  9.9553	118.7292	  1.8093
 19.0345	131.5083	  9.9691	119.1583	  1.8092
 19.0366	131.1250	  9.9486	118.6250	  1.8090
 19.0353	130.7542	  9.9506	119.2917	  1.8097
 19.0472	131.2708	  9.9437	118.8208	  1.8085
 19.0331	131.3083	  9.9628	118.4500	  1.8095
 19.0378	131.1500	  9.9480	119.3708	  1.8092
 19.0493	131.3750	  9.9582	118.6625	  1.8093
 19.0313	131.9667	  9.9619	119.1792	  1.8100
 19.0245	131.9125	  9.9768	119.1875	  1.8090
 19.0299	131.5833	  9.9583	118.3167	  1.8096
 19.0492	130.7542	  9.9649	118.9292	  1.8095
 19.0470	132.2167	  9.9411	119.0875	  1.8092
 19.0571	131.0167	  9.9598	118.8500	  1.8096
 19.0661	131.7542	  9.9696	118.9458	  1.8094
 19.0609	130.7125	  9.9596	118.9542	  1.8094
 19.0586	131.9667	  9.9641	119.1542	  1.8100
 19.0273	131.3792	  9.9641	118.7083	  1.8098
 19.0495	131.0875	  9.9794	118.3125	  1.8090
 19.0436	131.5375	  9.9711	118.9458	  1.8088
 19.0285	131.9167	  9.9468	118.7083	  1.8091
 19.0318	130.9958	  9.9602	118.9542	  1.8094
 19.0456	131.6125	  9.9557	118.9458	  1.8092
 19.0516	131.4542	  9.9541	119.3542	  1.8094
 19.0363	131.5000	  9.9550	119.1167	  1.8094
 19.0448	131.4750	  9.9649	118.4958	  1.8095
 19.0687	131.3333	  9.9666	119.4917	  1.8095
 19.0521	131.2708	  9.9523	118.5583	  1.8092
 19.0296	130.9125	  9.9755	118.6000	  1.8102
 19.0657	130.9875	  9.9603	118.9250	  1.8100
 19.0503	131.8000	  9.9652	118.5542	  1.8093
 19.0494	131.4917	  9.9586	118.1958	  1.8098
 19.0385	131.4833	  9.9503	118.8417	  1.8097
 19.0392	131.3583	  9.9695	118.8083	  1.8101
 19.0325	131.2625	  9.9821	118.8708	  1.8092
 19.0381	131.1292	  9.9462	118.5875	  1.8094
 19.0458	131.6083	  9.9462	118.6458	  1.8091
 19.0593	130.8458	  9.9487	118.9292	  1.8088
 19.0713	131.6625	  9.9615	118.1875	  1.8100
 19.0380	131.3500	  9.9711	118.8792	  1.8092
 19.0512	131.2042	  9.9604	119.1292	  1.8098
 19.0487	132.0375	  9.9697	119.3917	  1.8104
 19.0421	131.5583	  9.9526	119.1083	  1.8098
 19.0381	131.7208	  9.9555	118.6417	  1.8092
 19.0439	131.3667	  9.9728	118.7292	  1.8096
 19.0426	131.3792	  9.9470	118.8208	  1.8093
 19.0548	131.5375	  9.9459	118.5500	  1.8101
 19.0243	131.5542	  9.9461	118.4917	  1.8095
 19.0315	131.3792	  9.9569	119.2417	  1.8092
 19.0576	130.9417	  9.9522	119.1667	  1.8091
 19.0493	131.9500	  9.9610	119.0792	  1.8095
 19.0460	131.4917	  9.9537	118.9917	  1.8096
 19.0658	131.2125	  9.9388	118.4000	  1.8093
 19.0314	131.3500	  9.9706	119.0500	  1.8095
 19.0529	131.3000	  9.9807	118.4708	  1.8094
 19.0434	131.3625	  9.9549	118.9875	  1.8088
 19.0390	131.1333	  9.9598	119.6125	  1.8093
 19.0396	131.5333	  9.9584	118.2750	  1.8095
 19.0587	132.0500	  9.9407	119.1667	  1.8096
 19.0349	130.9000	  9.9483	119.0417	  1.8095
 19.0469	131.0375	  9.9486	118.6792	  1.8098
 19.0610	130.7542	  9.9632	119.2792	  1.8091
 19.0357	131.8833	  9.9462	119.0917	  1.8096
 19.0143	131.3500	  9.9575	118.8875	  1.8093
 19.0506	131.6583	  9.9541	118.7208	  1.8092
 19.0553	131.7458	  9.9488	119.2042	  1.8088
 19.0423	131.1083	  9.9588	118.7458	  1.8097
 19.0409	131.7250	  9.9583	118.9917	  1.8094
 19.0557	132.0458	  9.9724	118.8250	  1.8096
 19.0417	131.1208	  9.9473	118.2333	  1.8097
 19.0606	131.5583	  9.9581	118.5208	  1.8095
 19.0512	131.4917	  9.9685	118.4667	  1.8092
 19.0316	130.8000	  9.9599	118.6583	  1.8094
 19.0339	131.9083	  9.9599	118.5667	  1.8093
 19.0579	131.5375	  9.9554	118.7833	  1.8095
 19.0649	131.2042	  9.9714	119.1875	  1.8093
 19.0754	131.4292	  9.9678	118.7792	  1.8105
 19.0489	131.0792	  9.9694	118.4958	  1.8089
 19.0504	131.4208	  9.9586	118.9750	  1.8093
 19.0464	131.7208	  9.9519	118.6417	  1.8095
 19.0541	131.6250	  9.9615	118.2667	  1.8095
 19.0588	131.4000	  9.9663	118.2583	  1.8094
 19.0409	131.9292	  9.9650	118.5333	  1.8096
 19.0410	131.7167	  9.9478	118.9500	  1.8094
 19.0650	130.9042	  9.9493	119.1875	  1.8094
 19.0493	131.4792	  9.9502	118.9792	  1.8094
 19.0444	131.3792	  9.9481	118.4750	  1.8095
 19.0279	131.4875	  9.9683	119.0792	  1.8097
 19.0439	131.4208	  9.9568	118.6042	  1.8098
 19.0541	131.0500	  9.9631	118.8667	  1.8085
 19.0409	131.1875	  9.9505	118.8958	  1.8097
 19.0526	131.1958	  9.9549	118.6458	  1.8094
 19.0534	131.3625	  9.9758	118.8833	  1.8091
 19.0414	131.0042	  9.9523	118.8875	  1.8095
 19.0468	131.3833	  9.9574	118.8583	  1.8094
 19.0389	131.5667	  9.9651	118.6750	  1.8093
 19.0548	131.6000	  9.9662	119.0042	  1.8096
 19.0636	132.0458	  9.9454	119.2125	  1.8096
 19.0613	132.0125	  9.9652	119.0958	  1.8095
 19.0492	131.4583	  9.9522	119.6667	  1.8098
 19.0370	130.8875	  9.9550	118.4833	  1.8089
 19.0520	131.6417	  9.9375	119.2292	  1.8091
 19.0495	132.0375	  9.9522	118.9458	  1.8092
 19.0456	131.3833	  9.9485	119.4792	  1.8099
 19.0455	131.1083	  9.9454	118.3625	  1.8099
 19.0644	131.6542	  9.9375	119.0750	  1.8093
 19.0636	132.2417	  9.9490	119.0833	  1.8092
 19.0573	131.8333	  9.9482	119.1042	  1.8093
 19.0513	131.1000	  9.9633	119.0167	  1.8092
 19.0574	131.3208	  9.9489	118.5833	  1.8091
 19.0618	130.9458	  9.9467	118.6000	  1.8098
 19.0443	131.1625	  9.9561	118.4375	  1.8099
 19.0436	130.7125	  9.9548	119.2958	  1.8090
 19.0466	131.1292	  9.9453	119.2375	  1.8097
 19.0502	132.1417	  9.9520	119.0875	  1.8095
 19.0463	131.1542	  9.9656	118.7250	  1.8096
 19.0691	130.8917	  9.9436	118.9625	  1.8088
 19.0417	131.8875	  9.9812	119.1708	  1.8092
 19.0581	131.2542	  9.9667	118.2792	  1.8097
 19.0507	131.2375	  9.9625	119.2292	  1.8095
 19.0500	131.4958	  9.9488	119.4542	  1.8097
 19.0397	131.7333	  9.9590	118.7583	  1.8094
 19.0269	131.5792	  9.9392	118.8792	  1.8093
 19.0567	131.3500	  9.9595	119.4958	  1.8094
 19.0511	131.3458	  9.9462	119.3875	  1.8095
 19.0490	131.3958	  9.9581	118.5083	  1.8088
 19.0426	131.5667	  9.9540	119.0292	  1.8093
 19.0579	131.4208	  9.9706	118.5208	  1.8092
 19.0538	131.4417	  9.9637	119.0792	  1.8095
 19.0455	131.6417	  9.9532	118.8083	  1.8086
 19.0401	131.6917	  9.9577	119.2583	  1.8101
 19.0548	131.5750	  9.9557	118.5333	  1.8094
 19.0661	131.8917	  9.9469	118.5833	  1.8094
 19.0569	131.7208	  9.9444	118.7625	  1.8094
 19.0739	131.3333	  9.9598	119.1125	  1.8093
 19.0381	131.5083	  9.9489	119.5542	  1.8095
 19.0508	131.7792	  9.9628	118.4250	  1.8097
 19.0586	131.4333	  9.9606	118.6583	  1.8089
 19.0388	131.4875	  9.9555	118.6042	  1.8091
 19.0509	131.4167	  9.9441	119.1875	  1.8095
 19.0657	131.0708	  9.9529	118.5417	  1.8097
 19.0490	131.6542	  9.9474	118.8208	  1.8094
 19.0465	131.2583	  9.9632	119.4208	  1.8098
 19.0383	130.6417	  9.9514	119.0458	  1.8089
 19.0468	131.4542	  9.9702	118.7042	  1.8094
 19.0648	131.7292	  9.9570	119.4083	  1.8094
 19.0629	131.5708	  9.9587	118.7792	  1.8095
 19.0495	131.2375	  9.9584	118.9667	  1.8085
 19.0556	130.8625	  9.9696	119.0042	  1.8099
 19.0469	131.8458	  9.9543	118.3792	  1.8102
 19.0578	130.7833	  9.9576	118.5542	  1.8090
 19.0499	131.3833	  9.9530	118.4250	  1.8090
 19.0529	131.4125	  9.9566	118.4000	  1.8094
 19.0498	131.0375	  9.9589	119.4125	  1.8091
 19.0529	131.1250	  9.9470	119.5208	  1.8092
 19.0307	130.8708	  9.9672	118.7292	  1.8095
 19.0575	131.4292	  9.9721	119.3250	  1.8090
 19.0530	131.2125	  9.9497	118.5583	  1.8094
 19.0462	132.0333	  9.9559	118.7583	  1.8090
 19.0239	131.2167	  9.9482	119.0333	  1.8100
 19.0652	131.5417	  9.9441	118.6750	  1.8094
 19.0359	131.6042	  9.9480	118.8208	  1.8095
 19.0412	131.3042	  9.9760	118.8000	  1.8092
 19.0382	131.2208	  9.9562	119.2167	  1.8095
 19.0290	131.3667	  9.9593	118.7875	  1.8093
 19.0483	130.9708	  9.9613	119.0958	  1.8089
 19.0440	131.2000	  9.9369	119.0208	  1.8090
 19.0501	131.7125	  9.9687	119.1542	  1.8094
 19.0462	131.2958	  9.9550	118.8833	  1.8093
 19.0353	130.9250	  9.9713	118.3875	  1.8094
 19.0545	130.9000	  9.9668	118.4292	  1.8095
 19.0473	131.6375	  9.9453	119.0125	  1.8092
 19.0485	131.6583	  9.9773	118.4042	  1.8093
 19.0433	131.4042	  9.9539	119.6875	  1.8091
 19.0562	131.6208	  9.9487	118.5125	  1.8092
 19.0469	131.2167	  9.9629	118.9500	  1.8094
 19.0649	131.1750	  9.9486	119.0125	  1.8095
 19.0504	131.4875	  9.9474	118.9875	  1.8095
 19.0283	131.5417	  9.9620	119.4667	  1.8095
 19.0476	131.2625	  9.9721	118.8167	  1.8097
 19.0477	131.2625	  9.9570	118.8875	  1.8098
 19.0481	130.9250	  9.9589	119.5250	  1.8091
 19.0109	131.5250	  9.9554	119.3083	  1.8098
 19.0320	131.5000	  9.9463	118.8958	  1.8102
 19.0413	132.0500	  9.9662	119.5167	  1.8091
 19.0531	131.1000	  9.9720	119.0917	  1.8093
 19.0380	131.7542	  9.9393	118.8083	  1.8089
 19.0528	131.5708	  9.9534	118.2250	  1.8091
 19.0238	131.1042	  9.9470	118.7125	  1.8090
 19.0120	131.2792	  9.9569	119.2750	  1.8097
 19.0379	131.0375	  9.9542	118.1333	  1.8088
 19.0579	130.7917	  9.9565	118.9750	  1.8093
 19.0588	131.7333	  9.9582	118.5500	  1.8099
 19.0182	132.3375	  9.9650	118.8708	  1.8094
 19.0517	131.3750	  9.9564	118.8833	  1.8092
 19.0404	131.1917	  9.9576	118.6542	  1.8094
 19.0572	132.1875	  9.9519	118.9417	  1.8094
 19.0329	131.0875	  9.9557	118.7583	  1.8096
 19.0296	131.9625	  9.9474	119.2125	  1.8090
 19.0584	131.0208	  9.9564	118.8375	  1.8090
 19.0408	131.3458	  9.9418	118.5708	  1.8096
 19.0414	131.1792	  9.9566	118.8042	  1.8094
 19.0359	131.2500	  9.9479	118.5417	  1.8094
 19.0437	131.0417	  9.9487	119.1000	  1.8093
 19.0337	131.2708	  9.9569	119.4417	  1.8088
 19.0467	131.3958	  9.9359	118.2792	  1.8091
 19.0535	131.9417	  9.9696	118.5875	  1.8090
 19.0371	130.6125	  9.9333	118.7875	  1.8094
 19.0648	131.1458	  9.9516	118.7917	  1.8089
 19.0531	131.3000	  9.9598	118.0500	  1.8094
 19.0331	130.9000	  9.9839	119.1708	  1.8093
 19.0491	131.2375	  9.9601	119.1375	  1.8092
 19.0313	131.6375	  9.9535	118.2458	  1.8094
 19.0358	131.4292	  9.9665	118.5417	  1.8092
 19.0388	131.0250	  9.9628	118.5875	  1.8096
 19.0524	131.1583	  9.9475	118.9542	  1.8096
 19.0670	131.1042	  9.9582	118.8167	  1.8089
 19.0438	131.2875	  9.9593	118.3833	  1.8098
 19.0507	131.3792	  9.9397	119.2375	  1.8093
 19.0529	131.5333	  9.9854	119.6125	  1.8096
 19.0552	131.3625	  9.9817	118.8792	  1.8093
 19.0501	131.0167	  9.9456	118.6167	  1.8095
 19.0474	131.0208	  9.9598	118.8500	  1.8092
 19.0398	131.4625	  9.9548	118.8042	  1.8095
 19.0672	131.9625	  9.9476	118.7833	  1.8091
 19.0525	131.4167	  9.9556	119.0833	  1.8095
 19.0419	131.5958	  9.9662	118.4917	  1.8093
 19.0523	131.9250	  9.9622	118.6208	  1.8090
 19.0419	131.3792	  9.9560	118.7000	  1.8089
 19.0415	131.4333	  9.9461	118.8792	  1.8091
 19.0271	131.1292	  9.9621	118.4250	  1.8096
 19.0503	131.2750	  9.9550	118.9792	  1.8094
 19.0570	131.5042	  9.9642	117.9083	  1.8099
 19.0483	131.3042	  9.9516	118.8292	  1.8097
 19.0452	132.0542	  9.9566	118.4833	  1.8092
 19.0639	131.8458	  9.9538	119.3333	  1.8096
 19.0535	131.3583	  9.9487	118.8250	  1.8095
 19.0574	131.6042	  9.9525	118.6125	  1.8097
 19.0440	131.4375	  9.9514	118.5125	  1.8093
 19.0379	131.5708	  9.9522	118.7458	  1.8094
 19.0390	131.2375	  9.9713	118.3958	  1.8098
 19.0502	131.2042	  9.9654	119.1625	  1.8093
 19.0378	132.1125	  9.9705	118.3250	  1.8094
 19.0533	131.6625	  9.9876	118.3500	  1.8090
 19.0421	131.4375	  9.9508	118.7833	  1.8092
 19.0535	131.0875	  9.9657	119.1000	  1.8090
 19.0392	131.6625	  9.9577	118.8417	  1.8092
 19.0306	131.4542	  9.9513	118.7625	  1.8089
 19.0426	131.6500	  9.9613	119.1917	  1.8098
 19.0390	131.3750	  9.9463	118.7292	  1.8094
 19.0403	131.3208	  9.9449	118.4542	  1.8094
 19.0593	130.8125	  9.9629	118.7125	  1.8092
 19.0416	131.0083	  9.9599	119.0583	  1.8092
 19.0559	131.2250	  9.9615	118.4792	  1.8094
 19.0577	130.9833	  9.9577	119.4417	  1.8092
 19.0464	131.5250	  9.9627	119.1875	  1.8091
 19.0634	131.6458	  9.9492	118.8250	  1.8090
 19.0511	131.2292	  9.9561	119.0500	  1.8095
 19.0464	130.9333	  9.9554	118.4417	  1.8095
 19.0363	131.7500	  9.9626	118.9792	  1.8096
 19.0402	131.6167	  9.9542	119.2625	  1.8096
 19.0574	131.7167	  9.9641	119.0208	  1.8098
 19.0587	131.6000	  9.9520	118.8083	  1.8089
 19.0342	132.2708	  9.9642	118.5083	  1.8094
 19.0547	131.2708	  9.9555	118.4708	  1.8091
 19.0474	131.3000	  9.9609	118.5833	  1.8095
 19.0391	131.0083	  9.9703	118.9833	  1.8097
 19.0318	131.8250	  9.9587	119.3583	  1.8096
 19.0336	131.9000	  9.9596	118.9500	  1.8096
 19.0377	131.1500	  9.9686	119.0708	  1.8090
 19.0363	131.0250	  9.9449	118.7792	  1.8086
 19.0526	131.1292	  9.9687	118.7125	  1.8094
 19.0395	131.4750	  9.9472	119.1458	  1.8102
 19.0341	130.9375	  9.9517	118.9083	  1.8097
 19.0426	131.3375	  9.9520	118.4333	  1.8095
 19.0466	132.0875	  9.9344	119.2625	  1.8093
 19.0460	131.3417	  9.9760	119.2792	  1.8098
 19.0437	131.4792	  9.9601	118.7417	  1.8093
 19.0576	131.1167	  9.9655	119.2750	  1.8096
 19.0438	131.3250	  9.9556	119.1333	  1.8090
 19.0338	131.1958	  9.9618	118.9417	  1.8095
 19.0362	131.3583	  9.9652	118.1917	  1.8096
 19.0568	130.8833	  9.9670	118.8625	  1.8099
 19.0577	131.4917	  9.9462	119.1292	  1.8095
 19.0464	131.2167	  9.9529	119.0042	  1.8091
 19.0428	132.1708	  9.9727	118.8708	  1.8092
 19.0452	131.4208	  9.9367	119.1625	  1.8095
 19.0538	131.2250	  9.9633	118.8083	  1.8093
 19.0481	131.8333	  9.9586	118.2292	  1.8096
 19.0558	131.4875	  9.9473	118.4167	  1.8092
 19.0437	131.2833	  9.9662	118.8750	  1.8087
 19.0566	131.8667	  9.9667	119.3958	  1.8098
 19.0499	131.5958	  9.9688	119.0250	  1.8094
 19.0524	131.4042	  9.9661	119.0417	  1.8089
 19.0596	131.1042	  9.9627	118.4458	  1.8095
 19.0469	131.6083	  9.9493	119.1375	  1.8095
 19.0438	131.0375	  9.9531	118.8958	  1.8091
 19.0569	131.1833	  9.9678	118.3875	  1.8092
 19.0485	131.9125	  9.9514	119.1417	  1.8097
 19.0441	131.6333	  9.9377	118.6417	  1.8093
 19.0345	130.9458	  9.9682	119.1500	  1.8098
 19.0588	131.3583	  9.9431	118.8583	  1.8090
 19.0616	131.2250	  9.9757	118.6375	  1.8092
 19.0564	131.5000	  9.9469	119.2375	  1.8097
 19.0439	131.3375	  9.9599	119.0375	  1.8091
 19.0593	131.5833	  9.9515	118.3250	  1.8089
 19.0573	130.7167	  9.9576	118.8417	  1.8095
 19.0369	131.5625	  9.9458	118.6292	  1.8088
 19.0354	131.2583	  9.9565	118.3792	  1.8089
 19.0376	131.5708	  9.9575	119.7125	  1.8091
 19.0420	131.1333	  9.9633	118.9833	  1.8093
 19.0474	131.3583	  9.9566	119.1417	  1.8092
 19.0425	130.8125	  9.9519	118.5333	  1.8091
 19.0517	131.1958	  9.9639	119.0667	  1.8090
 19.0482	131.8875	  9.9674	118.8542	  1.8091
 19.0435	130.6708	  9.9641	119.3875	  1.8096
 19.0471	131.6292	  9.9437	118.9167	  1.8089
 19.0420	131.8917	  9.9714	118.9625	  1.8093
 19.0372	130.7792	  9.9603	118.9833	  1.8097
 19.0616	131.2250	  9.9437	119.0667	  1.8095
 19.0528	131.6875	  9.9495	118.7250	  1.8090
 19.0419	131.6375	  9.9501	118.6667	  1.8094
 19.0539	131.5958	  9.9742	118.3333	  1.8088
 19.0394	131.0292	  9.9604	118.9667	  1.8091
 19.0361	131.5833	  9.9508	119.0167	  1.8092
 19.0498	131.8208	  9.9491	119.2333	  1.8091
 19.0341	131.6708	  9.9484	118.6292	  1.8086
 19.0597	131.4458	  9.9706	118.8083	  1.8095
 19.0649	131.1542	  9.9539	118.0792	  1.8091
 19.0349	130.9417	  9.9702	118.3583	  1.8088
 19.0510	131.9250	  9.9616	118.6667	  1.8093
 19.0373	131.2792	  9.9707	118.7458	  1.8096
 19.0382	131.0875	  9.9598	118.6250	  1.8092
 19.0419	131.5875	  9.9500	118.5208	  1.8086
 19.0402	131.0000	  9.9599	118.7000	  1.8091
 19.0430	131.5625	  9.9698	118.7583	  1.8093
 19.0520	131.5500	  9.9733	119.1417	  1.8090
 19.0375	131.1583	  9.9625	118.8750	  1.8089
 19.0539	131.0042	  9.9547	118.5958	  1.8098
 19.0480	131.7167	  9.9667	118.6125	  1.8095
 19.0477	131.4958	  9.9560	119.0833	  1.8092
 19.0389	131.6083	  9.9636	119.0083	  1.8089
 19.0456	131.5250	  9.9770	119.1833	  1.8092
 19.0368	131.6083	  9.9409	118.9375	  1.8095
 19.0637	131.7458	  9.9785	118.0583	  1.8086
 19.0471	131.0417	  9.9617	118.4917	  1.8093
 19.0640	130.9583	  9.9710	118.3167	  1.8093
 19.0635	131.6583	  9.9450	118.5292	  1.8091
 19.0398	131.6875	  9.9527	118.6625	  1.8094
 19.0526	131.6667	  9.9546	118.8875	  1.8088
 19.0464	131.8292	  9.9585	118.9792	  1.8090
 19.0512	131.1292	  9.9453	118.5750	  1.8093
 19.0449	130.8500	  9.9401	118.3458	  1.8094
 19.0648	131.3125	  9.9654	119.2125	  1.8094
 19.0473	131.2917	  9.9548	118.6833	  1.8087
 19.0451	131.1042	  9.9719	118.6417	  1.8093
 19.0431	130.8500	  9.9456	119.1833	  1.8092
 19.0349	131.4083	  9.9682	119.3875	  1.8091
 19.0336	130.8042	  9.9456	118.5417	  1.8096
 19.0610	131.7583	  9.9469	119.0958	  1.8093
 19.0518	131.4000	  9.9394	119.1167	  1.8092
 19.0501	131.4250	  9.9573	119.0375	  1.8086
 19.0395	130.9583	  9.9528	119.0250	  1.8092
 19.0620	131.3750	  9.9623	118.8250	  1.8094
 19.0498	132.1167	  9.9516	119.0833	  1.8089
 19.0314	131.8583	  9.9733	119.1833	  1.8090
 19.0403	131.4542	  9.9579	118.6417	  1.8095
 19.0340	131.2458	  9.9562	118.8042	  1.8089
 19.0502	131.4792	  9.9678	118.3500	  1.8091
 19.0461	131.1000	  9.9543	118.4208	  1.8093
 19.0500	131.5708	  9.9589	118.8042	  1.8096
 19.0448	131.1917	  9.9694	118.8583	  1.8088
 19.0659	131.0833	  9.9642	118.9292	  1.8093
 19.0465	131.8875	  9.9538	118.8542	  1.8095
 19.0346	131.1417	  9.9665	119.4042	  1.8101
 19.0439	131.1083	  9.9758	119.3792	  1.8093
 19.0739	131.3458	  9.9608	119.2500	  1.8094
 19.0469	131.7083	  9.9505	118.6875	  1.8088
 19.0598	130.9625	  9.9641	118.8083	  1.8085
 19.0404	131.0542	  9.9583	118.9292	  1.8094
 19.0437	131.5000	  9.9516	118.8000	  1.8092
 19.0306	132.0917	  9.9377	118.7958	  1.8093
 19.0365	131.0875	  9.9589	118.8917	  1.8094
 19.0599	131.5750	  9.9599	119.1125	  1.8086
 19.0430	131.4000	  9.9748	118.8000	  1.8093
 19.0523	131.2833	  9.9518	119.0000	  1.8092
 19.0444	131.4417	  9.9647	119.6292	  1.8093
 19.0458	131.6375	  9.9542	118.7208	  1.8091
 19.0494	132.1833	  9.9634	118.5458	  1.8093
 19.0442	131.9333	  9.9560	118.8292	  1.8082
 19.0470	132.4958	  9.9588	119.4792	  1.8093
 19.0541	131.5542	  9.9536	118.3792	  1.8090
 19.0576	130.9417	  9.9650	118.4375	  1.8090
 19.0428	131.0708	  9.9715	118.6125	  1.8090
 19.0460	130.8042	  9.9611	118.7458	  1.8096
 19.0463	131.0833	  9.9365	118.5292	  1.8096
 19.0594	131.7458	  9.9545	118.8292	  1.8091
 19.0445	131.2167	  9.9732	118.9208	  1.8093
 19.0547	131.9167	  9.9533	119.2667	  1.8095
 19.0592	131.6542	  9.9469	118.2875	  1.8098
 19.0326	131.7000	  9.9441	118.9167	  1.8087
 19.0570	131.1000	  9.9711	118.2625	  1.8089
 19.0674	131.4875	  9.9547	119.0125	  1.8087
 19.0480	131.2333	  9.9663	118.8792	  1.8093
 19.0327	131.6125	  9.9713	118.8500	  1.8094
 19.0542	132.0875	  9.9701	118.9208	  1.8095
 19.0490	131.9167	  9.9704	119.3125	  1.8086
 19.0345	131.4708	  9.9520	119.3375	  1.8100
 19.0369	131.5000	  9.9608	118.7542	  1.8091
 19.0299	131.2083	  9.9872	118.4417	  1.8088
 19.0440	131.1042	  9.9618	118.3250	  1.8089
 19.0544	131.7625	  9.9648	119.0125	  1.8097
 19.0419	131.3208	  9.9588	118.3500	  1.8093
 19.0435	131.4542	  9.9377	118.4583	  1.8094
 19.0465	131.4042	  9.9654	118.7625	  1.8096
 19.0577	131.1833	  9.9584	118.6583	  1.8095
 19.0482	131.3458	  9.9689	118.7667	  1.8091
 19.0429	131.3500	  9.9698	118.1875	  1.8100
 19.0508	131.3958	  9.9543	118.9958	  1.8096
 19.0523	131.8792	  9.9544	118.6750	  1.8087
 19.0366	131.7250	  9.9403	118.8542	  1.8089
 19.0429	131.6167	  9.9468	118.5542	  1.8092
 19.0467	130.9292	  9.9569	119.0292	  1.8087
 19.0445	131.4667	  9.9454	118.3625	  1.8089
 19.0396	131.0917	  9.9509	119.0958	  1.8089
 19.0542	131.5250	  9.9315	119.2083	  1.8094
 19.0432	131.0375	  9.9521	118.6292	  1.8092
 19.0484	130.8875	  9.9575	118.6917	  1.8089
 19.0680	131.2250	  9.9644	119.0083	  1.8085
 19.0307	131.3875	  9.9675	119.3000	  1.8096
 19.0572	131.1958	  9.9742	118.7917	  1.8091
 19.0510	131.0042	  9.9695	118.9167	  1.8091
 19.0490	131.1208	  9.9678	119.4625	  1.8096
 19.0524	131.6125	  9.9553	118.6917	  1.8088
 19.0433	131.4708	  9.9517	118.7208	  1.8093
 19.0423	131.9167	  9.9458	119.0542	  1.8095
 19.0471	131.3875	  9.9538	119.6708	  1.8094
 19.0604	130.9625	  9.9627	118.2208	  1.8088
 19.0642	131.1000	  9.9445	118.7417	  1.8090
 19.0455	131.3375	  9.9487	118.7417	  1.8090
 19.0542	131.0667	  9.9664	119.3500	  1.8089
 19.0252	131.9167	  9.9606	118.5292	  1.8093
 19.0311	131.1000	  9.9507	119.2125	  1.8095
 19.0398	130.9208	  9.9657	118.6792	  1.8090
 19.0556	131.0708	  9.9586	119.2042	  1.8091
 19.0181	131.2958	  9.9557	118.9125	  1.8099
 19.0536	130.9917	  9.9439	119.2292	  1.8096
 19.0658	131.2625	  9.9688	118.8375	  1.8085
 19.0444	131.9875	  9.9608	118.7500	  1.8094
 19.0513	131.7292	  9.9736	118.2458	  1.8092
 19.0561	131.8333	  9.9448	118.7792	  1.8089
 19.0453	131.2542	  9.9551	118.9083	  1.8094
 19.0527	131.4625	  9.9447	118.7875	  1.8091
 19.0333	131.5958	  9.9559	118.5958	  1.8088
 19.0468	131.3417	  9.9446	118.5958	  1.8086
 19.0515	131.6875	  9.9550	118.2000	  1.8085
 19.0523	130.6708	  9.9552	118.4875	  1.8088
 19.0620	131.4667	  9.9413	118.8667	  1.8093
 19.0597	131.0000	  9.9527	118.6583	  1.8091
 19.0527	131.6792	  9.9667	118.9375	  1.8090
 19.0297	131.5917	  9.9579	118.7708	  1.8094
 19.0544	131.5042	  9.9560	118.4708	  1.8090
 19.0495	131.4000	  9.9747	118.6125	  1.8092
 19.0488	131.7167	  9.9628	118.9750	  1.8093
 19.0578	131.5250	  9.9560	118.2583	  1.8089
 19.0514	131.5708	  9.9458	119.7875	  1.8096
 19.0236	131.2583	  9.9435	118.3792	  1.8090
 19.0449	130.7500	  9.9492	118.7042	  1.8086
 19.0377	131.2125	  9.9539	119.3083	  1.8090
 19.0497	131.6292	  9.9440	118.4750	  1.8092
 19.0285	131.3417	  9.9513	119.1125	  1.8086
 19.0562	131.3083	  9.9556	118.8000	  1.8090
 19.0359	131.3792	  9.9698	118.4875	  1.8089
 19.0342	131.3833	  9.9619	118.9417	  1.8093
 19.0383	131.3083	  9.9561	118.5875	  1.8098
 19.0517	131.2042	  9.9686	118.8250	  1.8087
 19.0328	131.0292	  9.9460	118.4667	  1.8093
 19.0534	130.7625	  9.9374	118.7750	  1.8092
 19.0439	131.2042	  9.9620	119.0458	  1.8094
 19.0501	131.6750	  9.9706	118.8417	  1.8097
 19.0664	131.5708	  9.9635	119.3042	  1.8095
 19.0460	131.3750	  9.9677	118.8417	  1.8089
 19.0481	131.0417	  9.9542	119.3167	  1.8088
 19.0363	131.1958	  9.9488	119.2333	  1.8094
 19.0450	131.4500	  9.9536	119.4667	  1.8088
 19.0499	131.7625	  9.9612	119.5083	  1.8093
 19.0439	130.8833	  9.9546	118.8250	  1.8090
 19.0628	131.4333	  9.9502	118.9792	  1.8095
 19.0276	131.2000	  9.9708	119.2625	  1.8090
 19.0331	130.9958	  9.9592	118.8083	  1.8087
 19.0275	131.7458	  9.9571	118.9375	  1.8095
 19.0503	131.1917	  9.9492	118.9000	  1.8093
 19.0306	131.8208	  9.9513	118.2333	  1.8093
 19.0607	132.2583	  9.9438	118.6917	  1.8091
 19.0389	131.0417	  9.9606	118.9250	  1.8090
 19.0440	131.8958	  9.9552	118.8917	  1.8097
 19.0612	131.5042	  9.9575	118.1917	  1.8086
 19.0364	130.9792	  9.9467	118.6167	  1.8089
 19.0481	131.4542	  9.9515	118.5167	  1.8092
 19.0505	131.5375	  9.9584	118.3292	  1.8090
 19.0358	131.4708	  9.9803	118.9792	  1.8093
 19.0504	131.1750	  9.9671	119.1875	  1.8091
 19.0463	131.7833	  9.9712	119.2458	  1.8094
 19.0585	131.9667	  9.9592	118.8250	  1.8087
 19.0433	131.6375	  9.9365	118.7500	  1.8089
 19.0531	130.9917	  9.9448	118.6292	  1.8092
 19.0549	131.1125	  9.9676	119.1333	  1.8091
 19.0498	131.4583	  9.9660	118.6875	  1.8092
 19.0549	131.5083	  9.9389	118.7583	  1.8086
 19.0499	131.0875	  9.9763	119.1250	  1.8097
 19.0542	131.4833	  9.9587	118.8833	  1.8088
 19.0477	131.6917	  9.9616	118.9917	  1.8095
 19.0479	131.7583	  9.9584	119.2833	  1.8090
 19.0414	131.2042	  9.9726	118.9792	  1.8088
 19.0496	130.9625	  9.9414	118.8500	  1.8088
 19.0329	132.1917	  9.9736	118.9417	  1.8092
 19.0494	132.3375	  9.9706	118.4167	  1.8088
 19.0458	131.4208	  9.9616	118.6250	  1.8094
 19.0248	131.0375	  9.9628	118.8458	  1.8087
 19.0503	131.3500	  9.9549	118.3917	  1.8098
 19.0578	131.2833	  9.9482	118.8750	  1.8093
 19.0396	131.6583	  9.9485	118.7208	  1.8093
 19.0553	131.3333	  9.9648	119.1542	  1.8096
 19.0551	130.9625	  9.9473	118.1417	  1.8084
 19.0474	131.1792	  9.9590	118.9583	  1.8087
 19.0524	131.5125	  9.9724	118.8417	  1.8096
 19.0438	131.4042	  9.9483	119.1500	  1.8095
 19.0627	131.1208	  9.9532	118.9875	  1.8093
 19.0441	131.9292	  9.9626	118.2750	  1.8090
 19.0620	131.2333	  9.9673	119.0375	  1.8090
 19.0420	131.6417	  9.9712	119.3458	  1.8092
 19.0484	131.5000	  9.9629	118.6792	  1.8091
 19.0520	131.2500	  9.9559	118.5167	  1.8088
 19.0380	131.1417	  9.9738	119.3583	  1.8091
 19.0635	131.6583	  9.9661	118.6792	  1.8092
 19.0686	131.0125	  9.9542	119.0500	  1.8089
 19.0439	131.9417	  9.9691	118.8292	  1.8095
 19.0322	131.5000	  9.9666	119.0833	  1.8087
 19.0442	131.7667	  9.9630	118.7083	  1.8091
 19.0742	131.3208	  9.9702	118.5708	  1.8094
 19.0280	131.3250	  9.9593	118.4750	  1.8093
 19.0590	131.2250	  9.9753	118.9667	  1.8093
 19.0414	131.5542	  9.9752	118.7792	  1.8093
 19.0659	131.8083	  9.9553	118.7792	  1.8091
 19.0438	132.1500	  9.9531	119.1750	  1.8086
 19.0379	131.8500	  9.9592	118.8167	  1.8087
 19.0561	131.5042	  9.9575	118.2917	  1.8094
 19.0539	131.5458	  9.9601	118.8667	  1.8094
 19.0548	131.9750	  9.9687	118.9375	  1.8092
 19.0623	130.9167	  9.9532	119.1250	  1.8086
 19.0415	130.9167	  9.9606	118.6125	  1.8094
 19.0356	131.6042	  9.9543	119.0625	  1.8094
 19.0380	131.2333	  9.9643	118.9708	  1.8087
 19.0344	131.8833	  9.9733	118.4333	  1.8091
 19.0309	131.4167	  9.9555	118.8875	  1.8094
 19.0385	131.3917	  9.9632	119.1917	  1.8093
 19.0348	131.5875	  9.9579	118.8333	  1.8089
 19.0445	131.7375	  9.9593	119.6583	  1.8088
 19.0632	131.0417	  9.9590	118.9500	  1.8090
 19.0548	131.2917	  9.9449	119.1417	  1.8086
 19.0548	131.6542	  9.9488	118.3500	  1.8091
 19.0497	131.2833	  9.9725	119.1542	  1.8094
 19.0529	131.1083	  9.9506	118.9042	  1.8092
 19.0511	131.5083	  9.9497	118.5458	  1.8091
 19.0494	131.5083	  9.9409	118.5583	  1.8083
 19.0387	131.3958	  9.9563	118.5917	  1.8094
 19.0418	131.4083	  9.9630	119.0542	  1.8089
 19.0457	131.7208	  9.9565	118.2458	  1.8090
 19.0529	131.5417	  9.9676	118.2833	  1.8088
 19.0538	131.0042	  9.9713	118.4708	  1.8086
 19.0446	131.9333	  9.9486	119.1750	  1.8094
 19.0430	131.8125	  9.9658	118.8375	  1.8093
 19.0559	132.2042	  9.9723	118.4042	  1.8096
 19.0482	130.8125	  9.9603	118.7333	  1.8086
 19.0535	132.0083	  9.9535	119.2417	  1.8094
 19.0652	131.4500	  9.9571	118.6958	  1.8084
 19.0358	131.4000	  9.9543	119.0917	  1.8097
 19.0485	130.8458	  9.9595	118.8583	  1.8092
 19.0352	131.8000	  9.9719	119.3083	  1.8094
 19.0372	131.4583	  9.9631	118.2167	  1.8092
 19.0687	130.9250	  9.9556	118.8750	  1.8089
 19.0617	131.9625	  9.9540	118.7667	  1.8091
 19.0608	131.8250	  9.9426	118.6875	  1.8092
 19.0519	131.3042	  9.9643	119.1875	  1.8085
 19.0454	130.9500	  9.9642	118.9375	  1.8092
 19.0370	131.4125	  9.9641	118.7667	  1.8093
 19.0271	131.4042	  9.9850	118.5333	  1.8090
 19.0234	130.9542	  9.9667	118.8250	  1.8092
 19.0536	131.9625	  9.9713	118.6458	  1.8090
 19.0525	130.7458	  9.9646	118.1792	  1.8092
 19.0399	131.0083	  9.9648	118.5042	  1.8095
 19.0424	131.5042	  9.9575	118.7375	  1.8095
 19.0455	131.4375	  9.9593	118.9458	  1.8085
 19.0445	131.3542	  9.9769	118.9042	  1.8087
 19.0640	131.6583	  9.9381	118.5333	  1.8091
 19.0398	131.2625	  9.9594	119.6417	  1.8088
 19.0554	131.6958	  9.9532	118.4917	  1.8087
 19.0477	131.0417	  9.9286	119.1875	  1.8085
 19.0460	130.9375	  9.9680	119.0333	  1.8089
 19.0438	131.2042	  9.9605	118.7333	  1.8089
 19.0454	131.4292	  9.9724	118.9750	  1.8092
 19.0570	131.6458	  9.9693	118.2667	  1.8087
 19.0546	131.6292	  9.9582	118.8667	  1.8093
 19.0449	131.7292	  9.9496	118.8458	  1.8090
 19.0542	131.7167	  9.9549	118.5833	  1.8088
 19.0488	131.5417	  9.9773	119.1042	  1.8085
 19.0730	131.4417	  9.9734	119.2792	  1.8092
 19.0694	131.5500	  9.9467	118.9042	  1.8090
 19.0456	131.3833	  9.9358	119.2167	  1.8092
 19.0361	130.6417	  9.9506	118.7458	  1.8093
 19.0535	131.1542	  9.9500	118.3583	  1.8094
 19.0638	131.4958	  9.9509	118.3083	  1.8092
 19.0514	131.8625	  9.9582	119.6542	  1.8090
 19.0619	131.4542	  9.9641	118.9333	  1.8089
 19.0306	131.7000	  9.9659	118.9042	  1.8091
 19.0635	131.2542	  9.9642	118.9000	  1.8091
 19.0616	131.4542	  9.9580	118.5583	  1.8094
 19.0290	131.7500	  9.9483	118.9792	  1.8094
 19.0464	131.6667	  9.9601	119.0542	  1.8094
 19.0491	131.9167	  9.9646	118.5250	  1.8091
 19.0495	130.9083	  9.9599	119.2167	  1.8097
 19.0520	131.3167	  9.9581	119.1708	  1.8093
 19.0429	131.7542	  9.9423	118.7292	  1.8086
 19.0320	131.8333	  9.9428	118.5667	  1.8089
 19.0415	131.1292	  9.9372	119.7625	  1.8090
 19.0413	131.1542	  9.9420	119.1292	  1.8093
 19.0446	131.6208	  9.9563	118.5917	  1.8098
 19.0526	131.7417	  9.9618	119.1000	  1.8088
 19.0291	131.2792	  9.9509	119.0750	  1.8088
 19.0622	131.5250	  9.9598	119.1583	  1.8088
 19.0528	131.8792	  9.9665	118.8667	  1.8091
 19.0677	131.2208	  9.9694	119.0792	  1.8090
 19.0430	131.3208	  9.9566	118.4500	  1.8087
 19.0355	131.4958	  9.9535	118.6708	  1.8092
 19.0643	131.6042	  9.9335	118.8958	  1.8099
 19.0455	131.7000	  9.9523	118.9042	  1.8097
 19.0667	130.9125	  9.9682	119.1792	  1.8089
 19.0459	131.6833	  9.9440	118.9833	  1.8090
 19.0463	131.2375	  9.9673	118.7792	  1.8093
 19.0586	131.9417	  9.9650	119.3958	  1.8095
 19.0507	131.5375	  9.9696	118.6375	  1.8097
 19.0481	131.4792	  9.9669	119.3250	  1.8093
 19.0459	131.0083	  9.9537	118.9042	  1.8089
 19.0534	131.6375	  9.9490	119.1292	  1.8091
 19.0443	131.5583	  9.9620	119.0833	  1.8099
 19.0532	131.1250	  9.9324	118.5458	  1.8093
 19.0496	131.7000	  9.9500	119.0125	  1.8087
 19.0614	131.9375	  9.9626	118.5000	  1.8089
 19.0468	131.1833	  9.9544	118.2708	  1.8086
 19.0676	131.3333	  9.9592	119.0375	  1.8087
 19.0488	130.3750	  9.9678	118.9958	  1.8089
 19.0446	131.5792	  9.9316	119.0333	  1.8089
 19.0548	131.2750	  9.9309	118.8083	  1.8092
 19.0560	131.9417	  9.9650	118.8417	  1.8092
 19.0437	131.6750	  9.9520	119.1083	  1.8092
 19.0478	131.8583	  9.9642	118.7417	  1.8094
 19.0629	131.5417	  9.9507	119.1375	  1.8089
 19.0488	130.6875	  9.9547	119.1917	  1.8091
 19.0418	131.5458	  9.9534	118.6000	  1.8090
 19.0565	131.9792	  9.9595	119.3667	  1.8097
 19.0306	131.3958	  9.9702	118.8083	  1.8087
 19.0605	131.9083	  9.9490	118.7750	  1.8089
 19.0485	131.5875	  9.9692	118.9458	  1.8092
 19.0513	131.3917	  9.9600	119.0583	  1.8093
 19.0563	130.5500	  9.9625	118.7458	  1.8093
 19.0530	131.5708	  9.9523	118.7583	  1.8093
 19.0678	131.6417	  9.9601	118.8375	  1.8092
 19.0422	131.2208	  9.9616	118.6375	  1.8089
 19.0415	131.4958	  9.9510	118.7250	  1.8087
 19.0459	131.8583	  9.9473	119.2708	  1.8091
 19.0356	131.2375	  9.9566	119.0375	  1.8096
 19.0512	131.6250	  9.9566	119.0958	  1.8091
 19.0532	131.6042	  9.9504	118.5500	  1.8088
 19.0503	131.2875	  9.9395	118.2167	  1.8089
 19.0409	131.6250	  9.9649	119.0083	  1.8088
 19.0661	131.4500	  9.9508	119.1792	  1.8090
 19.0547	131.9083	  9.9469	118.9833	  1.8087
 19.0517	131.6333	  9.9508	118.7875	  1.8093
 19.0547	131.0500	  9.9751	119.0958	  1.8098
 19.0613	131.1167	  9.9573	118.6042	  1.8086
 19.0494	131.5875	  9.9652	119.4000	  1.8090
 19.0652	132.0792	  9.9557	119.3250	  1.8094
 19.0623	131.2542	  9.9612	119.2625	  1.8087
 19.0359	131.7458	  9.9622	118.9667	  1.8097
 19.0403	131.6292	  9.9684	118.8833	  1.8095
 19.0447	131.5292	  9.9872	118.7208	  1.8092
 19.0432	131.3000	  9.9509	118.6958	  1.8084
 19.0627	131.4083	  9.9614	118.9542	  1.8094
 19.0342	131.4333	  9.9505	118.1500	  1.8094
 19.0614	131.4167	  9.9585	119.1750	  1.8096
 19.0322	131.3000	  9.9659	118.5958	  1.8096
 19.0451	131.6625	  9.9590	119.0042	  1.8092
 19.0315	131.2000	  9.9558	118.1083	  1.8089
 19.0690	131.2417	  9.9459	118.8667	  1.8093
 19.0428	131.2125	  9.9609	118.7958	  1.8089
 19.0457	131.6042	  9.9410	118.4750	  1.8090
 19.0516	131.0333	  9.9725	118.8250	  1.8092
 19.0453	131.0250	  9.9591	119.3208	  1.8090
 19.0561	132.0042	  9.9402	119.2875	  1.8094
 19.0485	131.6417	  9.9400	118.9875	  1.8091
 19.0391	131.9542	  9.9620	119.2167	  1.8089
 19.0466	131.3500	  9.9486	119.3667	  1.8088
 19.0468	131.3083	  9.9361	118.9250	  1.8091
 19.0589	131.4375	  9.9495	119.3292	  1.8086
 19.0467	131.2708	  9.9496	118.5208	  1.8091
 19.0544	130.6958	  9.9683	118.8792	  1.8094
 19.0390	130.7125	  9.9531	118.6792	  1.8093
 19.0605	131.5083	  9.9460	118.8500	  1.8095
 19.0355	131.0042	  9.9701	118.9500	  1.8096
 19.0477	130.8750	  9.9520	119.3833	  1.8090
 19.0611	131.2958	  9.9582	118.8458	  1.8092
 19.0357	131.8208	  9.9485	118.9583	  1.8090
 19.0539	131.2375	  9.9718	118.6500	  1.8089
 19.0514	131.3750	  9.9450	119.0583	  1.8094
 19.0469	132.1500	  9.9391	118.5000	  1.8091
 19.0382	131.1000	  9.9647	118.8542	  1.8093
 19.0524	131.2125	  9.9722	118.1583	  1.8094
 19.0549	131.6917	  9.9708	118.5708	  1.8091
 19.0385	131.7458	  9.9587	118.9667	  1.8090
 19.0448	131.1875	  9.9507	119.1167	  1.8092
 19.0349	131.6792	  9.9534	118.7375	  1.8092
 19.0463	131.8208	  9.9489	118.8625	  1.8092
 19.0555	131.5208	  9.9685	119.1500	  1.8094
 19.0657	131.4500	  9.9665	119.1208	  1.8095
 19.0659	132.0083	  9.9671	118.7958	  1.8086
 19.0522	132.0667	  9.9531	119.4458	  1.8086
 19.0547	131.8958	  9.9509	119.0167	  1.8090
 19.0460	130.8417	  9.9504	118.8417	  1.8089
 19.0474	131.1167	  9.9565	118.6167	  1.8095
 19.0593	131.0917	  9.9659	118.6375	  1.8096
 19.0495	131.5458	  9.9613	119.1000	  1.8093
 19.0520	131.9750	  9.9601	119.1125	  1.8094
 19.0481	131.9125	  9.9621	118.5417	  1.8093
 19.0469	131.3083	  9.9592	118.1500	  1.8087
 19.0412	131.7083	  9.9511	119.2083	  1.8091
 19.0391	131.5250	  9.9487	118.8292	  1.8091
 19.0476	131.3083	  9.9514	119.6625	  1.8087
 19.0384	131.4917	  9.9526	118.6208	  1.8096
 19.0400	131.5083	  9.9497	118.8708	  1.8094
 19.0574	130.6958	  9.9530	118.7000	  1.8089
 19.0357	131.4750	  9.9454	118.5208	  1.8092
 19.0524	130.7750	  9.9421	119.0042	  1.8088
 19.0588	131.4458	  9.9619	119.2083	  1.8094
 19.0364	130.9250	  9.9641	119.0583	  1.8088
 19.0518	131.8208	  9.9531	119.1458	  1.8091
 19.0685	131.4833	  9.9579	118.4000	  1.8093
 19.0508	131.9417	  9.9397	118.6917	  1.8086
 19.0563	131.3500	  9.9715	118.8292	  1.8095
 19.0438	131.4542	  9.9571	118.7333	  1.8090
 19.0355	131.2083	  9.9788	118.4083	  1.8087
 19.0396	131.4500	  9.9700	118.5083	  1.8092
 19.0450	131.6833	  9.9623	118.8625	  1.8090
 19.0758	131.5417	  9.9658	119.1292	  1.8089
 19.0457	131.6917	  9.9568	118.6167	  1.8090
 19.0598	131.5542	  9.9584	118.9333	  1.8089
 19.0542	131.7208	  9.9569	118.9500	  1.8091
 19.0511	131.1000	  9.9664	118.1917	  1.8085
 19.0389	131.4750	  9.9547	118.7875	  1.8087
 19.0303	131.1833	  9.9581	118.1792	  1.8094
 19.0476	131.3333	  9.9492	118.8583	  1.8094
 19.0557	131.5792	  9.9580	118.9833	  1.8091
 19.0497	130.9042	  9.9397	118.7250	  1.8097
 19.0268	131.3125	  9.9677	119.0333	  1.8086
 19.0324	131.4417	  9.9737	119.2708	  1.8091
 19.0359	131.1500	  9.9636	119.1917	  1.8094
 19.0564	130.9625	  9.9727	119.0208	  1.8090
 19.0420	131.5625	  9.9682	119.0083	  1.8095
 19.0469	131.5500	  9.9601	118.9083	  1.8094
 19.0576	130.9500	  9.9741	118.8958	  1.8088
 19.0460	131.1625	  9.9697	118.3917	  1.8095
 19.0362	131.5792	  9.9521	119.1042	  1.8089
 19.0465	131.2500	  9.9589	118.7625	  1.8088
 19.0570	131.5333	  9.9620	119.1250	  1.8094
 19.0391	131.5083	  9.9458	118.4250	  1.8090
 19.0417	131.7167	  9.9536	119.0458	  1.8086
 19.0482	132.1750	  9.9379	118.8333	  1.8089
 19.0586	131.5292	  9.9632	118.9083	  1.8084
 19.0386	131.5917	  9.9656	118.5375	  1.8092
 19.0384	131.6292	  9.9764	118.9667	  1.8091
 19.0279	131.5375	  9.9624	118.5083	  1.8093
 19.0575	131.4750	  9.9528	118.8958	  1.8094
 19.0534	131.7667	  9.9590	118.9292	  1.8097
 19.0520	131.5458	  9.9541	119.3750	  1.8086
 19.0431	131.1458	  9.9408	117.9750	  1.8093
 19.0435	131.4792	  9.9449	119.1875	  1.8086
 19.0354	131.7750	  9.9610	118.4708	  1.8088
 19.0421	131.0625	  9.9748	118.9417	  1.8087
 19.0571	131.6833	  9.9493	118.6833	  1.8090
 19.0504	131.1750	  9.9486	119.1458	  1.8086
 19.0382	130.9583	  9.9640	119.5292	  1.8085
 19.0402	131.5833	  9.9533	118.6875	  1.8093
 19.0238	131.6083	  9.9795	118.4458	  1.8091
 19.0332	131.4583	  9.9321	119.2167	  1.8093
 19.0506	131.0458	  9.9612	118.9917	  1.8088
 19.0602	131.1042	  9.9578	119.0917	  1.8088
 19.0613	131.5500	  9.9613	118.5083	  1.8089
 19.0601	131.2625	  9.9650	118.7417	  1.8090
 19.0664	131.5583	  9.9572	118.5500	  1.8088
 19.0547	131.5333	  9.9566	118.7375	  1.8088
 19.0535	131.6792	  9.9563	118.6458	  1.8095
 19.0292	130.9750	  9.9690	118.5875	  1.8086
 19.0545	131.8542	  9.9595	119.2208	  1.8093
 19.0303	131.6750	  9.9658	118.7167	  1.8094
 19.0571	131.7042	  9.9567	119.0958	  1.8087
 19.0436	131.5208	  9.9607	118.8375	  1.8093
 19.0608	131.2333	  9.9476	119.1750	  1.8088
 19.0549	131.3208	  9.9545	118.8875	  1.8088
 19.0552	131.2792	  9.9570	119.1167	  1.8095
 19.0408	131.4750	  9.9688	118.9000	  1.8096
 19.0409	131.3167	  9.9671	118.9875	  1.8092
 19.0492	131.1833	  9.9549	118.6708	  1.8094
 19.0599	131.6500	  9.9670	118.7667	  1.8095
 19.0602	131.6000	  9.9532	118.6083	  1.8095
 19.0532	131.0833	  9.9477	118.3125	  1.8089
 19.0485	131.3083	  9.9653	118.7750	  1.8088
 19.0402	131.0208	  9.9536	118.2583	  1.8089
 19.0377	131.0125	  9.9710	119.3875	  1.8087
 19.0434	131.3917	  9.9476	119.2417	  1.8095
 19.0387	131.3542	  9.9626	119.4167	  1.8095
 19.0725	131.0250	  9.9434	119.0667	  1.8085
 19.0711	131.3542	  9.9512	119.1500	  1.8091
 19.0506	131.2708	  9.9550	118.7292	  1.8093
 19.0312	131.4083	  9.9569	118.5917	  1.8090
 19.0581	131.5042	  9.9611	119.0500	  1.8092
 19.0474	131.8042	  9.9632	118.1958	  1.8086
 19.0528	131.5625	  9.9543	119.0917	  1.8085
 19.0573	131.8917	  9.9699	119.3833	  1.8092
 19.0631	130.9417	  9.9563	118.9250	  1.8093
 19.0550	131.2125	  9.9631	118.4917	  1.8090
 19.0223	131.1125	  9.9711	118.3625	  1.8090
 19.0447	130.7292	  9.9869	119.3500	  1.8090
 19.0582	131.5542	  9.9526	118.5625	  1.8090
 19.0377	131.5292	  9.9481	118.7958	  1.8096
 19.0443	130.8875	  9.9468	118.6500	  1.8092
 19.0404	130.2750	  9.9743	118.7333	  1.8089
 19.0314	131.7500	  9.9729	118.8958	  1.8089
 19.0422	131.1167	  9.9667	118.5458	  1.8088
 19.0579	131.5250	  9.9648	118.4792	  1.8088
 19.0506	131.1417	  9.9535	118.7583	  1.8095
 19.0493	131.1667	  9.9467	118.9875	  1.8089
 19.0408	131.4417	  9.9625	118.4625	  1.8093
 19.0513	131.3417	  9.9344	119.4083	  1.8091
 19.0519	131.5792	  9.9612	118.6333	  1.8093
 19.0395	131.8292	  9.9621	119.1542	  1.8088
 19.0415	131.6333	  9.9450	118.7375	  1.8089
 19.0615	131.4333	  9.9407	118.8833	  1.8090
 19.0534	131.7333	  9.9582	119.3167	  1.8095
 19.0547	131.5542	  9.9643	118.5125	  1.8089
 19.0364	131.6250	  9.9653	119.1375	  1.8091
 19.0565	131.2792	  9.9501	119.1250	  1.8088
 19.0517	131.9667	  9.9693	119.0083	  1.8090
 19.0553	131.5167	  9.9538	119.0875	  1.8090
 19.0666	131.9000	  9.9569	118.6500	  1.8086
 19.0397	131.3708	  9.9579	118.7042	  1.8087
 19.0537	131.0458	  9.9504	119.0333	  1.8088
 19.0313	132.0667	  9.9280	119.0083	  1.8091
 19.0771	131.8375	  9.9449	118.7500	  1.8089
 19.0323	130.9833	  9.9722	118.5625	  1.8089
 19.0436	131.6250	  9.9616	118.7625	  1.8094
 19.0533	131.4417	  9.9608	118.5750	  1.8085
 19.0481	131.1375	  9.9870	118.3583	  1.8093
 19.0455	131.5875	  9.9647	119.1708	  1.8092
 19.0541	131.8958	  9.9570	119.3125	  1.8089
 19.0447	131.1125	  9.9745	118.2875	  1.8090
 19.0632	131.2500	  9.9614	119.9000	  1.8092
 19.0617	131.0208	  9.9458	118.7958	  1.8087
 19.0415	132.1667	  9.9551	118.7167	  1.8089
 19.0620	131.1542	  9.9802	118.9708	  1.8088
 19.0450	131.1958	  9.9515	118.9333	  1.8090
 19.0680	131.3833	  9.9646	118.3917	  1.8095
 19.0577	131.3083	  9.9592	119.0125	  1.8090
 19.0540	131.7792	  9.9530	118.9250	  1.8085
 19.0404	132.0000	  9.9566	119.2208	  1.8089
 19.0512	131.4208	  9.9622	118.7958	  1.8094
 19.0404	131.0125	  9.9488	118.8875	  1.8093
 19.0682	131.5125	  9.9441	118.8042	  1.8091
 19.0642	131.0792	  9.9725	118.5167	  1.8085
 19.0558	131.7542	  9.9674	119.1750	  1.8090
 19.0492	131.2250	  9.9686	119.1917	  1.8087
 19.0245	131.0792	  9.9669	118.8917	  1.8087
 19.0554	130.8792	  9.9793	118.6750	  1.8091
 19.0533	131.9250	  9.9505	119.2250	  1.8092
 19.0653	131.3708	  9.9634	119.0000	  1.8086
 19.0666	130.9083	  9.9509	118.6458	  1.8092
 19.0562	131.2208	  9.9562	119.3125	  1.8092
 19.0494	131.2583	  9.9492	118.9000	  1.8089
 19.0704	131.6833	  9.9615	119.0125	  1.8095
 19.0487	131.0500	  9.9628	118.4375	  1.8089
 19.0497	131.1833	  9.9431	118.4125	  1.8091
 19.0367	131.1292	  9.9636	118.9583	  1.8085
 19.0496	131.2792	  9.9601	118.1708	  1.8090
 19.0541	131.6583	  9.9419	118.3792	  1.8089
 19.0559	131.4875	  9.9616	118.9667	  1.8090
 19.0445	131.8792	  9.9504	119.2458	  1.8086
 19.0612	131.3625	  9.9714	118.5583	  1.8092
 19.0537	131.1625	  9.9622	118.3750	  1.8083
 19.0468	131.2792	  9.9612	118.8708	  1.8090
 19.0437	131.8083	  9.9830	119.2542	  1.8096
 19.0511	131.1458	  9.9588	119.2292	  1.8087
 19.0577	131.1708	  9.9566	118.5083	  1.8088
 19.0602	131.4625	  9.9545	118.5375	  1.8089
 19.0542	131.4625	  9.9549	119.5583	  1.8091
 19.0583	131.5708	  9.9684	118.6458	  1.8088
 19.0371	131.6083	  9.9688	118.7708	  1.8092
 19.0519	131.2250	  9.9449	119.3417	  1.8091
 19.0602	131.3208	  9.9458	118.5167	  1.8091
 19.0507	130.9500	  9.9519	118.8083	  1.8086
 19.0452	131.4500	  9.9563	119.2708	  1.8092
 19.0714	131.7167	  9.9676	118.7750	  1.8084
 19.0691	131.2542	  9.9586	118.1000	  1.8084
 19.0534	131.2625	  9.9729	119.0458	  1.8091
 19.0506	131.7625	  9.9645	119.0667	  1.8094
 19.0520	131.1792	  9.9586	118.6125	  1.8091
 19.0479	131.4625	  9.9462	118.8000	  1.8088
 19.0537	131.8542	  9.9599	118.7708	  1.8092
 19.0545	131.3042	  9.9675	118.9458	  1.8086
 19.0448	131.1125	  9.9451	118.8333	  1.8092
 19.0448	131.2500	  9.9475	118.5458	  1.8092
 19.0461	131.0792	  9.9725	118.7542	  1.8084
 19.0426	131.6167	  9.9527	119.3958	  1.8091
 19.0381	131.7583	  9.9566	118.7208	  1.8093
 19.0546	131.3667	  9.9542	118.8083	  1.8090
 19.0470	130.7625	  9.9519	118.9583	  1.8090
 19.0637	131.7625	  9.9421	119.0042	  1.8091
 19.0534	131.4625	  9.9620	119.0042	  1.8089
 19.0486	131.5250	  9.9675	119.0292	  1.8085
 19.0519	131.2750	  9.9572	118.7208	  1.8087
 19.0475	131.0375	  9.9729	119.0542	  1.8087
 19.0570	131.5833	  9.9448	118.9125	  1.8085
 19.0247	130.9167	  9.9583	119.0792	  1.8086
 19.0480	130.9708	  9.9468	118.8625	  1.8090
 19.0361	131.4500	  9.9514	119.1167	  1.8094
 19.0565	131.8583	  9.9607	118.7042	  1.8088
 19.0418	131.1958	  9.9538	118.6625	  1.8085
 19.0591	132.3833	  9.9778	118.9750	  1.8082
 19.0467	130.7042	  9.9553	118.3833	  1.8091
 19.0522	131.6500	  9.9691	118.8500	  1.8086
 19.0345	131.1708	  9.9602	118.6458	  1.8092
 19.0580	131.7000	  9.9623	118.6917	  1.8088
 19.0610	131.3583	  9.9618	118.8042	  1.8089
 19.0431	131.3708	  9.9487	118.6000	  1.8096
 19.0530	131.2167	  9.9650	118.2917	  1.8087
 19.0453	131.0417	  9.9602	118.6583	  1.8093
 19.0495	130.8583	  9.9525	119.3250	  1.8089
 19.0363	131.7625	  9.9474	118.8375	  1.8091
 19.0478	131.0542	  9.9672	118.8875	  1.8093
 19.0358	131.4833	  9.9572	119.0833	  1.8092
 19.0327	131.0875	  9.9775	118.8833	  1.8087
 19.0534	131.4167	  9.9547	118.6667	  1.8089
 19.0378	132.1458	  9.9626	118.6708	  1.8091
 19.0410	131.2292	  9.9598	118.9750	  1.8088
 19.0405	131.5083	  9.9496	119.3375	  1.8089
 19.0486	131.6750	  9.9459	119.1375	  1.8091
 19.0528	131.4750	  9.9628	118.1292	  1.8089
 19.0532	131.6542	  9.9620	118.4750	  1.8090
 19.0431	131.2708	  9.9513	118.4125	  1.8087
 19.0448	131.0500	  9.9568	118.6583	  1.8088
 19.0439	131.5000	  9.9542	118.9167	  1.8089
 19.0549	130.8042	  9.9504	118.2458	  1.8087
 19.0474	131.2750	  9.9724	118.5417	  1.8086
 19.0331	131.4792	  9.9628	118.3917	  1.8088
 19.0542	131.1875	  9.9619	119.0375	  1.8091
 19.0676	131.4250	  9.9450	119.2500	  1.8094
 19.0560	131.2083	  9.9528	118.7917	  1.8096
 19.0458	130.8792	  9.9533	118.3917	  1.8087
 19.0402	132.1542	  9.9677	119.1833	  1.8093
 19.0587	131.5792	  9.9542	118.6167	  1.8092
 19.0481	131.2667	  9.9577	119.2458	  1.8088
 19.0344	131.7583	  9.9551	119.2875	  1.8091
 19.0401	131.6917	  9.9778	119.4042	  1.8094
 19.0497	131.3125	  9.9373	118.4458	  1.8090
 19.0514	131.5625	  9.9712	118.9833	  1.8089
 19.0530	130.5958	  9.9604	118.3875	  1.8088
 19.0415	131.0750	  9.9622	118.8250	  1.8088
 19.0434	131.2833	  9.9414	119.3167	  1.8084
 19.0622	130.8333	  9.9646	118.9042	  1.8087
 19.0525	131.1667	  9.9632	118.3167	  1.8088
 19.0679	131.9708	  9.9691	118.7750	  1.8084
 19.0380	131.3042	  9.9772	118.5458	  1.8090
 19.0329	131.7458	  9.9584	118.9542	  1.8088
 19.0648	131.6458	  9.9426	118.6167	  1.8083
 19.0476	131.5042	  9.9488	119.1667	  1.8095
 19.0414	131.3125	  9.9598	118.6000	  1.8086
 19.0542	131.3042	  9.9431	118.9417	  1.8087
 19.0606	130.9500	  9.9533	118.7375	  1.8090
 19.0437	131.8583	  9.9468	118.6792	  1.8087
 19.0337	131.4667	  9.9550	118.6083	  1.8094
 19.0437	131.0542	  9.9480	118.6917	  1.8088
 19.0530	131.0833	  9.9459	118.9167	  1.8089
 19.0455	131.0875	  9.9711	118.9125	  1.8086
 19.0451	131.1417	  9.9606	119.3125	  1.8083
 19.0498	131.5750	  9.9608	119.6125	  1.8092
 19.0457	131.6667	  9.9411	118.8708	  1.8090
 19.0482	131.2750	  9.9531	118.8625	  1.8090
 19.0684	131.5917	  9.9627	118.3042	  1.8096
 19.0644	131.6542	  9.9484	118.9750	  1.8089
 19.0489	131.3417	  9.9394	118.6292	  1.8085
 19.0401	131.2250	  9.9579	118.8542	  1.8088
 19.0552	130.9208	  9.9787	118.6750	  1.8089
 19.0461	131.3708	  9.9641	119.0042	  1.8090
 19.0383	131.3667	  9.9684	118.7292	  1.8091
 19.0324	131.5250	  9.9739	119.0167	  1.8090
 19.0535	131.8917	  9.9627	118.8417	  1.8088
 19.0513	131.6000	  9.9567	118.4875	  1.8092
 19.0539	131.5292	  9.9575	118.9250	  1.8093
 19.0421	131.6375	  9.9471	118.8750	  1.8084
 19.0546	131.1625	  9.9514	118.5125	  1.8087
 19.0529	131.8292	  9.9645	118.8458	  1.8084
 19.0610	131.3792	  9.9712	118.8792	  1.8086
 19.0697	131.6417	  9.9357	118.8167	  1.8091
 19.0600	131.7542	  9.9623	118.9542	  1.8092
 19.0502	131.0542	  9.9587	119.0958	  1.8088
 19.0508	131.7042	  9.9717	118.5792	  1.8090
 19.0329	131.3917	  9.9583	118.8500	  1.8095
 19.0502	131.7833	  9.9593	119.0917	  1.8095
 19.0332	131.3708	  9.9446	119.0458	  1.8088
 19.0496	131.6000	  9.9448	119.4375	  1.8088
 19.0402	132.0125	  9.9516	118.5208	  1.8090
 19.0576	131.2417	  9.9581	118.5708	  1.8092
 19.0555	130.8208	  9.9587	118.8708	  1.8085
 19.0375	131.7333	  9.9522	119.5125	  1.8090
 19.0412	131.3417	  9.9699	118.3000	  1.8086
 19.0360	131.5125	  9.9551	118.8375	  1.8087
 19.0515	130.6875	  9.9632	119.0583	  1.8097
 19.0336	131.6125	  9.9635	119.0542	  1.8086
 19.0554	131.0542	  9.9446	118.9417	  1.8092
 19.0448	131.3417	  9.9633	118.5167	  1.8090
 19.0588	131.4250	  9.9551	118.8000	  1.8087
 19.0543	131.5208	  9.9564	118.4292	  1.8093
 19.0530	131.2250	  9.9617	118.1208	  1.8092
 19.0484	131.2583	  9.9561	118.3667	  1.8090
 19.0376	131.4708	  9.9691	118.9750	  1.8091
 19.0547	130.9708	  9.9471	117.9125	  1.8090
 19.0412	131.0125	  9.9420	119.2333	  1.8086
 19.0295	131.6875	  9.9501	119.1375	  1.8097
 19.0419	131.8167	  9.9527	118.7625	  1.8089
 19.0566	130.8625	  9.9454	118.9792	  1.8091
 19.0405	131.7958	  9.9479	118.4583	  1.8090
 19.0644	131.1500	  9.9592	118.7292	  1.8081
 19.0477	131.3625	  9.9690	118.8708	  1.8089
 19.0563	131.7125	  9.9408	119.3375	  1.8096
 19.0314	130.8708	  9.9647	118.8167	  1.8091
 19.0508	131.5500	  9.9543	119.1000	  1.8091
 19.0459	130.9375	  9.9644	118.6875	  1.8088
 19.0475	131.4042	  9.9484	118.6333	  1.8091
 19.0543	131.2917	  9.9500	118.8292	  1.8085
 19.0402	131.4375	  9.9456	118.8833	  1.8088
 19.0376	131.1083	  9.9658	118.9000	  1.8091
 19.0569	131.5500	  9.9647	119.2750	  1.8090
 19.0637	131.2500	  9.9416	119.0083	  1.8089
 19.0471	131.1500	  9.9525	119.0750	  1.8089
 19.0433	131.3042	  9.9622	119.4292	  1.8090
 19.0480	131.6375	  9.9564	118.7500	  1.8085
 19.0277	131.4667	  9.9594	118.8208	  1.8092
 19.0543	131.2875	  9.9680	118.7250	  1.8092
 19.0384	131.6208	  9.9458	118.9792	  1.8089
 19.0184	131.3417	  9.9512	119.4625	  1.8089
 19.0547	131.3208	  9.9605	118.8000	  1.8092
 19.0630	131.4125	  9.9640	118.8417	  1.8089
 19.0336	131.3042	  9.9576	118.8042	  1.8088
 19.0553	131.7333	  9.9630	118.7000	  1.8085
 19.0480	131.1167	  9.9511	118.9625	  1.8086
 19.0578	131.2250	  9.9667	118.8000	  1.8093
 19.0594	131.4792	  9.9677	118.7708	  1.8084
 19.0426	131.3583	  9.9492	118.9625	  1.8085
 19.0627	131.1542	  9.9627	118.4917	  1.8088
 19.0623	131.5167	  9.9500	118.7750	  1.8089
 19.0398	131.4792	  9.9641	119.2500	  1.8087
 19.0644	131.3042	  9.9627	119.2250	  1.8085
 19.0580	131.4792	  9.9673	118.4792	  1.8086
 19.0324	130.9292	  9.9649	118.8667	  1.8086
 19.0453	131.6250	  9.9698	119.2667	  1.8090
 19.0400	131.9667	  9.9581	118.5042	  1.8086
 19.0597	131.1250	  9.9571	118.9458	  1.8094
 19.0460	131.6375	  9.9639	118.8625	  1.8087
 19.0557	132.0917	  9.9552	119.2417	  1.8089
 19.0614	131.4583	  9.9620	118.7250	  1.8087
 19.0596	131.7083	  9.9612	119.0083	  1.8082
 19.0586	130.9833	  9.9370	118.5292	  1.8086
 19.0579	131.5125	  9.9484	118.5542	  1.8085
 19.0511	131.6167	  9.9598	118.5958	  1.8087
 19.0392	131.2667	  9.9545	118.7917	  1.8091
 19.0439	131.4333	  9.9458	118.4792	  1.8091
 19.0428	131.3000	  9.9707	118.6875	  1.8091
 19.0502	130.8750	  9.9611	118.3958	  1.8089
 19.0246	131.1792	  9.9570	118.6125	  1.8085
 19.0381	131.1708	  9.9788	119.2625	  1.8093
 19.0497	130.9333	  9.9707	118.6458	  1.8087
 19.0495	131.0917	  9.9557	118.9375	  1.8090
 19.0732	131.1583	  9.9407	118.5750	  1.8089
 19.0354	131.2708	  9.9602	118.7292	  1.8090
 19.0513	132.1917	  9.9716	118.6875	  1.8093
 19.0558	131.6667	  9.9501	119.3833	  1.8088
 19.0476	131.3333	  9.9694	118.3167	  1.8093
 19.0413	131.6375	  9.9586	118.9083	  1.8083
 19.0505	131.4833	  9.9657	118.9625	  1.8090
 19.0660	131.3542	  9.9342	118.9875	  1.8088
 19.0585	131.4875	  9.9529	118.1625	  1.8089
 19.0418	131.7042	  9.9570	118.8250	  1.8087
 19.0408	131.0000	  9.9569	119.2958	  1.8080
 19.0522	131.9792	  9.9700	118.8542	  1.8093
 19.0589	131.0875	  9.9650	118.5917	  1.8091
 19.0641	131.0750	  9.9766	118.2292	  1.8088
 19.0573	131.8625	  9.9751	119.0750	  1.8091
 19.0558	130.8250	  9.9771	119.2667	  1.8086
 19.0464	131.1292	  9.9560	118.8208	  1.8091
 19.0438	131.5125	  9.9614	119.1708	  1.8085
 19.0403	131.4333	  9.9632	118.2417	  1.8094
 19.0656	131.8167	  9.9622	118.6000	  1.8085
 19.0576	131.3042	  9.9467	119.3958	  1.8085
 19.0437	131.7208	  9.9701	118.6667	  1.8088
 19.0477	132.1250	  9.9581	119.0083	  1.8093
 19.0453	131.2333	  9.9482	118.8667	  1.8088
 19.0586	130.4250	  9.9702	119.6000	  1.8091
 19.0451	130.9292	  9.9593	118.9167	  1.8089
 19.0518	131.1792	  9.9720	119.1833	  1.8086
 19.0441	131.3208	  9.9716	119.0667	  1.8087
 19.0694	132.0250	  9.9524	119.3917	  1.8088
 19.0451	132.1250	  9.9562	119.0542	  1.8091
 19.0699	132.0292	  9.9471	118.2958	  1.8085
 19.0617	131.0208	  9.9629	119.3333	  1.8088
 19.0550	131.4667	  9.9576	119.0000	  1.8086
 19.0450	131.2833	  9.9451	118.8458	  1.8085
 19.0590	131.3875	  9.9434	118.8125	  1.8086
 19.0502	131.7333	  9.9646	119.1833	  1.8090
 19.0470	130.9042	  9.9504	118.7917	  1.8087
 19.0582	131.3333	  9.9668	118.6542	  1.8089
 19.0698	132.0833	  9.9561	118.6042	  1.8087
 19.0478	131.3292	  9.9579	118.9167	  1.8085
 19.0349	131.3542	  9.9469	118.4667	  1.8090
 19.0527	131.3167	  9.9552	118.7458	  1.8084
 19.0504	131.8083	  9.9516	117.8458	  1.8090
 19.0428	131.3667	  9.9629	118.3792	  1.8088
 19.0662	131.5000	  9.9563	118.9792	  1.8089
 19.0236	131.5417	  9.9679	118.4500	  1.8091
 19.0704	132.0333	  9.9408	118.9792	  1.8084
 19.0726	131.2333	  9.9467	118.9583	  1.8088
 19.0413	131.9167	  9.9549	118.8958	  1.8083
 19.0433	131.5833	  9.9558	118.6458	  1.8080
 19.0341	131.4625	  9.9520	118.9250	  1.8089
 19.0539	131.3625	  9.9539	118.7708	  1.8083
 19.0525	131.1708	  9.9500	118.9625	  1.8087
 19.0353	131.7500	  9.9646	119.2458	  1.8086
 19.0529	130.7333	  9.9627	118.5375	  1.8086
 19.0305	131.8750	  9.9549	118.2417	  1.8084
 19.0487	131.1167	  9.9505	118.7833	  1.8087
 19.0340	130.8167	  9.9639	119.0375	  1.8081
 19.0568	130.7458	  9.9695	118.3000	  1.8083
 19.0271	131.5125	  9.9615	119.3333	  1.8086
 19.0449	131.5917	  9.9651	118.6417	  1.8091
 19.0520	131.7750	  9.9494	118.6500	  1.8084
 19.0570	131.2708	  9.9558	118.8625	  1.8085
 19.0668	131.4042	  9.9519	119.0667	  1.8089
 19.0534	131.5000	  9.9352	118.4583	  1.8084
 19.0694	132.0375	  9.9582	118.4375	  1.8089
 19.0679	131.0958	  9.9617	118.9333	  1.8094
 19.0460	131.8750	  9.9454	119.0208	  1.8092
 19.0526	131.4917	  9.9378	118.5958	  1.8088
 19.0455	130.9750	  9.9620	118.4917	  1.8088
 19.0453	131.7958	  9.9518	119.0083	  1.8087
 19.0376	131.1542	  9.9503	119.0833	  1.8088
 19.0497	131.5292	  9.9430	118.7583	  1.8089
 19.0381	131.7042	  9.9416	119.5000	  1.8095
 19.0355	131.8708	  9.9419	118.9167	  1.8088
 19.0243	131.9958	  9.9573	118.9042	  1.8091
 19.0573	131.4042	  9.9533	119.2042	  1.8089
 19.0586	131.0958	  9.9701	119.2000	  1.8090
 19.0597	131.6167	  9.9662	118.6375	  1.8086
 19.0329	131.9500	  9.9593	119.2667	  1.8087
 19.0461	131.3458	  9.9601	119.2542	  1.8088
 19.0511	131.8542	  9.9572	118.7417	  1.8088
 19.0461	131.4292	  9.9506	118.4083	  1.8085
 19.0535	131.0417	  9.9672	118.7000	  1.8087
 19.0399	131.8625	  9.9483	118.4125	  1.8089
 19.0423	131.4500	  9.9677	119.0167	  1.8082
 19.0510	131.4958	  9.9645	118.9833	  1.8088
 19.0541	132.0625	  9.9619	118.7250	  1.8091
 19.0496	132.0292	  9.9758	119.0917	  1.8091
 19.0438	130.8667	  9.9433	118.8458	  1.8088
 19.0496	131.6667	  9.9613	118.2458	  1.8084
 19.0336	131.4792	  9.9728	117.9083	  1.8094
 19.0580	131.2750	  9.9517	118.9833	  1.8082
 19.0332	131.2875	  9.9816	118.3750	  1.8081
 19.0456	131.3750	  9.9547	119.1333	  1.8096
 19.0387	131.0125	  9.9569	119.4708	  1.8090
 19.0500	130.8208	  9.9414	119.3333	  1.8093
 19.0210	131.6917	  9.9594	119.0500	  1.8087
 19.0550	131.2917	  9.9699	119.3208	  1.8087
 19.0390	131.1833	  9.9448	118.5542	  1.8092
 19.0441	131.8417	  9.9449	118.7917	  1.8092
 19.0683	131.4042	  9.9525	119.2417	  1.8085
 19.0459	131.4583	  9.9673	119.2042	  1.8085
 19.0456	131.2292	  9.9641	119.2208	  1.8092
 19.0435	131.5458	  9.9605	118.8958	  1.8087
 19.0484	131.4875	  9.9624	118.4458	  1.8089
 19.0491	130.9000	  9.9658	118.6292	  1.8092
 19.0641	131.8333	  9.9561	118.2542	  1.8090
 19.0428	131.3958	  9.9591	119.3292	  1.8085
 19.0592	131.3250	  9.9402	118.0917	  1.8081
 19.0493	131.8125	  9.9524	119.2292	  1.8086
 19.0449	131.3792	  9.9669	118.3750	  1.8088
 19.0511	131.4292	  9.9644	118.4375	  1.8088
 19.0372	131.0083	  9.9317	119.1542	  1.8090
 19.0318	131.4083	  9.9619	118.9750	  1.8087
 19.0435	131.4875	  9.9793	119.2000	  1.8093
 19.0608	131.5625	  9.9433	119.1750	  1.8090
 19.0314	131.3750	  9.9651	118.8333	  1.8085
 19.0519	131.6958	  9.9451	119.1250	  1.8092
 19.0529	131.5833	  9.9556	118.9667	  1.8084
 19.0484	131.2375	  9.9673	119.2208	  1.8090
 19.0447	131.3792	  9.9702	118.7917	  1.8088
 19.0455	131.3625	  9.9594	118.6042	  1.8087
 19.0436	131.3958	  9.9571	118.8208	  1.8090
 19.0552	131.1083	  9.9569	118.3125	  1.8079
 19.0320	131.3458	  9.9537	118.9500	  1.8090
 19.0611	131.8042	  9.9625	118.8500	  1.8083
 19.0494	131.8042	  9.9536	118.9500	  1.8093
 19.0402	131.4917	  9.9662	118.9833	  1.8091
 19.0344	131.3167	  9.9647	118.8208	  1.8090
 19.0362	131.8208	  9.9482	118.1000	  1.8090
 19.0548	131.0375	  9.9675	119.1708	  1.8084
 19.0777	131.2958	  9.9492	118.7542	  1.8092
 19.0343	131.3667	  9.9540	118.8375	  1.8085
 19.0609	131.3167	  9.9578	119.1042	  1.8092
 19.0523	131.5542	  9.9591	118.9542	  1.8086
 19.0645	131.6625	  9.9447	118.4250	  1.8086
 19.0620	131.6625	  9.9476	118.8583	  1.8083
 19.0562	131.6917	  9.9687	119.5375	  1.8083
 19.0488	131.6625	  9.9533	119.1000	  1.8087
 19.0558	131.3083	  9.9599	118.9833	  1.8086
 19.0483	131.9500	  9.9440	119.2250	  1.8091
 19.0375	131.2208	  9.9483	118.9458	  1.8081
 19.0586	132.0750	  9.9604	118.6333	  1.8093
 19.0455	131.7375	  9.9539	118.6875	  1.8088
 19.0506	131.4708	  9.9565	119.1792	  1.8091
 19.0520	131.6708	  9.9520	118.3833	  1.8085
 19.0628	131.2333	  9.9488	119.3292	  1.8089
 19.0570	131.2708	  9.9484	118.6708	  1.8087
 19.0643	131.4042	  9.9582	118.6708	  1.8092
 19.0491	131.5833	  9.9470	118.9375	  1.8085
 19.0475	131.5917	  9.9521	118.5500	  1.8092
 19.0625	131.4833	  9.9556	118.4750	  1.8090
 19.0473	131.0917	  9.9718	118.8792	  1.8090
 19.0471	131.6500	  9.9587	118.9333	  1.8089
 19.0542	130.8000	  9.9630	119.1583	  1.8089
 19.0417	131.7542	  9.9520	118.5125	  1.8090
 19.0625	131.4375	  9.9558	118.9792	  1.8089
 19.0523	131.2208	  9.9630	118.6542	  1.8083
 19.0667	131.2000	  9.9513	118.6417	  1.8087
 19.0327	131.4833	  9.9512	118.6333	  1.8084
 19.0416	130.6083	  9.9650	119.1042	  1.8095
 19.0408	131.3208	  9.9515	118.5250	  1.8085
 19.0440	131.7750	  9.9594	119.1667	  1.8092
 19.0725	131.6125	  9.9443	117.9375	  1.8087
 19.0287	131.7042	  9.9611	118.9375	  1.8086
 19.0612	131.2958	  9.9518	119.5042	  1.8095
 19.0633	132.0833	  9.9566	118.9875	  1.8083
 19.0494	131.0167	  9.9576	118.8667	  1.8094
 19.0535	131.8167	  9.9629	118.6542	  1.8089
 19.0467	131.5375	  9.9581	119.4917	  1.8089
 19.0330	131.7292	  9.9470	119.2625	  1.8089
 19.0464	131.0625	  9.9627	119.1083	  1.8088
 19.0576	131.5917	  9.9603	119.5708	  1.8091
 19.0541	131.5667	  9.9668	119.0417	  1.8086
 19.0499	131.5500	  9.9540	119.0500	  1.8090
 19.0461	131.0583	  9.9515	118.7042	  1.8088
 19.0510	131.0917	  9.9593	119.1125	  1.8092
 19.0321	131.2000	  9.9706	118.5750	  1.8085
 19.0539	131.1500	  9.9594	118.7042	  1.8085
 19.0344	130.9583	  9.9625	118.2958	  1.8086
 19.0425	131.6542	  9.9600	118.9333	  1.8086
 19.0535	131.3167	  9.9765	118.5167	  1.8086
 19.0569	131.3250	  9.9613	118.9458	  1.8084
 19.0478	131.1667	  9.9680	118.3500	  1.8092
 19.0484	131.4167	  9.9398	118.8042	  1.8088
 19.0653	132.0833	  9.9743	119.0208	  1.8089
 19.0515	131.5250	  9.9594	118.5625	  1.8089
 19.0456	131.4750	  9.9592	118.7208	  1.8092
 19.0514	131.7917	  9.9429	118.7500	  1.8092
 19.0382	131.5083	  9.9548	119.1250	  1.8083
 19.0292	131.5250	  9.9672	119.3542	  1.8087
 19.0288	131.8833	  9.9498	119.4000	  1.8091
 19.0495	131.3750	  9.9647	119.5208	  1.8091
 19.0495	131.1125	  9.9720	118.9417	  1.8089
 19.0377	131.3417	  9.9589	119.2167	  1.8086
 19.0495	131.5375	  9.9476	118.6542	  1.8087
 19.0444	131.2333	  9.9386	118.9000	  1.8085
 19.0495	131.6458	  9.9679	118.7000	  1.8093
 19.0469	131.6458	  9.9713	119.4333	  1.8089
 19.0439	131.1042	  9.9562	119.2000	  1.8087
 19.0453	131.2583	  9.9415	118.4417	  1.8085
 19.0490	131.7875	  9.9677	118.7375	  1.8089
 19.0419	130.9500	  9.9813	119.0625	  1.8088
 19.0501	130.9250	  9.9605	118.5417	  1.8086
 19.0432	130.9167	  9.9652	118.5208	  1.8085
 19.0491	131.2708	  9.9385	118.9167	  1.8087
 19.0503	131.8417	  9.9389	118.8000	  1.8091
 19.0414	131.3583	  9.9586	118.7458	  1.8088
 19.0446	131.4167	  9.9605	119.1875	  1.8088
 19.0687	131.2083	  9.9637	119.1458	  1.8090
 19.0452	131.7583	  9.9733	119.0833	  1.8091
 19.0407	131.0167	  9.9715	119.0333	  1.8081
 19.0314	131.0583	  9.9574	119.5667	  1.8086
 19.0591	131.3333	  9.9594	118.4708	  1.8089
 19.0380	131.4125	  9.9557	118.6333	  1.8088
 19.0315	131.7833	  9.9498	118.3500	  1.8090
 19.0563	131.5833	  9.9542	118.6167	  1.8088
 19.0335	130.9958	  9.9650	119.0917	  1.8090
 19.0584	131.4542	  9.9443	118.5583	  1.8089
 19.0422	130.8625	  9.9425	119.0917	  1.8089
 19.0386	131.5292	  9.9701	118.5875	  1.8084
 19.0336	131.7458	  9.9543	119.1167	  1.8089
 19.0481	131.3875	  9.9467	119.1583	  1.8090
 19.0601	131.5208	  9.9552	118.7667	  1.8084
 19.0422	131.7292	  9.9471	118.7333	  1.8088
 19.0519	130.9833	  9.9561	119.0458	  1.8088
 19.0402	131.2625	  9.9576	119.1875	  1.8082
 19.0422	131.2125	  9.9367	118.9250	  1.8086
 19.0441	132.0667	  9.9654	118.4542	  1.8087
 19.0727	131.3542	  9.9578	119.2458	  1.8085
 19.0550	131.0750	  9.9704	119.0333	  1.8084
 19.0366	130.9417	  9.9525	118.7250	  1.8085
 19.0450	131.5250	  9.9690	118.6125	  1.8091
 19.0673	131.5083	  9.9512	119.3583	  1.8086
 19.0410	131.3375	  9.9651	119.4250	  1.8088
 19.0604	131.2667	  9.9672	118.5958	  1.8087
 19.0603	131.6458	  9.9515	118.5333	  1.8087
 19.0578	131.7375	  9.9612	118.5625	  1.8082
 19.0447	131.2167	  9.9606	118.5833	  1.8087
 19.0376	131.2292	  9.9623	118.7708	  1.8087
 19.0359	131.6583	  9.9570	118.7167	  1.8089
 19.0498	131.2833	  9.9609	119.1792	  1.8091
 19.0496	131.2000	  9.9626	118.9375	  1.8090
 19.0389	131.6042	  9.9691	118.5833	  1.8086
 19.0476	130.9000	  9.9487	118.4750	  1.8085
 19.0544	131.3042	  9.9364	119.0583	  1.8088
 19.0676	131.6625	  9.9608	118.6917	  1.8087
 19.0405	130.7708	  9.9477	119.1958	  1.8085
 19.0397	131.1750	  9.9615	118.9917	  1.8089
 19.0626	131.6083	  9.9608	118.8583	  1.8085
 19.0463	131.5458	  9.9693	118.5333	  1.8085
 19.0530	131.7458	  9.9435	118.7875	  1.8085
 19.0376	131.9333	  9.9649	118.7000	  1.8083
 19.0652	131.4458	  9.9572	119.0792	  1.8086
 19.0587	130.9875	  9.9573	118.6208	  1.8087
 19.0578	131.0333	  9.9613	118.1583	  1.8086
 19.0597	130.9833	  9.9708	119.6250	  1.8080
 19.0478	131.3583	  9.9615	118.5375	  1.8084
 19.0512	131.8875	  9.9507	118.5042	  1.8084
 19.0476	130.8917	  9.9520	119.1083	  1.8090
 19.0408	131.7208	  9.9538	118.7917	  1.8093
 19.0461	131.6458	  9.9529	118.7375	  1.8087
 19.0586	131.6125	  9.9507	119.0542	  1.8088
 19.0485	131.0375	  9.9581	118.9458	  1.8088
 19.0339	131.6750	  9.9615	118.7958	  1.8080
 19.0521	130.9833	  9.9500	118.5167	  1.8088
 19.0414	131.5458	  9.9505	119.1583	  1.8091
 19.0467	131.4708	  9.9491	119.1167	  1.8088
 19.0345	131.0542	  9.9380	118.9375	  1.8085
 19.0550	131.1167	  9.9368	119.1625	  1.8086
 19.0716	131.1958	  9.9651	119.2958	  1.8086
 19.0583	131.9250	  9.9753	119.0125	  1.8092
 19.0521	131.4167	  9.9454	118.9833	  1.8086
 19.0564	131.8750	  9.9731	119.0125	  1.8091
 19.0433	131.0875	  9.9631	118.5625	  1.8089
 19.0642	131.8000	  9.9752	118.7750	  1.8085
 19.0422	130.7792	  9.9532	119.1667	  1.8093
 19.0589	130.9625	  9.9601	119.0125	  1.8085
 19.0644	131.5583	  9.9638	118.7167	  1.8090
 19.0348	131.7458	  9.9614	118.8250	  1.8092
 19.0438	131.1875	  9.9705	119.0500	  1.8089
 19.0395	131.1375	  9.9407	118.8917	  1.8082
 19.0524	131.2708	  9.9515	118.5792	  1.8089
 19.0597	131.1875	  9.9535	119.2833	  1.8090
 19.0409	131.6917	  9.9470	119.2750	  1.8089
 19.0433	130.8500	  9.9750	119.2417	  1.8085
 19.0476	130.7375	  9.9502	118.7167	  1.8085
 19.0485	131.4167	  9.9703	118.6417	  1.8083
 19.0580	131.6292	  9.9560	118.4292	  1.8085
 19.0656	131.3250	  9.9558	119.0417	  1.8083
 19.0393	131.5708	  9.9435	119.1083	  1.8087
 19.0491	131.9083	  9.9494	118.4208	  1.8094
 19.0388	131.6375	  9.9592	119.0542	  1.8087
 19.0406	131.2333	  9.9666	118.8667	  1.8089
 19.0757	131.6792	  9.9706	118.8292	  1.8086
 19.0585	130.6625	  9.9515	118.6708	  1.8094
 19.0519	131.7083	  9.9640	119.1917	  1.8089
 19.0698	131.4375	  9.9718	119.2667	  1.8085
 19.0407	131.0375	  9.9648	118.8458	  1.8090
 19.0428	131.3875	  9.9716	119.1292	  1.8091
 19.0364	131.7208	  9.9569	118.5375	  1.8088
 19.0534	132.0792	  9.9612	118.6208	  1.8088
 19.0618	131.8833	  9.9742	118.6167	  1.8086
 19.0387	131.1458	  9.9718	118.7667	  1.8090
 19.0429	131.4750	  9.9574	118.8333	  1.8088
 19.0432	131.8875	  9.9576	118.9042	  1.8093
 19.0610	131.2208	  9.9691	118.0500	  1.8087
 19.0423	131.6500	  9.9600	119.2917	  1.8094
 19.0547	131.1542	  9.9545	119.4792	  1.8086
 19.0424	131.5542	  9.9611	118.9083	  1.8091
 19.0284	131.6875	  9.9392	118.6000	  1.8085
 19.0336	131.7708	  9.9633	119.6750	  1.8088
 19.0401	131.0292	  9.9433	118.9042	  1.8086
 19.0417	131.8542	  9.9542	118.4042	  1.8085
 19.0559	131.2292	  9.9414	119.7000	  1.8087
 19.0592	131.6417	  9.9612	119.2417	  1.8088
 19.0547	131.5083	  9.9601	118.7792	  1.8088
 19.0409	131.7750	  9.9709	119.1875	  1.8085
 19.0346	131.1208	  9.9625	117.9292	  1.8087
 19.0385	131.3667	  9.9740	118.4750	  1.8084
 19.0458	131.6500	  9.9585	118.5250	  1.8085
 19.0543	131.9083	  9.9670	119.2125	  1.8086
 19.0480	131.3667	  9.9562	118.8583	  1.8090
 19.0497	131.3458	  9.9512	118.7458	  1.8090
 19.0388	131.2208	  9.9814	119.3667	  1.8086
 19.0549	131.1167	  9.9693	119.0125	  1.8081
 19.0452	131.6458	  9.9525	119.0417	  1.8087
 19.0389	131.8458	  9.9656	119.2292	  1.8086
 19.0476	131.7708	  9.9644	118.8083	  1.8083
 19.0551	131.8625	  9.9497	118.9125	  1.8086
 19.0470	131.1750	  9.9504	118.7458	  1.8087
 19.0408	131.7958	  9.9559	118.8375	  1.8088
 19.0717	131.9708	  9.9442	118.8083	  1.8087
 19.0478	131.2292	  9.9456	118.7625	  1.8090
 19.0645	131.8333	  9.9704	118.6583	  1.8088
 19.0499	130.9083	  9.9506	118.1208	  1.8088
 19.0525	131.2167	  9.9502	119.2958	  1.8084
 19.0499	131.1333	  9.9688	119.1417	  1.8086
 19.0452	131.9333	  9.9414	119.2625	  1.8088
 19.0521	131.5292	  9.9606	118.8250	  1.8091
 19.0374	131.3125	  9.9649	118.9625	  1.8089
 19.0433	131.5542	  9.9483	118.5000	  1.8086
 19.0698	131.7042	  9.9505	118.9042	  1.8089
 19.0447	131.9375	  9.9628	118.9500	  1.8088
 19.0418	131.2875	  9.9378	119.3000	  1.8088
 19.0464	131.3333	  9.9502	118.3917	  1.8087
 19.0545	131.7083	  9.9615	118.6042	  1.8089
 19.0447	131.4833	  9.9553	118.7917	  1.8092
 19.0553	131.0083	  9.9618	118.4333	  1.8090
 19.0540	131.8083	  9.9638	119.0417	  1.8086
 19.0609	131.3375	  9.9560	118.6958	  1.8091
 19.0533	131.5625	  9.9294	118.6625	  1.8090
 19.0605	131.1875	  9.9639	118.9792	  1.8086
 19.0547	131.9083	  9.9765	118.7167	  1.8094
 19.0352	130.8583	  9.9559	119.0458	  1.8083
 19.0460	131.8000	  9.9580	118.7083	  1.8092
 19.0547	131.7583	  9.9605	118.7875	  1.8094
 19.0500	131.0917	  9.9765	118.6125	  1.8082
 19.0346	131.9500	  9.9529	118.7708	  1.8089
 19.0454	131.4583	  9.9516	118.8375	  1.8088
 19.0577	131.2458	  9.9666	119.1625	  1.8088
 19.0516	131.4792	  9.9533	119.0583	  1.8087
 19.0363	131.6333	  9.9568	118.9625	  1.8086
 19.0506	130.8333	  9.9495	119.1708	  1.8084
 19.0497	131.8167	  9.9632	119.3000	  1.8087
 19.0372	130.9833	  9.9716	118.8333	  1.8087
 19.0602	130.8458	  9.9629	118.8458	  1.8086
 19.0379	132.4833	  9.9412	118.2458	  1.8087
 19.0452	131.0708	  9.9610	119.5000	  1.8082
 19.0569	131.5500	  9.9638	118.9542	  1.8084
 19.0496	131.8542	  9.9576	118.7333	  1.8094
 19.0558	131.1083	  9.9586	118.8375	  1.8092
 19.0579	130.5667	  9.9573	118.4208	  1.8079
 19.0602	131.6042	  9.9656	118.6708	  1.8089
 19.0518	132.2500	  9.9489	118.5542	  1.8087
 19.0614	131.2167	  9.9452	118.5208	  1.8089
 19.0703	131.7458	  9.9538	118.8750	  1.8087
 19.0460	131.3917	  9.9470	119.0250	  1.8085
 19.0552	131.5000	  9.9596	119.0542	  1.8084
 19.0372	131.6083	  9.9673	118.7000	  1.8093
 19.0492	131.2125	  9.9579	119.4958	  1.8087
 19.0499	131.4583	  9.9711	118.9875	  1.8091
 19.0345	131.8708	  9.9549	118.8375	  1.8093
 19.0376	131.5375	  9.9577	118.6583	  1.8087
 19.0538	131.6958	  9.9548	118.8000	  1.8085
 19.0447	131.6875	  9.9527	118.4750	  1.8086
 19.0503	131.5542	  9.9596	119.2417	  1.8085
 19.0434	131.8042	  9.9491	118.8417	  1.8078
 19.0357	131.4958	  9.9445	118.6458	  1.8089
 19.0584	131.0417	  9.9583	118.8625	  1.8086
 19.0513	131.2417	  9.9466	119.0000	  1.8091
 19.0474	131.6292	  9.9524	119.1583	  1.8085
 19.0433	131.5708	  9.9570	118.4542	  1.8090
 19.0406	131.3542	  9.9620	118.8167	  1.8085
 19.0541	131.3625	  9.9509	119.3458	  1.8086
 19.0604	130.9250	  9.9493	118.4250	  1.8088
 19.0449	131.5958	  9.9496	119.5833	  1.8082
 19.0596	130.8750	  9.9471	119.3875	  1.8083
 19.0444	131.4792	  9.9554	118.7417	  1.8085
 19.0452	131.8083	  9.9523	118.8458	  1.8090
 19.0562	131.5125	  9.9531	119.0042	  1.8083
 19.0583	131.2500	  9.9801	118.7500	  1.8088
 19.0480	131.2958	  9.9574	118.7750	  1.8083
 19.0585	130.9875	  9.9757	118.3542	  1.8089
 19.0534	131.7500	  9.9571	118.3708	  1.8088
 19.0617	131.2792	  9.9579	118.6667	  1.8091
 19.0232	131.8250	  9.9598	118.8208	  1.8086
 19.0448	131.2375	  9.9658	118.8708	  1.8090
 19.0463	131.7750	  9.9653	118.9750	  1.8083
 19.0467	131.3833	  9.9672	118.4833	  1.8088
 19.0497	131.7167	  9.9661	118.8667	  1.8089
 19.0595	131.3375	  9.9558	119.1583	  1.8084
 19.0558	131.7625	  9.9671	118.7583	  1.8086
 19.0379	131.4750	  9.9511	118.5375	  1.8092
 19.0557	131.1125	  9.9627	118.7000	  1.8091
 19.0601	131.1792	  9.9567	119.1208	  1.8083
 19.0510	131.1833	  9.9670	119.0000	  1.8090
 19.0418	131.5958	  9.9457	119.0875	  1.8089
 19.0570	131.4292	  9.9593	118.6792	  1.8085
 19.0563	131.4042	  9.9565	118.4208	  1.8089
 19.0379	131.6625	  9.9533	118.8083	  1.8089
 19.0533	131.2000	  9.9666	118.5000	  1.8087
 19.0498	131.3542	  9.9583	118.6958	  1.8091
 19.0402	131.6625	  9.9576	119.1375	  1.8088
 19.0423	131.7083	  9.9603	118.6833	  1.8092
 19.0552	131.1917	  9.9475	118.4042	  1.8082
 19.0526	131.5667	  9.9442	118.8583	  1.8090
 19.0529	131.8000	  9.9628	119.2833	  1.8098
 19.0552	131.5792	  9.9515	118.9375	  1.8089
 19.0540	131.0917	  9.9643	118.6167	  1.8090
 19.0410	131.5708	  9.9508	118.3750	  1.8090
 19.0406	131.3458	  9.9645	118.5292	  1.8083
 19.0503	131.8958	  9.9404	118.6958	  1.8088
 19.0594	131.8125	  9.9379	119.2042	  1.8090
 19.0601	131.5500	  9.9764	118.7875	  1.8088
 19.0339	131.1708	  9.9616	119.5458	  1.8089
 19.0412	131.7708	  9.9494	118.8625	  1.8092
 19.0726	131.6292	  9.9674	118.6458	  1.8087
 19.0511	131.2625	  9.9760	119.0208	  1.8088
 19.0555	130.8875	  9.9585	118.4500	  1.8090
 19.0565	130.9667	  9.9623	119.0708	  1.8087
 19.0355	131.3292	  9.9763	118.5625	  1.8087
 19.0395	131.3292	  9.9626	119.3458	  1.8086
 19.0585	131.5500	  9.9422	118.6917	  1.8088
 19.0526	131.5250	  9.9576	119.1208	  1.8090
 19.0409	131.6167	  9.9602	118.3667	  1.8087
 19.0406	131.3583	  9.9510	118.7958	  1.8091
 19.0477	131.4542	  9.9665	119.2042	  1.8089
 19.0591	131.1125	  9.9568	118.7625	  1.8087
 19.0394	131.7208	  9.9565	118.6000	  1.8084
 19.0498	131.8125	  9.9596	118.8792	  1.8085
 19.0673	131.0750	  9.9585	118.4917	  1.8093
 19.0608	131.2333	  9.9663	119.1042	  1.8090
 19.0676	131.5792	  9.9589	119.1917	  1.8089
 19.0555	131.6833	  9.9535	118.6042	  1.8088
 19.0437	131.6000	  9.9540	118.4667	  1.8090
 19.0442	131.1458	  9.9497	118.7417	  1.8084
 19.0389	131.2042	  9.9618	118.8000	  1.8085
 19.0565	131.0500	  9.9468	118.8583	  1.8088
 19.0474	131.4042	  9.9635	119.1208	  1.8085
 19.0360	131.6375	  9.9570	119.0042	  1.8087
 19.0380	131.7667	  9.9630	118.7708	  1.8089
 19.0303	131.8167	  9.9746	118.4792	  1.8085
 19.0440	131.1917	  9.9579	118.9125	  1.8087
 19.0640	131.1042	  9.9449	118.3750	  1.8087
 19.0612	131.2583	  9.9468	119.2583	  1.8086
 19.0444	131.6750	  9.9433	118.6833	  1.8090
 19.0502	131.4042	  9.9587	118.3417	  1.8089
 19.0543	131.7167	  9.9538	118.9875	  1.8091
 19.0496	131.1833	  9.9518	118.5042	  1.8090
 19.0560	131.1625	  9.9627	118.5083	  1.8081
 19.0383	131.4292	  9.9634	118.5750	  1.8086
 19.0520	131.5625	  9.9602	118.5375	  1.8086
 19.0478	131.7708	  9.9631	118.5375	  1.8081
 19.0399	132.0208	  9.9573	119.3833	  1.8085
 19.0425	131.6833	  9.9799	118.8042	  1.8086
 19.0570	131.6083	  9.9485	118.8875	  1.8091
 19.0617	131.3750	  9.9622	119.7875	  1.8087
 19.0546	130.8833	  9.9491	118.8125	  1.8090
 19.0491	131.7083	  9.9614	119.3708	  1.8087
 19.0594	131.7542	  9.9556	118.9000	  1.8088
 19.0471	131.1750	  9.9395	118.7000	  1.8084
 19.0493	131.5083	  9.9458	118.5208	  1.8087
 19.0463	131.9000	  9.9362	118.5458	  1.8088
 19.0364	131.3208	  9.9505	118.6167	  1.8093
 19.0403	131.8875	  9.9634	119.1208	  1.8087
 19.0631	131.4083	  9.9461	118.6667	  1.8083
 19.0665	131.4750	  9.9557	118.5083	  1.8083
 19.0583	130.9542	  9.9512	118.7542	  1.8086
 19.0265	131.4375	  9.9488	118.4000	  1.8086
 19.0394	131.2167	  9.9699	118.2375	  1.8090
 19.0449	131.6125	  9.9739	119.4542	  1.8087
 19.0404	131.6333	  9.9578	118.8042	  1.8085
 19.0731	131.3667	  9.9616	118.8042	  1.8091
 19.0431	131.8167	  9.9538	118.8375	  1.8085
 19.0564	130.8958	  9.9573	118.7917	  1.8090
 19.0496	130.8458	  9.9595	118.7833	  1.8083
 19.0524	131.8083	  9.9549	119.5708	  1.8090
 19.0324	131.1583	  9.9471	118.6167	  1.8080
 19.0442	131.8292	  9.9670	119.0875	  1.8079
 19.0572	131.9667	  9.9500	118.7167	  1.8088
 19.0435	131.2583	  9.9396	119.0125	  1.8086
 19.0306	131.6958	  9.9330	118.6292	  1.8091
 19.0415	131.3917	  9.9413	118.6167	  1.8078
 19.0446	131.3208	  9.9778	118.8542	  1.8085
 19.0546	131.7083	  9.9550	118.3333	  1.8087
 19.0374	131.5583	  9.9734	118.1708	  1.8086
 19.0576	131.1208	  9.9642	119.1792	  1.8083
 19.0490	131.6083	  9.9679	119.0292	  1.8081
 19.0423	131.0083	  9.9700	118.5750	  1.8082
 19.0630	131.5333	  9.9777	118.6167	  1.8085
 19.0592	131.3583	  9.9423	118.7875	  1.8088
 19.0305	131.7917	  9.9527	118.7167	  1.8090
 19.0435	131.3583	  9.9519	118.9958	  1.8085
 19.0513	131.4000	  9.9678	119.0292	  1.8085
 19.0382	130.9208	  9.9690	118.9458	  1.8084
 19.0308	131.8708	  9.9528	119.0167	  1.8085
 19.0392	131.1500	  9.9676	118.4875	  1.8086
 19.0810	131.3542	  9.9611	118.9333	  1.8087
 19.0618	131.3750	  9.9552	119.2583	  1.8087
 19.0452	131.2958	  9.9513	118.5667	  1.8081
 19.0526	131.6500	  9.9507	119.2167	  1.8089
 19.0595	131.4792	  9.9596	118.9500	  1.8085
 19.0637	131.2333	  9.9452	119.1250	  1.8092
 19.0554	131.8083	  9.9595	119.0375	  1.8088
 19.0351	131.2292	  9.9673	118.4250	  1.8085
 19.0680	131.2125	  9.9644	118.4417	  1.8086
 19.0404	130.8125	  9.9582	119.0167	  1.8085
 19.0306	131.4875	  9.9543	119.3042	  1.8082
 19.0381	131.7375	  9.9516	118.8625	  1.8086
 19.0453	131.0958	  9.9455	118.7417	  1.8082
 19.0489	131.9125	  9.9470	119.2292	  1.8089
 19.0439	131.3958	  9.9655	118.3167	  1.8087
 19.0440	131.5208	  9.9545	118.8458	  1.8087
 19.0431	131.7875	  9.9389	119.2458	  1.8082
 19.0565	131.3208	  9.9494	118.6917	  1.8083
 19.0591	131.1583	  9.9646	118.5792	  1.8088
 19.0551	131.5875	  9.9642	119.2000	  1.8086
 19.0535	131.3583	  9.9590	118.8417	  1.8082
 19.0571	131.1625	  9.9552	119.2167	  1.8088
 19.0544	131.2042	  9.9528	119.2583	  1.8083
 19.0705	131.1500	  9.9469	118.5958	  1.8083
 19.0554	131.0208	  9.9448	119.0792	  1.8089
 19.0462	130.9375	  9.9542	118.2583	  1.8082
 19.0355	130.9500	  9.9490	118.8250	  1.8087
 19.0575	131.4250	  9.9483	118.5542	  1.8087
 19.0574	130.7583	  9.9607	118.5167	  1.8085
 19.0564	131.6125	  9.9746	118.3375	  1.8086
 19.0609	131.1000	  9.9858	119.0958	  1.8090
 19.0485	130.8917	  9.9449	118.8167	  1.8094
 19.0284	131.6750	  9.9726	118.2500	  1.8084
 19.0593	131.2333	  9.9583	118.8417	  1.8086
 19.0527	130.8375	  9.9571	118.8875	  1.8084
 19.0340	131.6542	  9.9547	118.6417	  1.8088
 19.0457	130.8667	  9.9522	119.2333	  1.8089
 19.0458	131.8167	  9.9618	119.1458	  1.8088
 19.0455	131.3792	  9.9778	118.6792	  1.8088
 19.0510	131.1292	  9.9654	119.3208	  1.8090
 19.0287	131.9958	  9.9632	118.4167	  1.8085
 19.0399	130.9750	  9.9519	119.3500	  1.8090
 19.0508	131.5292	  9.9625	118.9625	  1.8088
 19.0488	131.8583	  9.9607	119.1667	  1.8085
 19.0335	131.4000	  9.9545	118.6458	  1.8083
 19.0449	131.7750	  9.9504	118.3208	  1.8089
 19.0492	130.9250	  9.9442	118.8000	  1.8083
 19.0617	131.1833	  9.9681	119.0458	  1.8089
 19.0547	131.7417	  9.9686	118.7667	  1.8089
 19.0319	131.3125	  9.9601	119.4667	  1.8089
 19.0669	131.6500	  9.9596	118.7708	  1.8082
 19.0494	131.4833	  9.9623	119.1417	  1.8084
 19.0510	131.1083	  9.9684	118.6458	  1.8083
 19.0414	131.6083	  9.9414	118.8375	  1.8087
 19.0607	131.1167	  9.9487	118.8750	  1.8086
 19.0558	130.7250	  9.9536	118.7208	  1.8086
 19.0276	131.5083	  9.9687	119.0667	  1.8090
 19.0424	131.6708	  9.9752	119.0792	  1.8086
 19.0353	131.7083	  9.9758	118.5958	  1.8089
 19.0407	131.1167	  9.9638	119.1042	  1.8087
 19.0468	131.3833	  9.9606	118.6042	  1.8086
 19.0375	131.4625	  9.9662	118.2667	  1.8084
 19.0545	131.9875	  9.9674	118.7542	  1.8089
 19.0524	131.6042	  9.9488	119.1792	  1.8087
 19.0423	131.9875	  9.9584	119.0542	  1.8086
 19.0503	130.9792	  9.9587	118.9375	  1.8082
 19.0527	131.6292	  9.9528	118.7750	  1.8085
 19.0629	130.9292	  9.9592	118.7000	  1.8084
 19.0617	130.9375	  9.9851	118.7125	  1.8083
