P8010116.412573
GADANKI 01/01/1980 16:40:25 01/01/1980 16:41:26 0350 0079.2 0013.4 00
0000000 0020 0001200 0020 05
1 0 2 02000 1 0000 0030 00532.o 0 0 00 000 14 001200 0.100 BT0
1 1 2 02000 1 0000 0030 00532.o 0 0 00 000 00 001200 0.0000 BC0
1 0 2 02000 1 0000 0030 00532.p 0 0 00 000 14 001200 0.100 BT1
1 1 2 02000 1 0000 0030 00532.p 0 0 00 000 00 001200 0.0000 BC1
1 0 2 02000 1 0000 0030 01064.o 0 0 00 000 14 001200 0.100 BT2
532.000 .o analog 0 	532.000 .o photon 0 	532.000 .p analog 1 	532.000 .p photon 1 	1064.000 .o analog 2 
 18.7985	109.7375	 10.2059	 91.4167	  1.8082
 20.1409	149.2167	 10.6921	125.8542	  1.8091
 97.5548	145.7167	 60.9321	124.9833	  1.8095
 99.9756	143.2583	 30.1103	123.2167	  1.8089
 93.0831	140.6125	 25.0298	122.8000	  1.8089
 66.4098	138.2917	 20.0152	121.4708	  1.8097
 49.7488	136.6208	 16.7000	120.6125	  1.8090
 39.9795	135.8667	 14.7227	120.0667	  1.8087
 33.9734	135.3958	 13.5101	119.9375	  1.8090
 30.0463	133.9292	 12.6784	119.4667	  1.8095
 27.3527	133.5750	 12.1146	119.4417	  1.8093
 25.4829	133.6292	 11.7172	118.6583	  1.8089
 24.1870	132.9458	 11.4294	119.5458	  1.8092
 23.1476	132.3083	 11.2236	118.4208	  1.8091
 22.4098	132.9500	 11.0429	119.0500	  1.8090
 21.8146	132.9542	 10.9070	118.1750	  1.8090
 21.3342	132.8000	 10.7986	118.2083	  1.8091
 20.9456	132.3500	 10.7027	118.7667	  1.8090
 20.6470	132.1958	 10.6421	117.9458	  1.8095
 20.3979	132.3958	 10.5900	117.8458	  1.8091
 20.2126	131.9458	 10.5259	118.4875	  1.8093
 20.0302	131.7792	 10.5000	118.8708	  1.8097
 19.8748	131.8958	 10.4551	117.9250	  1.8097
 19.7528	131.4917	 10.4382	118.0042	  1.8094
 19.6526	131.8083	 10.4053	117.6208	  1.8094
 19.5554	131.9792	 10.3791	118.2125	  1.8092
 19.4792	131.6833	 10.3589	117.7000	  1.8091
 19.3855	131.7333	 10.3610	118.1667	  1.8090
 19.3508	132.4167	 10.3394	118.2500	  1.8088
 19.2912	132.2208	 10.3057	118.0750	  1.8094
 19.2438	131.6875	 10.3024	118.3375	  1.8091
 19.1906	131.7000	 10.3075	118.4125	  1.8091
 19.1625	131.5750	 10.2862	117.5875	  1.8092
 19.1485	131.5792	 10.2848	117.8250	  1.8094
 19.0904	131.6708	 10.2707	118.2042	  1.8093
 19.0515	131.5583	 10.2690	118.4875	  1.8093
 19.0415	131.0917	 10.2712	117.9167	  1.8089
 19.0336	131.7375	 10.2424	117.5583	  1.8095
 18.9441	130.9000	 10.2406	117.4708	  1.8088
 18.9273	131.4917	 10.2246	117.7583	  1.8088
 18.9329	131.7208	 10.2505	118.0417	  1.8091
 18.9149	131.5917	 10.2244	117.9458	  1.8089
 18.8812	131.9250	 10.2215	117.8625	  1.8096
 18.8527	131.5792	 10.2243	117.7417	  1.8089
 18.8733	131.1833	 10.2213	118.1083	  1.8086
 18.8642	131.0667	 10.2225	117.5333	  1.8085
 18.8414	131.0583	 10.2093	118.7250	  1.8093
 18.8493	132.0667	 10.2150	118.7333	  1.8091
 18.8416	131.2208	 10.2066	118.1000	  1.8089
 18.8449	131.4833	 10.2190	118.2708	  1.8090
 18.8316	131.4250	 10.2046	117.9917	  1.8092
 18.8503	131.7500	 10.2232	117.7833	  1.8085
 18.8247	130.9042	 10.1936	117.9833	  1.8090
 18.8397	131.0667	 10.2210	118.8208	  1.8090
 18.8041	131.8958	 10.2047	118.2583	  1.8096
 18.8167	131.2000	 10.2185	118.7208	  1.8095
 18.8194	131.5125	 10.1984	118.2000	  1.8090
 18.8211	131.5792	 10.2001	117.7042	  1.8096
 18.8384	131.0833	 10.2017	118.2625	  1.8092
 18.8218	131.0458	 10.2020	117.5208	  1.8095
 18.7875	131.4208	 10.2105	118.2458	  1.8088
 18.8093	131.2917	 10.2085	117.8542	  1.8093
 18.7918	131.5917	 10.2066	118.7042	  1.8095
 18.8246	131.5667	 10.2253	117.7250	  1.8092
 18.8167	131.4958	 10.2084	118.3542	  1.8095
 18.8081	131.5250	 10.1961	117.8833	  1.8095
 18.7995	131.1208	 10.1987	118.3333	  1.8089
 18.8108	131.2167	 10.2000	118.4792	  1.8088
 18.8185	131.2292	 10.2086	118.1708	  1.8096
 18.7994	131.3583	 10.2113	118.0917	  1.8092
 18.8204	131.5792	 10.2010	118.4583	  1.8091
 18.8144	130.5417	 10.2091	118.3625	  1.8092
 18.8270	131.2792	 10.1963	118.3667	  1.8091
 18.7952	131.6042	 10.2060	117.8375	  1.8094
 18.8030	131.6292	 10.2030	117.7583	  1.8093
 18.7978	131.8417	 10.2158	117.7792	  1.8093
 18.8043	131.4917	 10.2016	117.5708	  1.8098
 18.7960	131.5333	 10.2057	117.9000	  1.8092
 18.7923	130.9417	 10.1992	117.2292	  1.8094
 18.7901	131.3875	 10.1934	118.2625	  1.8091
 18.8153	131.4000	 10.2004	118.0875	  1.8088
 18.8145	131.4000	 10.2094	117.4625	  1.8089
 18.8202	130.9917	 10.2154	118.3125	  1.8093
 18.8005	131.1292	 10.2138	117.9792	  1.8094
 18.8104	131.7958	 10.1985	118.0375	  1.8094
 18.8281	131.2542	 10.2140	118.2958	  1.8093
 18.8166	131.7167	 10.2062	118.0167	  1.8087
 18.8227	131.2417	 10.1971	118.0458	  1.8094
 18.8215	132.0250	 10.1965	117.9000	  1.8090
 18.8006	131.6917	 10.2051	117.9417	  1.8092
 18.8141	130.9875	 10.2198	118.2667	  1.8088
 18.8168	131.6375	 10.2062	118.0542	  1.8088
 18.8252	131.7000	 10.2059	118.2417	  1.8087
 18.8224	131.0833	 10.2193	118.6292	  1.8092
 18.8200	132.0667	 10.2041	118.5917	  1.8089
 18.8249	131.6333	 10.1982	117.8125	  1.8095
 18.8104	131.3917	 10.2048	118.3417	  1.8090
 18.8006	131.4000	 10.1970	117.6167	  1.8093
 18.8178	131.6417	 10.2149	117.8042	  1.8090
 18.8224	131.5375	 10.2066	117.6667	  1.8094
 18.8063	131.6750	 10.2153	118.3000	  1.8095
 18.8165	131.1000	 10.2107	117.5708	  1.8096
 18.8156	131.5375	 10.1976	118.0250	  1.8089
 18.8215	131.1250	 10.1982	118.5583	  1.8093
 18.8143	131.1333	 10.2113	118.3792	  1.8089
 18.8138	131.4000	 10.2023	118.1292	  1.8099
 18.8072	131.4792	 10.2115	118.7542	  1.8090
 18.7934	131.1500	 10.2031	117.6417	  1.8090
 18.8017	131.4583	 10.2028	118.4792	  1.8092
 18.8163	131.3667	 10.2092	117.8750	  1.8094
 18.8306	130.9292	 10.2043	118.1167	  1.8084
 18.8113	131.7542	 10.2139	118.1750	  1.8093
 18.8011	131.1750	 10.2100	117.7042	  1.8089
 18.8236	131.2458	 10.2009	117.9583	  1.8093
 18.8057	131.7125	 10.2026	118.0708	  1.8092
 18.8128	131.3458	 10.2112	117.8792	  1.8090
 18.8160	131.5167	 10.2063	118.3375	  1.8088
 18.8174	131.4958	 10.2159	118.2458	  1.8087
 18.8000	131.0917	 10.1970	118.2542	  1.8090
 18.8134	131.7500	 10.2153	117.7208	  1.8087
 18.8281	131.4000	 10.2050	118.2042	  1.8095
 18.7903	131.4083	 10.2102	118.4458	  1.8092
 18.8174	130.9708	 10.2073	117.9792	  1.8089
 18.8027	131.7500	 10.2050	117.4917	  1.8090
 18.8058	131.3000	 10.2112	117.9417	  1.8089
 18.8140	131.8417	 10.2237	118.6417	  1.8094
 18.7937	131.6625	 10.1855	118.2667	  1.8091
 18.8059	131.5208	 10.1927	117.5625	  1.8097
 18.8135	131.8875	 10.1993	118.0333	  1.8090
 18.7980	131.4500	 10.2001	118.3000	  1.8091
 18.8073	131.2250	 10.1928	117.6667	  1.8095
 18.8140	131.5958	 10.1983	117.9917	  1.8094
 18.8010	131.0833	 10.2018	117.7375	  1.8097
 18.7990	131.6042	 10.1994	118.1292	  1.8083
 18.8100	130.8417	 10.1977	118.3625	  1.8093
 18.8177	131.4375	 10.2084	118.0708	  1.8096
 18.8062	131.5333	 10.2024	117.3833	  1.8098
 18.8147	131.3792	 10.1972	118.0042	  1.8093
 18.8098	131.3250	 10.1983	117.5833	  1.8092
 18.8199	131.8750	 10.2053	117.8542	  1.8094
 18.7936	130.9167	 10.2198	118.4417	  1.8090
 18.8026	131.0625	 10.2069	117.5333	  1.8091
 18.8154	131.5250	 10.1917	118.2417	  1.8094
 18.7944	131.7875	 10.1856	118.1833	  1.8093
 18.8158	131.7167	 10.1974	118.3167	  1.8088
 18.8177	131.1583	 10.2160	118.3333	  1.8091
 18.8112	131.0583	 10.2045	117.5125	  1.8093
 18.8107	131.5667	 10.1949	117.8958	  1.8091
 18.8193	131.0708	 10.2129	118.0917	  1.8089
 18.8207	131.3833	 10.2040	117.8458	  1.8091
 18.8045	131.5000	 10.2022	118.2500	  1.8091
 18.8102	131.9958	 10.1893	117.7458	  1.8092
 18.7888	131.7208	 10.1915	118.2250	  1.8088
 18.8045	131.0667	 10.1956	118.0250	  1.8095
 18.8096	131.3750	 10.2056	118.6292	  1.8091
 18.8039	130.9042	 10.2308	118.3625	  1.8097
 18.8083	131.7167	 10.2009	118.2833	  1.8088
 18.8041	131.0833	 10.2005	117.9417	  1.8094
 18.8070	130.9292	 10.1982	118.2208	  1.8085
 18.8129	131.1958	 10.2001	117.6417	  1.8093
 18.8185	131.1042	 10.1982	117.7042	  1.8091
 18.8242	131.2333	 10.2033	117.8375	  1.8094
 18.8193	131.6167	 10.2100	118.0125	  1.8090
 18.7992	131.4708	 10.2064	118.0625	  1.8090
 18.8057	131.5958	 10.2066	118.3417	  1.8097
 18.8180	130.8625	 10.2071	117.9042	  1.8089
 18.8127	131.2625	 10.2086	118.3333	  1.8094
 18.8116	131.8583	 10.2058	117.9000	  1.8094
 18.7967	131.4417	 10.1946	118.3708	  1.8088
 18.8118	131.5667	 10.1924	118.0583	  1.8093
 18.8175	131.5208	 10.1896	117.9750	  1.8090
 18.8291	131.8208	 10.2045	118.3083	  1.8091
 18.8098	131.2500	 10.2172	118.5000	  1.8093
 18.8026	131.9042	 10.2076	117.7875	  1.8088
 18.8040	132.3750	 10.2000	117.5500	  1.8088
 18.8095	131.4167	 10.2011	116.8583	  1.8093
 18.8194	131.4333	 10.2121	117.6375	  1.8092
 18.8232	131.3292	 10.1895	117.8792	  1.8094
 18.8050	131.6500	 10.1896	117.9667	  1.8088
 18.7934	131.3750	 10.1981	117.8917	  1.8093
 18.8145	131.4375	 10.2049	118.3458	  1.8092
 18.7951	131.5250	 10.1964	118.1750	  1.8093
 18.8058	131.2125	 10.2056	118.3333	  1.8093
 18.8132	131.6375	 10.1971	117.5958	  1.8089
 18.8126	131.1458	 10.2000	117.6042	  1.8091
 18.8118	131.3833	 10.2147	117.6083	  1.8089
 18.8065	131.7458	 10.1939	118.0750	  1.8090
 18.7945	131.3625	 10.1908	117.9875	  1.8091
 18.8152	131.7458	 10.1959	117.7583	  1.8089
 18.8124	131.0625	 10.2097	118.1625	  1.8095
 18.8037	130.7208	 10.1956	118.2542	  1.8086
 18.8150	131.6542	 10.1898	117.7042	  1.8096
 18.8008	131.2542	 10.2011	117.7833	  1.8089
 18.7974	131.7625	 10.2017	117.8167	  1.8094
 18.8097	131.4917	 10.2076	118.2042	  1.8090
 18.8226	130.8417	 10.1890	117.9292	  1.8092
 18.8158	131.8625	 10.1898	117.6250	  1.8093
 18.7975	131.2667	 10.2012	117.8250	  1.8098
 18.8209	131.1375	 10.2006	117.7958	  1.8093
 18.8267	132.0250	 10.2019	118.4917	  1.8093
 18.8035	131.4417	 10.1974	118.2667	  1.8090
 18.8109	130.9875	 10.1842	118.0125	  1.8089
 18.8050	130.9958	 10.2121	118.3917	  1.8094
 18.8093	131.3708	 10.1999	117.9542	  1.8088
 18.8050	131.4542	 10.2011	118.0500	  1.8090
 18.8288	131.6083	 10.2035	117.9250	  1.8084
 18.7950	131.0792	 10.1956	117.8500	  1.8089
 18.8091	131.1875	 10.1871	118.0875	  1.8091
 18.8269	131.6750	 10.2074	118.0792	  1.8096
 18.8116	131.2750	 10.1917	117.8083	  1.8090
 18.8012	131.6500	 10.2052	118.3333	  1.8096
 18.8180	131.0292	 10.1955	118.2542	  1.8094
 18.8088	131.3875	 10.1898	118.1958	  1.8092
 18.8019	131.5542	 10.2003	117.6750	  1.8091
 18.8106	131.4667	 10.1894	117.4458	  1.8095
 18.8030	131.3125	 10.1965	118.3208	  1.8093
 18.7968	131.5083	 10.1961	118.5875	  1.8091
 18.8005	131.6708	 10.2097	118.1042	  1.8087
 18.8156	131.5417	 10.2066	118.4042	  1.8089
 18.8138	131.2833	 10.2107	118.7250	  1.8094
 18.8169	131.1125	 10.2009	117.5000	  1.8093
 18.7962	131.3167	 10.1927	118.0125	  1.8089
 18.8169	131.4042	 10.2029	118.0333	  1.8090
 18.8126	131.7792	 10.2033	118.3083	  1.8096
 18.8107	131.3042	 10.1986	118.1708	  1.8088
 18.8220	130.8458	 10.2129	117.8958	  1.8091
 18.8206	130.9833	 10.1984	117.7375	  1.8090
 18.8146	131.5625	 10.1924	118.1625	  1.8086
 18.8075	131.4458	 10.1937	117.9917	  1.8088
 18.8065	131.6875	 10.2136	118.2167	  1.8095
 18.8117	131.5417	 10.1979	118.4375	  1.8093
 18.8220	131.6833	 10.2045	118.0542	  1.8095
 18.8269	131.4875	 10.1973	118.1958	  1.8086
 18.8088	131.6583	 10.2028	118.5000	  1.8091
 18.8155	131.1083	 10.2003	117.9667	  1.8092
 18.8210	131.0792	 10.2070	118.3583	  1.8090
 18.8202	131.8250	 10.1879	117.4833	  1.8094
 18.8014	131.4292	 10.1960	117.8667	  1.8090
 18.8277	131.7917	 10.2093	117.3083	  1.8090
 18.8009	131.4750	 10.1958	118.0667	  1.8089
 18.8103	131.2167	 10.1999	118.2750	  1.8091
 18.8182	131.3833	 10.1805	117.8833	  1.8091
 18.8142	131.1958	 10.2029	118.5583	  1.8084
 18.8032	131.6917	 10.2010	118.0667	  1.8088
 18.8117	131.7583	 10.1988	117.8750	  1.8087
 18.8254	131.3625	 10.2018	118.1000	  1.8085
 18.8097	131.5375	 10.2099	117.7542	  1.8094
 18.7930	131.4125	 10.2094	117.6833	  1.8091
 18.8048	130.7500	 10.2000	117.7625	  1.8097
 18.8281	131.5500	 10.2185	117.9208	  1.8093
 18.7974	131.5875	 10.2129	117.7958	  1.8090
 18.8246	131.7583	 10.2034	118.1000	  1.8095
 18.8126	130.9792	 10.2012	117.8292	  1.8091
 18.8045	131.0708	 10.1962	118.1667	  1.8091
 18.8177	131.6875	 10.2081	117.7875	  1.8095
 18.8106	131.3500	 10.1968	118.1167	  1.8099
 18.8070	131.6250	 10.1787	117.9292	  1.8094
 18.8010	131.3917	 10.2095	118.3417	  1.8092
 18.8031	131.4083	 10.1935	118.2000	  1.8091
 18.8104	131.3833	 10.2041	118.2542	  1.8092
 18.8235	131.6250	 10.2159	117.9042	  1.8091
 18.8276	131.2333	 10.2064	117.6292	  1.8084
 18.8070	131.5625	 10.2184	117.5708	  1.8085
 18.7988	130.9167	 10.2046	118.4375	  1.8090
 18.8084	131.3625	 10.2167	117.8958	  1.8087
 18.8167	131.7333	 10.2021	118.5833	  1.8091
 18.8071	131.5500	 10.2009	118.2875	  1.8089
 18.8137	131.5167	 10.2040	118.8917	  1.8090
 18.7954	132.1750	 10.2038	118.0208	  1.8095
 18.7875	131.5167	 10.2110	118.0292	  1.8093
 18.8128	131.3000	 10.1988	117.7458	  1.8090
 18.7994	131.1708	 10.1992	118.1417	  1.8082
 18.7987	131.3458	 10.2127	118.1917	  1.8085
 18.8036	130.9708	 10.2023	118.1167	  1.8092
 18.8130	130.8917	 10.2040	118.3917	  1.8087
 18.8084	131.4792	 10.2048	118.3125	  1.8095
 18.8148	131.5542	 10.2127	117.7625	  1.8094
 18.8076	131.8292	 10.2158	117.8708	  1.8092
 18.7918	131.3333	 10.1870	118.1875	  1.8094
 18.8128	131.8542	 10.1855	118.1042	  1.8092
 18.8101	131.2583	 10.2011	118.0167	  1.8091
 18.8212	131.4167	 10.2031	118.3792	  1.8086
 18.8060	131.2667	 10.2023	117.9500	  1.8091
 18.8176	131.5542	 10.1886	117.6458	  1.8090
 18.8166	131.8125	 10.2195	117.5750	  1.8089
 18.8120	131.4583	 10.2091	117.5042	  1.8091
 18.8142	131.3500	 10.1855	117.7625	  1.8085
 18.7898	131.4083	 10.1965	118.0792	  1.8087
 18.8183	131.4125	 10.2057	118.1250	  1.8089
 18.8167	131.1542	 10.2091	117.7667	  1.8092
 18.8043	131.5958	 10.2107	117.8750	  1.8092
 18.8057	131.2292	 10.1928	118.0333	  1.8095
 18.8137	131.6708	 10.2058	118.5625	  1.8089
 18.8046	131.8417	 10.2064	117.8375	  1.8097
 18.8223	130.8375	 10.1980	118.0833	  1.8097
 18.7908	131.3792	 10.2086	118.4208	  1.8087
 18.8116	131.2667	 10.1986	117.9083	  1.8093
 18.8072	131.4958	 10.2078	117.9125	  1.8090
 18.8230	131.7458	 10.2138	118.2542	  1.8091
 18.7959	131.7083	 10.2130	118.0083	  1.8091
 18.8080	131.0458	 10.1945	117.8042	  1.8091
 18.8206	131.1542	 10.2103	117.7167	  1.8093
 18.8148	131.1583	 10.2049	118.5042	  1.8091
 18.8084	131.6000	 10.2081	118.1417	  1.8091
 18.8032	131.2167	 10.2077	118.2792	  1.8087
 18.8088	131.1750	 10.2155	118.3708	  1.8096
 18.8052	131.5750	 10.1999	117.7417	  1.8092
 18.8340	131.5083	 10.2147	118.1458	  1.8091
 18.8165	131.2167	 10.1805	118.3750	  1.8093
 18.8014	131.2083	 10.2032	117.6833	  1.8099
 18.8101	130.7208	 10.1920	118.6000	  1.8085
 18.8064	131.5958	 10.1994	117.7292	  1.8084
 18.8127	131.2000	 10.2038	117.8833	  1.8088
 18.8190	131.2042	 10.2108	117.7667	  1.8089
 18.8137	131.3708	 10.2134	117.9250	  1.8087
 18.8059	131.1125	 10.1893	117.8500	  1.8090
 18.8065	131.8917	 10.2124	117.8875	  1.8086
 18.8041	131.6833	 10.1990	117.8417	  1.8093
 18.8014	131.0583	 10.2211	118.0792	  1.8090
 18.8030	131.4250	 10.2034	118.0542	  1.8093
 18.8097	130.9792	 10.1951	118.2333	  1.8089
 18.8147	131.6250	 10.2100	118.2500	  1.8096
 18.8270	131.2833	 10.1992	117.6083	  1.8094
 18.8182	131.1542	 10.2101	118.5667	  1.8094
 18.8118	131.5333	 10.2018	118.3083	  1.8091
 18.8140	131.9250	 10.1982	118.4917	  1.8089
 18.8085	131.1542	 10.2099	118.1917	  1.8088
 18.8137	131.2958	 10.2249	118.0625	  1.8092
 18.8221	131.5125	 10.2075	118.3625	  1.8086
 18.8110	131.2083	 10.2007	118.1125	  1.8083
 18.8101	131.4792	 10.2005	117.7458	  1.8092
 18.8147	131.5833	 10.2089	118.1833	  1.8091
 18.8196	131.3333	 10.2064	118.1000	  1.8090
 18.8142	131.0333	 10.1935	118.1875	  1.8093
 18.8188	131.3417	 10.2073	118.0583	  1.8088
 18.8057	131.4792	 10.2015	117.8292	  1.8092
 18.8211	131.3833	 10.2036	117.9250	  1.8090
 18.8155	131.9958	 10.2050	117.9458	  1.8094
 18.8141	131.2625	 10.2151	118.1542	  1.8089
 18.8238	131.5375	 10.1976	117.8875	  1.8093
 18.8167	131.6792	 10.2046	118.0792	  1.8091
 18.8004	131.5875	 10.1928	118.0917	  1.8091
 18.8159	131.8000	 10.2155	118.6500	  1.8088
 18.8236	131.2500	 10.1978	117.7208	  1.8092
 18.8020	131.4750	 10.1770	117.8833	  1.8086
 18.8068	131.4167	 10.1883	117.6583	  1.8088
 18.8273	131.2958	 10.2025	117.4750	  1.8088
 18.8149	131.4333	 10.1922	117.8500	  1.8093
 18.8080	131.4917	 10.2101	118.0625	  1.8092
 18.7934	131.0500	 10.2091	117.5333	  1.8089
 18.8059	131.5750	 10.2166	117.9042	  1.8091
 18.8115	131.2792	 10.2094	117.9625	  1.8094
 18.8059	131.3917	 10.2154	117.2125	  1.8093
 18.8013	131.2667	 10.1991	117.1583	  1.8088
 18.8137	131.0917	 10.1921	117.8042	  1.8093
 18.8044	131.8708	 10.2029	118.0000	  1.8091
 18.8282	131.7708	 10.1868	117.8500	  1.8095
 18.8144	131.3333	 10.2047	117.9250	  1.8091
 18.8133	131.1917	 10.2141	118.7208	  1.8091
 18.8305	130.8583	 10.2040	118.1958	  1.8087
 18.8095	131.9542	 10.1930	117.8125	  1.8089
 18.8103	131.3333	 10.2154	118.0250	  1.8087
 18.8296	131.5917	 10.1876	118.1250	  1.8093
 18.8006	131.2958	 10.1998	118.4042	  1.8091
 18.8171	131.1500	 10.1921	118.3792	  1.8092
 18.7997	131.6958	 10.1897	117.7792	  1.8089
 18.7978	131.4583	 10.2100	118.0958	  1.8083
 18.8149	131.4458	 10.2019	117.9917	  1.8094
 18.8110	131.3125	 10.2006	117.9167	  1.8087
 18.8148	131.6625	 10.2098	118.6167	  1.8084
 18.8147	131.8625	 10.2093	118.3083	  1.8089
 18.8148	130.9583	 10.1994	117.4833	  1.8092
 18.8170	131.2500	 10.2058	118.4542	  1.8086
 18.8158	131.5917	 10.1895	118.2708	  1.8084
 18.8055	131.9208	 10.1892	117.8583	  1.8090
 18.8263	131.7583	 10.2088	117.8708	  1.8087
 18.8148	131.3875	 10.2131	118.4125	  1.8083
 18.8116	131.6875	 10.2208	118.4750	  1.8089
 18.8086	131.8542	 10.2074	117.5500	  1.8093
 18.7965	131.6708	 10.2007	118.1792	  1.8087
 18.7990	132.0083	 10.2071	117.9125	  1.8088
 18.8071	131.7042	 10.1908	118.0125	  1.8088
 18.8023	131.3500	 10.2034	118.5375	  1.8090
 18.8085	131.4750	 10.2020	118.4792	  1.8088
 18.8063	131.4542	 10.2160	118.2708	  1.8086
 18.8220	131.3333	 10.2001	118.1292	  1.8093
 18.7942	131.9917	 10.2079	118.2917	  1.8094
 18.8159	131.7708	 10.1937	117.6167	  1.8088
 18.8142	131.3667	 10.1957	117.8542	  1.8092
 18.8142	131.4333	 10.2006	117.6583	  1.8088
 18.7940	131.6500	 10.2095	117.7125	  1.8091
 18.8262	131.3333	 10.2092	117.4625	  1.8095
 18.8156	131.4250	 10.2056	117.8583	  1.8093
 18.8391	131.7000	 10.1955	118.3708	  1.8095
 18.8044	131.3792	 10.2014	118.0250	  1.8092
 18.8252	131.0125	 10.2200	118.4125	  1.8091
 18.8254	131.5000	 10.1838	118.0167	  1.8090
 18.8111	131.5125	 10.2138	118.1708	  1.8093
 18.8132	131.6833	 10.2108	118.4667	  1.8086
 18.7994	131.6250	 10.2116	117.6667	  1.8090
 18.8384	131.5125	 10.2182	118.1750	  1.8092
 18.8154	131.6750	 10.2043	118.6458	  1.8090
 18.8158	131.4500	 10.2081	118.0833	  1.8095
 18.8368	131.8375	 10.2171	118.3208	  1.8095
 18.8148	131.5875	 10.2035	118.3583	  1.8088
 18.8056	130.9250	 10.1978	118.4208	  1.8092
 18.8317	131.5417	 10.1952	117.9292	  1.8092
 18.8007	131.5750	 10.1904	117.7375	  1.8092
 18.8221	131.7667	 10.2086	118.5333	  1.8094
 18.8206	131.1458	 10.2000	118.8958	  1.8095
 18.8032	131.4208	 10.1977	118.3042	  1.8092
 18.8146	131.8500	 10.1917	118.4500	  1.8097
 18.8008	131.3792	 10.2069	117.9333	  1.8093
 18.7990	131.3458	 10.2066	118.1250	  1.8096
 18.8060	131.1958	 10.1956	118.0000	  1.8088
 18.8024	131.7875	 10.2040	117.9875	  1.8088
 18.7962	131.2500	 10.1962	118.1625	  1.8092
 18.8002	131.4125	 10.2119	117.8917	  1.8089
 18.8260	131.7417	 10.2139	118.2500	  1.8087
 18.8133	131.2542	 10.2223	117.7708	  1.8090
 18.8187	131.8208	 10.1890	118.0917	  1.8092
 18.8028	131.2125	 10.1912	117.8750	  1.8095
 18.8225	131.6667	 10.1876	118.2667	  1.8087
 18.8127	131.2417	 10.2077	117.8375	  1.8094
 18.8082	131.2250	 10.2124	118.0792	  1.8094
 18.8244	130.9667	 10.2023	118.2292	  1.8091
 18.8181	131.5750	 10.2124	118.0417	  1.8092
 18.7973	130.8417	 10.2068	118.1500	  1.8087
 18.8251	131.8167	 10.2069	118.3542	  1.8089
 18.8231	131.3542	 10.2094	117.5875	  1.8089
 18.8045	131.6292	 10.1989	118.5042	  1.8087
 18.7941	131.1625	 10.1999	118.0167	  1.8089
 18.8086	131.0167	 10.2134	118.1958	  1.8084
 18.8231	131.5542	 10.2051	117.5792	  1.8087
 18.8017	131.3125	 10.2026	117.8917	  1.8092
 18.8206	131.7292	 10.1965	118.1292	  1.8089
 18.8080	130.9792	 10.2004	118.2792	  1.8094
 18.8111	131.5958	 10.2039	118.4042	  1.8089
 18.8159	132.1417	 10.2061	118.4000	  1.8092
 18.8011	131.6458	 10.1982	118.1000	  1.8092
 18.8147	131.4708	 10.1983	118.0333	  1.8089
 18.8209	131.4917	 10.1857	117.7625	  1.8093
 18.8073	131.1667	 10.2009	118.1125	  1.8089
 18.8291	131.6958	 10.2029	118.4208	  1.8092
 18.8092	131.3083	 10.1976	117.8875	  1.8092
 18.8156	131.3917	 10.1905	118.1583	  1.8092
 18.7976	131.1042	 10.1987	118.1875	  1.8087
 18.8165	131.9375	 10.2155	117.9083	  1.8093
 18.8028	131.1708	 10.2222	117.7667	  1.8090
 18.7864	131.4917	 10.2044	117.8500	  1.8091
 18.8043	131.8292	 10.2052	117.9250	  1.8094
 18.7881	131.6208	 10.2116	118.4083	  1.8091
 18.8133	130.8292	 10.2071	117.6583	  1.8089
 18.8059	131.3458	 10.1979	118.3000	  1.8087
 18.7938	131.6625	 10.2065	117.5917	  1.8091
 18.8129	131.4583	 10.2070	118.1833	  1.8088
 18.8288	131.2583	 10.1956	118.1458	  1.8088
 18.8132	130.8417	 10.2172	118.2917	  1.8092
 18.8115	131.0208	 10.2109	118.2250	  1.8088
 18.8253	131.2958	 10.2045	117.5458	  1.8086
 18.8114	131.4250	 10.2084	117.7917	  1.8085
 18.7976	132.1542	 10.2076	118.4792	  1.8087
 18.8051	130.8958	 10.1929	117.8458	  1.8090
 18.8168	130.8708	 10.2053	118.0917	  1.8093
 18.8341	131.2292	 10.1864	117.4042	  1.8088
 18.8070	131.1042	 10.2022	117.6458	  1.8089
 18.8021	131.3250	 10.2017	118.1208	  1.8091
 18.8198	132.2375	 10.2000	117.5917	  1.8086
 18.8106	130.9250	 10.2009	117.6083	  1.8092
 18.8067	131.6667	 10.2057	118.3875	  1.8089
 18.8039	130.9417	 10.2130	118.3875	  1.8088
 18.8033	131.7750	 10.2177	117.4292	  1.8092
 18.8274	131.3208	 10.1899	118.6917	  1.8086
 18.8317	131.5708	 10.1973	117.8167	  1.8091
 18.7997	131.8458	 10.2136	118.0042	  1.8090
 18.8101	130.9167	 10.2240	118.3125	  1.8090
 18.8206	131.3167	 10.1973	117.5958	  1.8094
 18.8086	131.8042	 10.1983	117.5292	  1.8090
 18.8022	131.1792	 10.2010	118.3875	  1.8095
 18.8200	131.5125	 10.2095	118.2458	  1.8090
 18.8220	131.4542	 10.1875	118.0083	  1.8091
 18.8047	131.5250	 10.2083	118.4708	  1.8087
 18.7941	131.3417	 10.1939	118.1875	  1.8081
 18.8114	131.7833	 10.2193	118.4292	  1.8089
 18.8007	131.1792	 10.2120	118.3250	  1.8093
 18.8022	131.6708	 10.1958	117.5250	  1.8092
 18.8133	131.3375	 10.2021	117.8750	  1.8095
 18.8094	131.1250	 10.1994	118.1208	  1.8092
 18.8184	131.7833	 10.2139	118.3333	  1.8091
 18.8109	131.2958	 10.2006	118.2458	  1.8088
 18.7970	131.7875	 10.2093	117.6958	  1.8082
 18.8160	131.2292	 10.1868	117.8542	  1.8088
 18.8156	131.5875	 10.2051	117.9500	  1.8092
 18.8169	131.6917	 10.1985	117.9750	  1.8084
 18.8157	131.5292	 10.2028	118.1250	  1.8088
 18.8101	131.3500	 10.2236	118.0958	  1.8091
 18.8098	131.5708	 10.2108	117.8542	  1.8084
 18.8166	131.8083	 10.1967	117.9667	  1.8086
 18.7983	131.6833	 10.2058	117.8667	  1.8093
 18.8122	130.8750	 10.2065	117.8833	  1.8091
 18.8178	131.4458	 10.2087	117.8292	  1.8091
 18.8124	130.9750	 10.2035	117.8917	  1.8086
 18.8166	131.9375	 10.1998	118.2708	  1.8091
 18.8276	131.0542	 10.1988	117.6208	  1.8091
 18.8137	131.5583	 10.2029	118.0667	  1.8096
 18.8141	131.4917	 10.2049	118.4083	  1.8089
 18.8303	131.2000	 10.2056	118.3833	  1.8088
 18.7913	131.8583	 10.1934	117.9250	  1.8093
 18.8005	131.3250	 10.1947	117.5667	  1.8091
 18.8229	131.2458	 10.1974	117.7917	  1.8092
 18.8315	131.6875	 10.2204	117.5375	  1.8092
 18.8198	131.5208	 10.2096	118.0542	  1.8089
 18.8219	130.8375	 10.2067	118.6042	  1.8091
 18.8149	132.0250	 10.1989	118.1250	  1.8090
 18.7942	131.2583	 10.2087	118.3583	  1.8089
 18.8259	131.2667	 10.1983	117.6583	  1.8085
 18.8209	131.1125	 10.2099	118.0625	  1.8089
 18.8072	131.6625	 10.2022	117.8625	  1.8084
 18.8132	131.6792	 10.2083	118.0917	  1.8095
 18.8113	131.7625	 10.2004	118.1125	  1.8087
 18.8032	131.8458	 10.1986	118.2042	  1.8087
 18.8157	131.0125	 10.2226	118.0333	  1.8095
 18.8095	131.3542	 10.2150	118.3083	  1.8086
 18.8113	131.4417	 10.2000	118.2750	  1.8087
 18.8194	131.4250	 10.2022	117.9250	  1.8091
 18.8143	131.2083	 10.1986	117.4000	  1.8095
 18.8097	131.9875	 10.2096	117.9958	  1.8095
 18.8222	131.2875	 10.1959	118.1042	  1.8090
 18.8063	131.6500	 10.1999	118.3083	  1.8093
 18.8120	132.0292	 10.2000	118.5333	  1.8089
 18.8095	131.1583	 10.1981	117.7083	  1.8093
 18.8148	131.6083	 10.2039	118.3917	  1.8091
 18.8162	130.7750	 10.2016	118.3333	  1.8092
 18.8045	131.2125	 10.2001	118.5417	  1.8087
 18.8032	131.1250	 10.2133	118.2708	  1.8091
 18.8079	130.7292	 10.2171	118.0750	  1.8088
 18.8251	131.9500	 10.1856	118.2125	  1.8091
 18.8187	131.6958	 10.2203	118.9708	  1.8091
 18.7996	131.7708	 10.1900	118.0208	  1.8090
 18.8236	131.4833	 10.2212	118.6917	  1.8091
 18.8076	131.0625	 10.2022	118.1583	  1.8098
 18.8046	130.9208	 10.1818	118.0833	  1.8084
 18.8095	131.4250	 10.2074	118.6417	  1.8087
 18.7997	131.4750	 10.2081	118.1750	  1.8084
 18.8128	130.9792	 10.1941	117.7250	  1.8089
 18.8036	131.6833	 10.2003	118.7750	  1.8090
 18.8216	131.2625	 10.2052	117.6375	  1.8089
 18.8381	131.3000	 10.2043	118.2417	  1.8088
 18.8026	131.6500	 10.1982	117.9250	  1.8086
 18.8300	131.7708	 10.2230	118.4125	  1.8090
 18.8256	131.3583	 10.2073	117.6667	  1.8089
 18.8318	131.3625	 10.1929	117.5167	  1.8092
 18.8104	131.6500	 10.1993	118.1667	  1.8090
 18.8230	131.7458	 10.2107	117.8333	  1.8088
 18.8075	131.3792	 10.1942	117.8833	  1.8083
 18.8205	131.5208	 10.1964	117.9417	  1.8086
 18.8057	130.7042	 10.2118	117.6542	  1.8094
 18.8114	131.4208	 10.2088	118.9875	  1.8087
 18.8092	131.5917	 10.1889	118.1375	  1.8086
 18.8203	131.6625	 10.2001	118.2375	  1.8085
 18.8153	131.0417	 10.2113	117.7625	  1.8087
 18.8038	131.9042	 10.2099	117.7458	  1.8091
 18.8060	131.6000	 10.1866	118.4125	  1.8084
 18.8179	132.2083	 10.2005	117.9667	  1.8088
 18.7871	131.5083	 10.1895	118.0833	  1.8086
 18.8064	131.2333	 10.2021	118.4958	  1.8092
 18.8095	131.4167	 10.2000	117.8875	  1.8087
 18.8133	131.3833	 10.2153	117.4958	  1.8092
 18.8101	132.0833	 10.2110	117.8917	  1.8086
 18.8157	131.2167	 10.1898	117.7292	  1.8085
 18.8250	131.3125	 10.1960	117.9292	  1.8094
 18.8103	131.3500	 10.1914	117.8000	  1.8089
 18.7957	131.6208	 10.2061	118.0958	  1.8087
 18.8270	131.4917	 10.2172	118.4542	  1.8090
 18.8204	131.5250	 10.2092	118.3042	  1.8087
 18.8099	131.0875	 10.2065	118.2125	  1.8092
 18.8224	131.7417	 10.2169	118.2750	  1.8089
 18.8259	131.9000	 10.2035	118.2333	  1.8090
 18.8040	131.5500	 10.2211	117.6542	  1.8092
 18.8210	131.2667	 10.1924	117.5917	  1.8088
 18.8251	131.4000	 10.1969	118.2167	  1.8091
 18.8097	131.4333	 10.2098	117.7333	  1.8088
 18.8006	131.3208	 10.1990	117.7417	  1.8089
 18.8043	131.9625	 10.2149	118.4333	  1.8091
 18.8129	131.7542	 10.1984	117.9625	  1.8089
 18.7966	130.9958	 10.1994	117.4208	  1.8090
 18.8173	131.0125	 10.2027	117.4208	  1.8085
 18.8117	131.4292	 10.2040	117.7875	  1.8087
 18.8077	131.4083	 10.2111	117.7500	  1.8086
 18.8223	131.7708	 10.2242	118.2708	  1.8088
 18.8157	131.3667	 10.1776	117.9708	  1.8089
 18.8234	131.0042	 10.2006	118.6000	  1.8088
 18.8127	131.7875	 10.1979	117.8250	  1.8088
 18.8143	131.2083	 10.2096	118.2750	  1.8086
 18.8162	130.7292	 10.1992	117.0417	  1.8089
 18.8153	131.6833	 10.2061	118.3208	  1.8088
 18.8325	131.0292	 10.1876	118.3042	  1.8091
 18.8255	131.6917	 10.1967	117.9375	  1.8085
 18.8048	131.4792	 10.2079	117.8708	  1.8085
 18.8302	131.2583	 10.1950	118.3292	  1.8087
 18.8168	131.5000	 10.1932	118.6208	  1.8097
 18.8115	131.5750	 10.2074	118.2208	  1.8087
 18.8028	130.8458	 10.2035	118.0250	  1.8092
 18.8112	131.2542	 10.2184	117.8958	  1.8090
 18.8064	130.7542	 10.2098	118.5750	  1.8088
 18.8058	131.2500	 10.2038	118.0875	  1.8092
 18.8095	131.6292	 10.2038	118.2667	  1.8086
 18.8137	131.6500	 10.2142	118.1667	  1.8092
 18.8110	131.4167	 10.1897	117.9792	  1.8084
 18.8077	131.7083	 10.2195	118.4583	  1.8089
 18.7999	130.8625	 10.2168	118.1250	  1.8087
 18.8017	130.8833	 10.1949	118.3042	  1.8088
 18.8080	132.0958	 10.2011	118.3583	  1.8087
 18.8357	131.2917	 10.2112	118.1500	  1.8090
 18.8094	131.6042	 10.2167	117.8667	  1.8088
 18.8149	131.1042	 10.2080	117.9667	  1.8087
 18.8180	131.6750	 10.2024	118.3083	  1.8092
 18.8123	131.2375	 10.2127	118.5125	  1.8094
 18.8175	131.5583	 10.1891	118.1750	  1.8089
 18.8022	131.2458	 10.2085	118.8042	  1.8089
 18.8229	131.5875	 10.2034	118.0667	  1.8090
 18.8205	131.7375	 10.2091	118.4667	  1.8089
 18.8181	130.9625	 10.2046	117.6958	  1.8090
 18.7884	131.4875	 10.2060	118.4750	  1.8086
 18.7894	131.5458	 10.1942	118.1750	  1.8086
 18.8143	131.7583	 10.1975	117.5708	  1.8092
 18.7962	131.3083	 10.2053	118.0208	  1.8092
 18.8002	131.3958	 10.2006	118.3167	  1.8089
 18.8008	131.5083	 10.2000	117.9708	  1.8084
 18.8218	130.8333	 10.2011	117.7542	  1.8089
 18.8008	132.0375	 10.2040	117.4833	  1.8093
 18.8161	131.3917	 10.1937	118.5875	  1.8084
 18.8022	131.3917	 10.2118	118.2292	  1.8094
 18.8113	131.7208	 10.2081	118.0625	  1.8093
 18.7952	131.4583	 10.2167	117.7833	  1.8088
 18.8218	131.2083	 10.2085	117.7833	  1.8096
 18.8128	131.7375	 10.2059	118.3292	  1.8088
 18.8175	130.8583	 10.2116	118.2750	  1.8088
 18.8227	131.3125	 10.2105	117.6167	  1.8094
 18.7937	131.6292	 10.2047	118.5208	  1.8092
 18.8137	131.4500	 10.1998	118.0458	  1.8083
 18.8017	131.4917	 10.2008	117.8292	  1.8089
 18.7878	131.4667	 10.2000	118.1833	  1.8095
 18.8092	131.4417	 10.1959	118.3500	  1.8089
 18.8006	132.0458	 10.1874	117.7833	  1.8089
 18.8176	131.5500	 10.1966	118.2833	  1.8086
 18.7989	131.3833	 10.2015	118.0750	  1.8091
 18.8038	131.0333	 10.2105	118.0167	  1.8088
 18.8079	131.4625	 10.2006	118.2750	  1.8091
 18.8363	131.4042	 10.2038	118.5333	  1.8087
 18.8206	131.4417	 10.1771	118.5583	  1.8089
 18.8301	131.1458	 10.2033	117.9125	  1.8085
 18.8023	131.6167	 10.1986	118.1042	  1.8083
 18.8028	131.0292	 10.2004	118.0250	  1.8086
 18.8050	131.7292	 10.1979	117.8625	  1.8089
 18.8064	131.1875	 10.2034	118.3750	  1.8085
 18.8071	131.0208	 10.2142	118.2667	  1.8093
 18.8052	132.2708	 10.1953	119.0792	  1.8082
 18.7920	130.9125	 10.2116	118.5875	  1.8086
 18.8152	131.9292	 10.1945	117.9708	  1.8084
 18.8090	131.4792	 10.2016	117.7542	  1.8092
 18.8260	131.3792	 10.1982	118.1667	  1.8091
 18.8130	131.4667	 10.2031	117.9917	  1.8082
 18.8145	131.3708	 10.1977	118.0000	  1.8089
 18.8297	131.4792	 10.1963	117.9333	  1.8093
 18.8165	131.2708	 10.2010	118.1125	  1.8081
 18.8034	130.7833	 10.1996	117.9917	  1.8094
 18.8114	131.4208	 10.2104	117.9333	  1.8083
 18.8167	131.4500	 10.2048	117.8792	  1.8092
 18.8141	131.2458	 10.2024	118.5333	  1.8089
 18.8169	131.3833	 10.1949	118.1292	  1.8092
 18.8003	131.4667	 10.1869	118.0917	  1.8089
 18.8261	131.2125	 10.2096	117.9125	  1.8086
 18.8104	131.6750	 10.2012	117.2042	  1.8095
 18.8253	131.1250	 10.1862	117.6000	  1.8093
 18.8245	131.4500	 10.1995	117.8292	  1.8086
 18.8074	131.7833	 10.2023	118.1042	  1.8089
 18.8051	131.5958	 10.2058	118.4458	  1.8092
 18.7892	131.3000	 10.2140	118.1750	  1.8092
 18.8148	131.5083	 10.1953	118.4250	  1.8092
 18.8008	130.9000	 10.2052	118.0750	  1.8091
 18.8141	131.2958	 10.1908	118.2500	  1.8090
 18.8030	131.1333	 10.2018	118.2542	  1.8093
 18.8043	131.2333	 10.2064	117.9917	  1.8091
 18.8109	131.8833	 10.2116	118.4167	  1.8088
 18.8128	131.5750	 10.2128	117.9375	  1.8087
 18.8009	131.6500	 10.2129	118.0750	  1.8085
 18.8194	131.1167	 10.2134	117.9417	  1.8089
 18.8087	131.1375	 10.2071	117.9083	  1.8085
 18.8176	131.0583	 10.2343	117.7667	  1.8082
 18.8063	131.9833	 10.2165	117.9167	  1.8091
 18.8047	132.0208	 10.1977	118.2375	  1.8089
 18.8069	131.5625	 10.1974	118.0042	  1.8088
 18.8107	131.3583	 10.2027	118.2000	  1.8083
 18.8242	131.8792	 10.1970	117.9917	  1.8083
 18.8129	131.1042	 10.1837	118.3333	  1.8088
 18.8099	130.9208	 10.1990	117.6208	  1.8089
 18.8076	130.9833	 10.2052	118.0417	  1.8090
 18.8085	131.1917	 10.2024	118.6042	  1.8085
 18.8098	131.6208	 10.2062	117.6958	  1.8086
 18.8236	131.2958	 10.2116	118.4292	  1.8089
 18.8218	131.6125	 10.1955	118.2000	  1.8089
 18.8032	131.2000	 10.1861	118.3000	  1.8089
 18.8278	131.2208	 10.1971	118.6125	  1.8086
 18.8096	131.3125	 10.2007	118.0667	  1.8094
 18.8326	131.2917	 10.1906	117.9375	  1.8089
 18.8188	131.6083	 10.2190	118.1417	  1.8091
 18.8196	131.3792	 10.2020	118.0000	  1.8087
 18.8013	130.8375	 10.2126	118.3583	  1.8091
 18.8055	131.7458	 10.2134	117.9458	  1.8086
 18.8056	131.2875	 10.2108	118.1375	  1.8088
 18.7993	130.9417	 10.2030	118.0417	  1.8092
 18.8094	130.8792	 10.2251	118.5667	  1.8086
 18.8163	131.9875	 10.2071	117.7083	  1.8089
 18.8199	131.2917	 10.1873	118.6000	  1.8087
 18.8122	131.4542	 10.2062	118.3583	  1.8085
 18.8052	131.1708	 10.2009	118.2542	  1.8088
 18.8179	131.5292	 10.1843	118.1958	  1.8088
 18.8271	131.6458	 10.2087	117.8208	  1.8091
 18.8316	131.4000	 10.2037	117.6042	  1.8091
 18.8347	131.6458	 10.2049	117.2375	  1.8086
 18.8006	131.4125	 10.2121	118.1667	  1.8090
 18.7996	131.4833	 10.2022	117.8583	  1.8087
 18.7930	131.1792	 10.2025	118.2708	  1.8092
 18.8175	131.3500	 10.2036	117.9167	  1.8093
 18.8087	131.3417	 10.2105	117.7083	  1.8090
 18.8136	131.4958	 10.2076	117.9375	  1.8094
 18.8035	131.8125	 10.2163	118.2083	  1.8092
 18.8156	131.0167	 10.2070	117.9292	  1.8085
 18.8324	130.7833	 10.1949	118.5292	  1.8088
 18.8019	131.4833	 10.2086	117.6500	  1.8090
 18.8064	131.1417	 10.1957	117.7708	  1.8093
 18.7990	131.5500	 10.2058	118.6625	  1.8089
 18.8101	131.4167	 10.2046	118.0125	  1.8088
 18.8251	131.0458	 10.1971	117.9542	  1.8089
 18.8127	131.1958	 10.2021	118.4750	  1.8090
 18.8201	131.9208	 10.1965	117.4875	  1.8086
 18.8014	130.9375	 10.1987	117.4458	  1.8087
 18.8173	131.8625	 10.2038	118.2292	  1.8092
 18.8035	131.5625	 10.1982	117.9625	  1.8089
 18.8277	131.2125	 10.2109	118.1417	  1.8080
 18.8299	131.6208	 10.2218	117.7458	  1.8091
 18.7993	131.2625	 10.2079	117.5042	  1.8085
 18.8074	131.2542	 10.1909	117.4125	  1.8089
 18.8135	131.9667	 10.2007	117.9958	  1.8088
 18.8225	131.6292	 10.2004	118.5583	  1.8091
 18.8113	131.2458	 10.2051	118.2625	  1.8086
 18.8329	131.3667	 10.2011	117.9042	  1.8092
 18.8218	131.1708	 10.1900	118.1458	  1.8089
 18.8238	131.4958	 10.2022	118.2083	  1.8089
 18.8272	131.1542	 10.1949	117.8292	  1.8086
 18.8158	131.4875	 10.2086	117.8917	  1.8087
 18.7982	131.4083	 10.2084	118.5042	  1.8090
 18.8128	131.9750	 10.1966	117.7375	  1.8094
 18.8130	131.0042	 10.2002	118.0875	  1.8087
 18.7898	131.2083	 10.2012	118.7625	  1.8086
 18.8081	131.3375	 10.1945	117.9750	  1.8081
 18.8188	131.7125	 10.2107	117.9875	  1.8094
 18.8047	131.4375	 10.1965	118.1583	  1.8089
 18.8312	131.5667	 10.2072	118.0833	  1.8086
 18.8224	131.6083	 10.2063	117.8292	  1.8085
 18.8145	131.4083	 10.2093	118.0042	  1.8088
 18.8253	131.5583	 10.1920	118.5292	  1.8092
 18.8023	131.2458	 10.2069	117.8083	  1.8085
 18.8045	131.6167	 10.1927	117.9500	  1.8087
 18.8026	131.1583	 10.1935	118.5875	  1.8089
 18.8100	130.8833	 10.1990	117.8375	  1.8086
 18.8168	131.6708	 10.2007	118.6458	  1.8087
 18.8165	131.6542	 10.1950	117.9458	  1.8088
 18.8050	131.3458	 10.1996	118.0708	  1.8089
 18.8062	132.3292	 10.2057	118.0167	  1.8085
 18.8103	130.9917	 10.2046	117.6000	  1.8089
 18.8182	131.1167	 10.2038	118.2542	  1.8086
 18.8297	130.9292	 10.1901	117.6625	  1.8087
 18.7999	131.4958	 10.2036	118.2875	  1.8088
 18.8091	131.4792	 10.2080	118.0250	  1.8091
 18.8023	130.9083	 10.2005	118.4792	  1.8091
 18.8066	131.5833	 10.2058	118.4500	  1.8091
 18.8224	131.4042	 10.2156	118.0292	  1.8091
 18.8143	131.5750	 10.1915	117.9750	  1.8083
 18.8018	131.6667	 10.2018	117.9250	  1.8086
 18.8192	131.2292	 10.1964	117.4958	  1.8085
 18.8112	131.3125	 10.1959	118.2667	  1.8086
 18.8064	131.5292	 10.2032	117.9125	  1.8089
 18.8146	131.2000	 10.2035	117.8250	  1.8085
 18.8022	131.5500	 10.1964	118.5750	  1.8084
 18.7904	130.8458	 10.2173	118.4542	  1.8085
 18.8187	131.6000	 10.1995	118.4000	  1.8090
 18.8129	130.9667	 10.2047	118.3000	  1.8090
 18.8300	131.7208	 10.1973	118.0917	  1.8088
 18.8201	131.1042	 10.1944	118.0375	  1.8085
 18.8063	131.2875	 10.2052	118.3417	  1.8089
 18.8214	131.5208	 10.1893	118.7208	  1.8086
 18.8146	131.3000	 10.2045	118.4167	  1.8090
 18.8252	131.3667	 10.2094	118.0208	  1.8082
 18.8124	132.1083	 10.2104	117.8125	  1.8088
 18.8262	131.7500	 10.2112	117.8417	  1.8091
 18.7991	130.9583	 10.2131	117.6333	  1.8088
 18.8195	131.9208	 10.2125	117.6708	  1.8093
 18.8080	131.5083	 10.2040	118.2875	  1.8086
 18.8219	131.3750	 10.1904	117.8875	  1.8092
 18.8149	131.3875	 10.2204	118.3708	  1.8093
 18.8147	131.4333	 10.2074	117.8833	  1.8083
 18.8196	131.3958	 10.1861	118.0542	  1.8087
 18.8007	131.0917	 10.1950	118.4208	  1.8084
 18.8207	131.4667	 10.2014	117.8292	  1.8084
 18.8106	130.8667	 10.1969	117.4125	  1.8092
 18.8019	131.9125	 10.2002	118.2125	  1.8089
 18.8157	131.3833	 10.2116	117.5542	  1.8090
 18.8162	131.6083	 10.2062	118.4750	  1.8086
 18.8294	131.6792	 10.1962	117.7292	  1.8085
 18.8179	131.7000	 10.1940	117.6208	  1.8096
 18.8269	131.1417	 10.1958	118.2917	  1.8092
 18.8145	131.3333	 10.1956	117.9333	  1.8080
 18.8106	131.4500	 10.2074	117.6458	  1.8087
 18.8051	131.3792	 10.1886	118.2167	  1.8093
 18.8076	132.0875	 10.2017	118.0375	  1.8087
 18.8029	130.6083	 10.2073	118.0917	  1.8081
 18.8221	131.5917	 10.2131	118.6833	  1.8088
 18.8107	131.5333	 10.1942	118.2833	  1.8086
 18.8302	131.3583	 10.2045	117.7875	  1.8085
 18.8076	131.4667	 10.2119	117.8458	  1.8087
 18.8105	131.8042	 10.1956	118.4208	  1.8090
 18.8244	131.4250	 10.2137	118.4500	  1.8087
 18.7987	131.6125	 10.2033	118.3000	  1.8091
 18.8135	131.5042	 10.2052	118.3458	  1.8086
 18.8092	132.0542	 10.2162	117.9958	  1.8092
 18.8107	130.8125	 10.2044	118.0583	  1.8091
 18.8079	131.2667	 10.2015	118.0667	  1.8085
 18.8075	131.3458	 10.2018	118.1000	  1.8091
 18.8013	132.0625	 10.1914	118.2917	  1.8088
 18.8007	131.5583	 10.2153	118.4083	  1.8092
 18.8186	131.5375	 10.2090	118.4458	  1.8083
 18.8092	131.5958	 10.2088	118.0750	  1.8086
 18.8248	131.2458	 10.2056	117.8125	  1.8093
 18.8209	131.1292	 10.1992	118.7292	  1.8090
 18.8039	131.1667	 10.2134	117.4917	  1.8086
 18.8279	131.7750	 10.1933	118.2375	  1.8088
 18.8269	131.3000	 10.1878	118.2958	  1.8090
 18.8222	132.0250	 10.2179	118.7000	  1.8088
 18.8048	131.5167	 10.1992	118.2000	  1.8087
 18.7871	131.6875	 10.2127	117.6000	  1.8084
 18.8129	132.2958	 10.2046	117.5833	  1.8089
 18.8037	131.6125	 10.1849	117.6292	  1.8088
 18.8091	131.5042	 10.2107	117.6292	  1.8088
 18.8318	131.6208	 10.2017	117.9917	  1.8088
 18.8152	131.5375	 10.2024	117.7083	  1.8089
 18.8081	131.3833	 10.2082	117.7500	  1.8090
 18.8017	131.5167	 10.1983	117.9167	  1.8087
 18.8155	131.9292	 10.2178	118.2500	  1.8087
 18.7903	131.7417	 10.1865	117.8208	  1.8090
 18.8014	131.1625	 10.2025	118.5958	  1.8091
 18.7861	131.1917	 10.2059	118.4667	  1.8084
 18.8340	131.6625	 10.2023	118.2417	  1.8087
 18.8115	131.3333	 10.1789	118.2292	  1.8089
 18.8160	131.6875	 10.1989	118.3417	  1.8085
 18.8130	131.3250	 10.2009	118.4708	  1.8088
 18.8458	131.1750	 10.1899	117.6292	  1.8093
 18.8282	131.6583	 10.2237	117.5125	  1.8090
 18.8044	131.6083	 10.2120	118.1000	  1.8087
 18.8011	131.9917	 10.2129	118.2292	  1.8089
 18.8159	131.4208	 10.1943	117.8083	  1.8087
 18.8316	131.0208	 10.2114	117.6542	  1.8084
 18.8271	131.6250	 10.2080	118.1417	  1.8091
 18.8171	131.0708	 10.2190	117.8208	  1.8086
 18.8193	131.7083	 10.2096	117.5250	  1.8092
 18.8012	131.3083	 10.1969	118.1250	  1.8093
 18.8034	131.6083	 10.1827	118.1917	  1.8090
 18.7974	131.2125	 10.2114	117.7833	  1.8093
 18.8213	131.5458	 10.2073	118.8125	  1.8090
 18.8087	130.8083	 10.2144	117.5417	  1.8090
 18.8200	131.7833	 10.2033	118.4542	  1.8086
 18.8176	130.9833	 10.2031	117.7500	  1.8090
 18.8117	131.4500	 10.1962	118.5833	  1.8092
 18.8091	131.3250	 10.2038	117.9083	  1.8090
 18.8148	131.2750	 10.2129	117.7375	  1.8094
 18.8171	131.3292	 10.1880	118.5958	  1.8088
 18.8076	131.0375	 10.1948	118.2542	  1.8084
 18.8135	131.5667	 10.1927	118.5875	  1.8090
 18.8161	131.5208	 10.1900	117.9167	  1.8086
 18.8012	131.1083	 10.2123	118.5583	  1.8095
 18.8114	131.4333	 10.1945	118.1667	  1.8087
 18.7981	131.8000	 10.2020	118.0500	  1.8089
 18.8130	131.8083	 10.2198	118.4125	  1.8093
 18.7972	131.8583	 10.2033	118.4667	  1.8092
 18.8237	131.5458	 10.2115	117.8958	  1.8089
 18.8111	131.3083	 10.1999	118.1583	  1.8096
 18.7952	131.6875	 10.2026	117.7625	  1.8089
 18.8079	131.1333	 10.2070	118.1583	  1.8092
 18.8096	131.4500	 10.2158	118.2583	  1.8082
 18.8108	131.6708	 10.2013	118.5375	  1.8093
 18.8242	131.2708	 10.2027	118.1250	  1.8091
 18.8361	131.4375	 10.1943	118.1417	  1.8079
 18.8128	131.0500	 10.1958	118.4500	  1.8090
 18.7923	131.3250	 10.2005	117.7167	  1.8094
 18.8235	131.6833	 10.2177	118.4542	  1.8083
 18.8241	131.8542	 10.2105	117.7333	  1.8083
 18.8137	131.5375	 10.2032	118.0667	  1.8086
 18.8134	130.9917	 10.2118	118.0833	  1.8088
 18.8079	131.9875	 10.2023	117.5625	  1.8087
 18.7838	131.6292	 10.2010	118.0042	  1.8090
 18.8078	131.1250	 10.1862	118.3917	  1.8090
 18.8411	131.2667	 10.1984	118.1250	  1.8090
 18.8121	131.4750	 10.2078	117.9167	  1.8089
 18.8129	131.5042	 10.1941	117.6750	  1.8087
 18.8101	131.7292	 10.2011	118.2250	  1.8078
 18.8125	131.8917	 10.2101	118.5292	  1.8092
 18.8065	131.3667	 10.2127	118.0917	  1.8086
 18.8054	131.2417	 10.2071	117.7833	  1.8089
 18.8117	131.2375	 10.1987	118.3958	  1.8089
 18.8012	131.0167	 10.2113	118.6208	  1.8090
 18.8092	131.4542	 10.2074	117.9667	  1.8091
 18.8152	131.6417	 10.2029	118.0250	  1.8085
 18.7985	131.0083	 10.2045	118.8417	  1.8092
 18.8135	131.5375	 10.2051	118.3250	  1.8086
 18.8038	131.7583	 10.1922	117.7792	  1.8088
 18.7956	131.3333	 10.2090	117.8167	  1.8093
 18.8231	131.3208	 10.1989	117.9208	  1.8088
 18.8167	131.2583	 10.1963	118.3375	  1.8086
 18.8025	131.3042	 10.1983	118.3292	  1.8092
 18.8160	131.5167	 10.1998	117.9500	  1.8087
 18.8187	131.5000	 10.1946	117.8417	  1.8085
 18.8258	131.3917	 10.1990	117.6292	  1.8082
 18.8115	131.3625	 10.1931	118.4792	  1.8088
 18.8164	131.6333	 10.1951	118.0208	  1.8089
 18.8282	131.1083	 10.1866	117.6375	  1.8089
 18.8130	131.6917	 10.2078	118.1042	  1.8089
 18.8124	131.7250	 10.1958	117.7083	  1.8087
 18.8319	131.1083	 10.1964	118.5625	  1.8086
 18.8070	131.3458	 10.2010	117.4125	  1.8088
 18.8145	131.4083	 10.1995	118.2583	  1.8090
 18.8148	131.3458	 10.2208	117.8625	  1.8089
 18.8147	131.2750	 10.2029	117.8292	  1.8092
 18.8089	131.2667	 10.2099	118.3667	  1.8090
 18.8200	131.7917	 10.1984	117.9042	  1.8090
 18.8228	131.0500	 10.2143	117.9333	  1.8090
 18.8188	131.6250	 10.1961	117.9042	  1.8090
 18.8177	131.4875	 10.2133	117.8625	  1.8091
 18.8131	131.1667	 10.2044	118.5625	  1.8088
 18.8134	131.5750	 10.1981	118.0875	  1.8090
 18.7972	131.2083	 10.2093	117.9750	  1.8087
 18.8055	131.0042	 10.2154	117.6625	  1.8091
 18.8128	131.0542	 10.2212	118.1667	  1.8090
 18.8085	132.3125	 10.2157	118.1000	  1.8095
 18.8008	131.8625	 10.2256	117.8917	  1.8085
 18.8212	130.9875	 10.1984	118.4875	  1.8081
 18.8154	131.3375	 10.2046	118.1583	  1.8081
 18.8225	131.4125	 10.1907	117.6250	  1.8086
 18.8132	131.9542	 10.2122	118.4333	  1.8088
 18.8114	131.7833	 10.1973	117.5708	  1.8090
 18.8217	130.8458	 10.2084	117.8625	  1.8085
 18.8052	130.9750	 10.2120	118.4167	  1.8090
 18.8203	131.3917	 10.1879	118.5667	  1.8081
 18.7993	131.5708	 10.2162	117.6125	  1.8088
 18.8331	131.5167	 10.2068	118.0458	  1.8093
 18.8270	131.7333	 10.2201	118.0333	  1.8093
 18.8139	131.4000	 10.2066	118.3250	  1.8083
 18.8210	131.5333	 10.2073	118.2500	  1.8084
 18.8058	130.6542	 10.2059	118.3125	  1.8084
 18.8121	131.8083	 10.1996	117.8292	  1.8083
 18.8164	131.2708	 10.2017	118.3208	  1.8086
 18.8046	132.2083	 10.2054	117.5000	  1.8091
 18.8161	131.5167	 10.1982	118.2667	  1.8084
 18.8214	131.6583	 10.1993	118.0667	  1.8088
 18.8142	131.4375	 10.2006	118.3625	  1.8087
 18.8110	131.9917	 10.1994	117.8792	  1.8088
 18.8111	131.4875	 10.2084	117.9333	  1.8084
 18.8129	131.1458	 10.1920	117.6458	  1.8088
 18.8134	131.2250	 10.2011	118.0292	  1.8088
 18.8041	131.6708	 10.2127	118.0333	  1.8083
 18.8039	131.0458	 10.2028	118.0917	  1.8091
 18.8152	131.0792	 10.1958	118.3667	  1.8089
 18.8144	131.1833	 10.1899	118.3083	  1.8092
 18.8004	131.1833	 10.2074	118.4042	  1.8084
 18.8261	130.9875	 10.2013	117.8208	  1.8088
 18.8144	131.1125	 10.2019	117.9375	  1.8089
 18.8302	131.0250	 10.2023	118.0167	  1.8094
 18.8023	131.6625	 10.1825	117.2917	  1.8083
 18.8005	131.1500	 10.2048	118.1750	  1.8085
 18.8277	131.3708	 10.1924	118.1792	  1.8089
 18.7967	131.5000	 10.1963	118.0500	  1.8087
 18.8208	131.3458	 10.2065	118.1833	  1.8085
 18.8160	131.6875	 10.2025	118.2792	  1.8085
 18.8376	132.1042	 10.2124	117.3583	  1.8088
 18.7908	131.7333	 10.2037	118.6125	  1.8091
 18.8105	132.0500	 10.2092	118.2917	  1.8082
 18.8236	131.3125	 10.2099	118.2625	  1.8092
 18.8173	131.6250	 10.2016	117.9792	  1.8086
 18.7934	131.1667	 10.1949	117.9375	  1.8088
 18.8259	131.1792	 10.2020	117.8792	  1.8093
 18.8031	131.1250	 10.2124	117.6542	  1.8088
 18.8274	131.2417	 10.2162	118.7167	  1.8083
 18.8280	131.3125	 10.2041	117.9667	  1.8086
 18.8032	131.7667	 10.1902	117.8042	  1.8087
 18.8070	131.7250	 10.1867	117.9917	  1.8091
 18.8207	131.8750	 10.2013	117.4375	  1.8087
 18.8176	131.1750	 10.2136	117.7917	  1.8089
 18.8036	131.4750	 10.2100	117.8750	  1.8088
 18.7981	131.2833	 10.2208	117.6375	  1.8092
 18.8045	131.1542	 10.2088	117.3958	  1.8088
 18.8069	131.0750	 10.2063	118.0250	  1.8084
 18.8065	131.6750	 10.2000	117.9833	  1.8091
 18.8233	131.3292	 10.2053	118.2708	  1.8086
 18.8109	130.9500	 10.1847	118.1083	  1.8089
 18.8019	131.9583	 10.2035	118.1792	  1.8082
 18.8129	131.3333	 10.1932	118.5125	  1.8092
 18.8226	132.0708	 10.2215	117.9750	  1.8088
 18.8152	131.6292	 10.2232	118.2792	  1.8087
 18.8304	131.1167	 10.2079	118.8500	  1.8085
 18.8064	131.1917	 10.2181	117.9000	  1.8083
 18.8130	131.6125	 10.2089	117.8542	  1.8086
 18.8235	131.3917	 10.1853	118.4500	  1.8087
 18.8102	131.4042	 10.2008	118.3125	  1.8088
 18.8197	131.5042	 10.2008	117.9375	  1.8086
 18.8058	131.6250	 10.1879	118.2667	  1.8086
 18.8275	131.5083	 10.2000	118.0583	  1.8083
 18.8221	131.5375	 10.1983	117.9458	  1.8088
 18.8118	131.1750	 10.1925	118.5083	  1.8091
 18.8087	131.0875	 10.2008	117.7875	  1.8084
 18.8125	131.4542	 10.2044	118.4458	  1.8089
 18.7865	131.2167	 10.1921	117.7917	  1.8090
 18.8261	131.8250	 10.2043	118.2042	  1.8088
 18.8420	131.5708	 10.1972	117.6708	  1.8086
 18.8117	131.0958	 10.2133	118.0833	  1.8083
 18.8158	131.6208	 10.2014	118.0083	  1.8089
 18.8173	131.5292	 10.2115	119.0250	  1.8085
 18.8181	131.1750	 10.2019	117.4500	  1.8089
 18.8155	131.6792	 10.2058	117.7667	  1.8087
 18.8163	131.2833	 10.1894	117.5917	  1.8087
 18.8283	131.4500	 10.2079	118.2333	  1.8088
 18.8313	131.1708	 10.2120	117.7500	  1.8089
 18.8194	131.3917	 10.2077	118.1375	  1.8090
 18.8246	131.0917	 10.2023	118.4083	  1.8083
 18.8164	131.5333	 10.1989	117.8792	  1.8086
 18.8015	131.5583	 10.2067	118.2667	  1.8088
 18.8072	131.8375	 10.2177	118.1042	  1.8084
 18.8233	131.0375	 10.2074	118.5000	  1.8088
 18.8066	131.3042	 10.2048	117.9250	  1.8090
 18.8098	131.4458	 10.2091	117.9958	  1.8085
 18.8170	131.6125	 10.2007	118.1333	  1.8085
 18.8200	131.0917	 10.2055	118.6417	  1.8087
 18.8171	130.9542	 10.1930	118.1000	  1.8085
 18.8000	131.6917	 10.2120	118.2958	  1.8089
 18.8238	131.6792	 10.2025	118.0333	  1.8086
 18.8177	131.3958	 10.2033	118.6750	  1.8085
 18.8047	131.4333	 10.1911	118.8458	  1.8087
 18.8155	131.2000	 10.2091	117.9417	  1.8087
 18.8103	131.5625	 10.2098	117.9250	  1.8094
 18.8115	131.9167	 10.2159	118.4375	  1.8087
 18.8150	130.9792	 10.2023	118.4042	  1.8086
 18.8209	131.6042	 10.2028	118.0208	  1.8086
 18.8157	130.9125	 10.2029	118.1125	  1.8086
 18.8137	131.9292	 10.2061	118.1583	  1.8085
 18.8180	131.3958	 10.2139	118.4500	  1.8091
 18.7987	131.3083	 10.2121	118.0792	  1.8085
 18.8238	131.6292	 10.2014	117.8500	  1.8083
 18.8145	131.4875	 10.2012	117.3167	  1.8087
 18.8257	131.4083	 10.1892	117.6250	  1.8087
 18.8196	131.0042	 10.2031	117.6958	  1.8085
 18.7980	131.6917	 10.2031	118.4292	  1.8089
 18.8155	131.4750	 10.1884	118.1000	  1.8081
 18.7993	131.0333	 10.2045	118.3375	  1.8088
 18.8148	131.5875	 10.2036	118.4167	  1.8086
 18.8018	131.3708	 10.2052	118.2958	  1.8089
 18.8206	131.5667	 10.2118	118.6375	  1.8083
 18.8166	131.5958	 10.1892	118.3583	  1.8082
 18.7970	130.9333	 10.1943	118.0583	  1.8083
 18.8099	131.0750	 10.1905	118.4542	  1.8089
 18.8411	131.2583	 10.2003	118.1208	  1.8084
 18.8045	131.9125	 10.1950	117.9625	  1.8091
 18.8134	131.1583	 10.2089	118.2792	  1.8084
 18.8125	131.0833	 10.2118	117.6083	  1.8091
 18.8272	131.0500	 10.1932	118.0833	  1.8090
 18.8253	131.1000	 10.1852	117.5000	  1.8086
 18.8032	130.9875	 10.2062	117.8458	  1.8089
 18.8203	131.4167	 10.1886	118.1917	  1.8089
 18.8101	132.2458	 10.1991	117.6875	  1.8085
 18.8057	131.5500	 10.2077	117.9958	  1.8089
 18.8194	130.8167	 10.1883	117.5417	  1.8084
 18.8097	131.3958	 10.2025	118.7083	  1.8088
 18.8005	131.9917	 10.1991	118.0375	  1.8084
 18.8316	131.7083	 10.1951	118.1542	  1.8087
 18.8120	130.7708	 10.1905	117.5125	  1.8091
 18.8133	131.3417	 10.2134	117.9667	  1.8086
 18.8099	131.0750	 10.2092	118.2292	  1.8087
 18.8084	130.9583	 10.2036	117.9375	  1.8086
 18.8036	130.5125	 10.2023	118.3208	  1.8086
 18.8143	131.2500	 10.1975	118.3125	  1.8086
 18.8251	131.9000	 10.1872	118.0292	  1.8085
 18.8159	131.0542	 10.2032	118.0458	  1.8095
 18.8117	131.5292	 10.2025	118.0792	  1.8091
 18.8201	131.8792	 10.1996	117.9917	  1.8092
 18.8033	131.3458	 10.2050	118.2500	  1.8087
 18.8277	131.6708	 10.2111	117.3417	  1.8088
 18.8196	131.9208	 10.1920	118.6083	  1.8078
 18.7997	131.5667	 10.1984	118.3042	  1.8089
 18.8292	131.3208	 10.2037	118.1042	  1.8088
 18.8220	131.3500	 10.2081	117.5875	  1.8088
 18.8327	131.4083	 10.1993	118.1958	  1.8094
 18.8121	131.6875	 10.2122	117.6292	  1.8091
 18.8108	132.1333	 10.1958	118.0208	  1.8086
 18.8064	131.3917	 10.2109	118.1208	  1.8087
 18.8095	131.4417	 10.1771	117.9667	  1.8081
 18.8226	131.7417	 10.1907	117.9000	  1.8088
 18.8124	131.8625	 10.1870	118.1083	  1.8087
 18.8089	131.5417	 10.2007	118.1333	  1.8086
 18.8241	132.0583	 10.2037	118.1542	  1.8086
 18.8197	130.7333	 10.2124	118.4083	  1.8095
 18.8244	131.4875	 10.2032	117.9292	  1.8094
 18.8119	131.4583	 10.1882	118.2458	  1.8086
 18.8149	131.3042	 10.2202	118.1708	  1.8087
 18.7874	131.7500	 10.2025	118.7083	  1.8088
 18.8114	131.7667	 10.1961	117.7458	  1.8085
 18.8044	132.0458	 10.1950	118.0583	  1.8084
 18.8140	131.9250	 10.1977	117.3375	  1.8082
 18.8077	131.6708	 10.1983	117.6333	  1.8088
 18.8149	131.4167	 10.1927	118.0333	  1.8085
 18.8386	131.7833	 10.1907	118.4208	  1.8083
 18.7997	131.5167	 10.1959	117.3583	  1.8085
 18.8179	131.7083	 10.1977	117.9583	  1.8087
 18.8280	131.4625	 10.2025	118.6250	  1.8084
 18.8103	131.1417	 10.2065	117.7667	  1.8085
 18.8359	130.9833	 10.2024	118.0917	  1.8086
 18.8275	131.5708	 10.2090	118.2458	  1.8090
 18.8386	131.5292	 10.2035	117.8958	  1.8080
 18.8047	131.0833	 10.1841	117.9375	  1.8091
 18.8011	131.5875	 10.2049	118.0458	  1.8087
 18.8141	131.5042	 10.2079	117.8083	  1.8089
 18.8092	132.0792	 10.2018	118.3208	  1.8078
 18.7928	130.8750	 10.2068	117.9583	  1.8086
 18.8219	132.0167	 10.1940	117.7667	  1.8084
 18.8197	131.5792	 10.1855	118.0708	  1.8086
 18.8143	131.4708	 10.2037	118.7458	  1.8089
 18.8055	131.2333	 10.1977	118.4042	  1.8083
 18.8036	131.3542	 10.2036	118.4667	  1.8083
 18.8211	131.4708	 10.2003	117.9542	  1.8084
 18.8096	132.2333	 10.2115	118.3833	  1.8088
 18.8179	131.0333	 10.2036	117.8500	  1.8080
 18.8007	131.0625	 10.2122	117.5000	  1.8089
 18.8440	131.8458	 10.2139	118.2333	  1.8087
 18.8023	131.3708	 10.2013	117.8333	  1.8086
 18.7909	131.1500	 10.2004	118.0250	  1.8084
 18.8046	131.7042	 10.2030	117.8917	  1.8091
 18.8101	132.1708	 10.2044	118.0208	  1.8091
 18.8018	131.3958	 10.2007	117.5792	  1.8084
 18.8079	131.3083	 10.1945	117.7458	  1.8089
 18.8017	131.8667	 10.2132	117.8958	  1.8089
 18.8217	131.4542	 10.2195	117.8125	  1.8087
 18.8095	131.6167	 10.2083	118.0833	  1.8079
 18.8130	130.7625	 10.1963	117.7333	  1.8089
 18.8216	130.6375	 10.2037	117.9958	  1.8087
 18.8216	131.4458	 10.2117	118.4667	  1.8084
 18.8141	131.1542	 10.1994	118.4125	  1.8088
 18.8045	131.4250	 10.2122	117.4500	  1.8087
 18.8028	131.6375	 10.2248	118.0083	  1.8087
 18.8239	131.5458	 10.1954	118.3417	  1.8082
 18.8257	131.4333	 10.2085	118.3667	  1.8082
 18.8135	130.9958	 10.2091	118.2083	  1.8089
 18.8099	131.4583	 10.2061	118.2792	  1.8087
 18.8071	131.2250	 10.2075	117.9667	  1.8091
 18.8192	131.1208	 10.2146	118.1458	  1.8091
 18.8367	130.9542	 10.2047	118.0333	  1.8085
 18.8332	131.4917	 10.1942	118.3458	  1.8080
 18.7974	131.2333	 10.1982	118.0708	  1.8084
 18.8001	131.7667	 10.2078	117.5958	  1.8079
 18.8079	131.2458	 10.2019	118.4833	  1.8082
 18.8103	131.4292	 10.2120	118.2125	  1.8090
 18.8093	131.3875	 10.2145	118.0875	  1.8082
 18.8181	131.5000	 10.1886	118.4500	  1.8089
 18.8135	131.3333	 10.2118	118.1583	  1.8086
 18.8281	131.0792	 10.1992	118.4250	  1.8088
 18.8195	131.6125	 10.2017	118.1708	  1.8088
 18.8171	131.4125	 10.2149	117.7625	  1.8086
 18.8059	131.1792	 10.2122	117.6583	  1.8086
 18.8242	131.4750	 10.2056	118.4667	  1.8085
 18.8298	131.4708	 10.1946	117.8708	  1.8087
 18.8183	131.2833	 10.1927	118.1208	  1.8096
 18.8303	131.2208	 10.1833	118.0167	  1.8086
 18.8165	131.4500	 10.2066	118.0125	  1.8086
 18.8083	130.8167	 10.1855	117.6250	  1.8086
 18.8030	131.5583	 10.2006	117.8042	  1.8085
 18.8332	131.3208	 10.2072	118.4417	  1.8086
 18.8090	131.1750	 10.1891	118.3458	  1.8081
 18.8201	131.7208	 10.1896	118.4125	  1.8091
 18.8102	131.3250	 10.1926	117.7625	  1.8087
 18.8100	131.7458	 10.1999	117.8917	  1.8091
 18.8041	131.0875	 10.2163	118.0208	  1.8089
 18.8225	131.3417	 10.2077	118.3833	  1.8085
 18.8211	131.1167	 10.2030	118.2708	  1.8089
 18.7983	131.2500	 10.2047	117.7667	  1.8092
 18.8068	131.1833	 10.2089	117.9917	  1.8086
 18.8144	131.9750	 10.2032	117.9250	  1.8086
 18.8105	131.0292	 10.1902	118.8250	  1.8086
 18.7987	131.8125	 10.2033	118.2625	  1.8086
 18.8240	130.9875	 10.2108	117.8292	  1.8087
 18.8109	131.0000	 10.1999	118.1375	  1.8088
 18.8176	131.4708	 10.2218	118.4792	  1.8087
 18.7979	131.6583	 10.2004	118.5292	  1.8085
 18.8156	131.6667	 10.1974	118.1042	  1.8083
 18.8208	131.4625	 10.2221	118.5000	  1.8088
 18.7982	131.7750	 10.1992	117.6500	  1.8088
 18.8044	131.6917	 10.1951	118.5542	  1.8090
 18.8229	131.1542	 10.1984	117.6708	  1.8087
 18.8142	131.6417	 10.1958	118.0833	  1.8083
 18.8049	130.8375	 10.2241	117.9375	  1.8087
 18.8164	131.4000	 10.2022	118.3500	  1.8091
 18.8037	131.1208	 10.2052	117.7625	  1.8089
 18.8372	131.2208	 10.2056	117.1583	  1.8087
 18.8110	131.9958	 10.2120	118.1875	  1.8086
 18.8091	131.7208	 10.2066	118.5417	  1.8083
 18.8267	131.2875	 10.2023	117.8083	  1.8090
 18.8198	131.4167	 10.1978	118.3708	  1.8094
 18.8226	131.5333	 10.2045	118.2792	  1.8085
 18.8098	131.5667	 10.1943	117.8042	  1.8085
 18.8051	131.5000	 10.2068	118.3417	  1.8087
 18.8187	131.4042	 10.2157	117.9917	  1.8090
 18.8062	131.3958	 10.1925	118.3417	  1.8089
 18.8094	131.3875	 10.2015	118.2875	  1.8086
 18.8043	131.4792	 10.2121	118.5667	  1.8085
 18.8150	131.2833	 10.2028	117.5458	  1.8086
 18.8210	131.0667	 10.1938	118.6042	  1.8085
 18.7901	131.2958	 10.1985	117.9875	  1.8090
 18.8070	131.2000	 10.2031	117.9917	  1.8086
 18.8034	131.0583	 10.2029	118.1250	  1.8084
 18.8271	132.0667	 10.1876	117.8667	  1.8081
 18.8329	131.1542	 10.2095	118.3542	  1.8081
 18.8146	131.5417	 10.1866	118.3208	  1.8086
 18.7816	131.2167	 10.2061	118.4917	  1.8086
 18.8104	131.2000	 10.1876	118.1583	  1.8088
 18.8146	131.5458	 10.1988	118.0542	  1.8084
 18.8030	131.3250	 10.2193	118.5542	  1.8089
 18.8159	132.1083	 10.2061	118.4000	  1.8091
 18.7834	131.6875	 10.2021	117.7792	  1.8087
 18.8233	131.3125	 10.1989	118.5292	  1.8089
 18.8139	131.4625	 10.1920	118.3417	  1.8086
 18.8176	131.5917	 10.2073	117.9917	  1.8084
 18.7977	131.4833	 10.2062	117.2375	  1.8092
 18.8134	131.6375	 10.2064	118.4250	  1.8085
 18.8065	131.5042	 10.2199	117.8667	  1.8081
 18.8113	131.7000	 10.1954	118.2125	  1.8086
 18.8192	131.2167	 10.2026	118.5083	  1.8083
 18.8134	131.2542	 10.2184	117.9417	  1.8087
 18.8069	131.0292	 10.2051	118.2000	  1.8084
 18.8153	131.6750	 10.2164	117.4250	  1.8083
 18.8143	131.7458	 10.1815	118.7167	  1.8088
 18.8129	131.2250	 10.1922	118.3417	  1.8094
 18.7993	131.2833	 10.2201	118.2125	  1.8085
 18.8006	131.5958	 10.2107	118.0542	  1.8089
 18.8166	131.3167	 10.1996	117.9917	  1.8083
 18.8027	130.6958	 10.2017	118.1417	  1.8088
 18.8151	131.2208	 10.2034	117.6042	  1.8083
 18.8139	131.6708	 10.2069	118.0458	  1.8086
 18.8023	131.2542	 10.1980	117.9583	  1.8087
 18.8235	130.9000	 10.1991	118.1958	  1.8087
 18.8105	131.1750	 10.1996	117.7625	  1.8090
 18.8193	131.2917	 10.2042	118.5583	  1.8086
 18.8116	131.2833	 10.1861	117.7708	  1.8092
 18.7931	131.7458	 10.1915	118.5417	  1.8089
 18.8157	131.3125	 10.1834	118.0917	  1.8088
 18.8123	131.4458	 10.2060	118.0875	  1.8089
 18.8119	131.3833	 10.2091	117.6583	  1.8083
 18.8158	131.6292	 10.1943	118.3042	  1.8082
 18.8184	131.0333	 10.2075	118.2958	  1.8088
 18.8145	131.0625	 10.2018	117.9292	  1.8085
 18.8089	131.3042	 10.2001	118.1542	  1.8091
 18.8198	131.2917	 10.1999	118.1667	  1.8084
 18.8172	131.0458	 10.1970	118.3542	  1.8089
 18.8176	131.6125	 10.2000	118.1625	  1.8083
 18.8048	131.5292	 10.1980	118.5292	  1.8082
 18.8309	132.0583	 10.2178	117.5708	  1.8086
 18.8187	130.6833	 10.2182	118.1250	  1.8083
 18.8230	131.4458	 10.1947	118.7042	  1.8093
 18.8279	131.7167	 10.2107	117.9625	  1.8084
 18.8052	131.6958	 10.2025	117.4542	  1.8088
 18.8164	131.5083	 10.1876	117.6542	  1.8085
 18.8029	131.3708	 10.1870	118.4250	  1.8088
 18.8260	130.7125	 10.2014	118.1250	  1.8086
 18.8025	131.3458	 10.1920	118.2542	  1.8087
 18.8193	131.3958	 10.2155	117.9667	  1.8092
 18.8030	131.3542	 10.2202	118.5542	  1.8089
 18.8239	131.9250	 10.1942	118.1917	  1.8087
 18.8059	131.2083	 10.2063	117.9417	  1.8088
 18.8180	131.2625	 10.2045	118.0792	  1.8085
 18.8132	131.6250	 10.2121	117.8208	  1.8088
 18.8178	131.7292	 10.2100	118.3833	  1.8090
 18.8120	131.4792	 10.2082	118.0042	  1.8087
 18.8111	131.3375	 10.2096	118.4625	  1.8082
 18.8198	131.2750	 10.2085	118.1375	  1.8082
 18.8191	131.6583	 10.1873	117.8750	  1.8089
 18.8021	132.0500	 10.2070	118.1375	  1.8083
 18.8097	131.3500	 10.1991	118.1500	  1.8085
 18.7972	131.3333	 10.1905	118.0458	  1.8086
 18.8230	131.2458	 10.2048	118.5500	  1.8085
 18.8111	131.4667	 10.2029	117.1458	  1.8084
 18.8203	131.4375	 10.2154	118.6083	  1.8082
 18.8444	131.3250	 10.1974	118.0792	  1.8086
 18.8267	130.9167	 10.2016	117.9667	  1.8087
 18.8321	131.4000	 10.1990	118.1083	  1.8087
 18.8201	131.3083	 10.2209	118.2000	  1.8083
 18.8329	131.4917	 10.2028	119.0125	  1.8088
 18.8227	131.1000	 10.2081	118.0875	  1.8087
 18.8376	131.4167	 10.1989	117.8000	  1.8084
 18.8070	131.9333	 10.2046	118.1292	  1.8077
 18.7899	131.8125	 10.2029	118.2917	  1.8083
 18.7982	131.4042	 10.1940	118.2917	  1.8087
 18.8149	131.4292	 10.2074	118.1792	  1.8081
 18.8179	131.5500	 10.2025	118.2042	  1.8085
 18.7998	131.0708	 10.2152	118.6917	  1.8089
 18.8060	131.0042	 10.2008	118.0458	  1.8081
 18.8171	131.5333	 10.2122	117.9375	  1.8089
 18.8175	131.1917	 10.2015	117.6625	  1.8087
 18.8239	131.4333	 10.1859	117.8250	  1.8090
 18.8103	131.6708	 10.2093	118.2208	  1.8086
 18.8230	131.4542	 10.2038	118.3625	  1.8084
 18.8131	131.5667	 10.2017	117.8708	  1.8084
 18.8147	131.2958	 10.2027	118.2667	  1.8086
 18.8055	131.3333	 10.1959	118.5542	  1.8087
 18.8120	131.2292	 10.2002	118.2500	  1.8080
 18.8295	131.1333	 10.1959	117.4583	  1.8090
 18.8179	131.0417	 10.2088	117.9333	  1.8085
 18.8179	131.6250	 10.1976	118.5083	  1.8089
 18.8078	131.0625	 10.1939	118.1250	  1.8087
 18.8097	131.5250	 10.2078	118.5750	  1.8083
 18.8064	131.1250	 10.1984	117.5750	  1.8080
 18.8164	131.2958	 10.1963	117.9042	  1.8086
 18.8222	131.7750	 10.1958	118.4167	  1.8080
 18.8160	131.3625	 10.2098	117.4958	  1.8081
 18.8106	131.9958	 10.1993	117.9125	  1.8084
 18.7925	131.8375	 10.1920	118.2292	  1.8085
 18.8164	131.2500	 10.2249	118.3458	  1.8085
 18.8085	131.6875	 10.2052	118.1292	  1.8083
 18.8139	131.1958	 10.1956	117.9625	  1.8089
 18.8243	131.2750	 10.2085	118.5833	  1.8087
 18.8091	131.5333	 10.2026	117.6833	  1.8090
 18.8196	131.8833	 10.2044	118.3292	  1.8089
 18.8180	131.3208	 10.2143	118.0708	  1.8092
 18.8105	131.2333	 10.2012	118.0708	  1.8087
 18.8001	131.1583	 10.2124	117.8958	  1.8088
 18.8183	131.0708	 10.2110	118.3458	  1.8087
 18.8227	131.4042	 10.2058	117.8083	  1.8081
 18.8335	131.1583	 10.2022	117.9000	  1.8089
 18.8359	131.5625	 10.2121	117.5958	  1.8086
 18.8234	131.3875	 10.1977	117.6875	  1.8089
 18.8295	131.4417	 10.2102	118.2583	  1.8081
 18.8113	131.1292	 10.2088	118.4458	  1.8088
 18.8094	132.0833	 10.1981	117.7458	  1.8091
 18.8422	131.2833	 10.1983	118.3542	  1.8083
 18.8127	131.8458	 10.1965	118.3042	  1.8088
 18.8151	131.3833	 10.1879	118.0292	  1.8086
 18.8266	131.2667	 10.2206	118.0958	  1.8083
 18.8267	131.4458	 10.2076	118.1875	  1.8083
 18.8343	131.6542	 10.2019	117.8417	  1.8088
 18.8242	130.7250	 10.1967	118.6208	  1.8086
 18.8245	130.9167	 10.2081	117.9542	  1.8088
 18.8071	131.6167	 10.1973	118.3667	  1.8089
 18.8103	131.4125	 10.2174	118.2417	  1.8088
 18.8231	131.5500	 10.1884	118.2958	  1.8083
 18.8284	131.2833	 10.2157	118.5292	  1.8084
 18.8238	131.4375	 10.2068	117.7917	  1.8085
 18.8264	131.6625	 10.2046	118.0333	  1.8088
 18.7904	132.0708	 10.2157	117.9500	  1.8082
 18.8360	131.5833	 10.2015	118.4042	  1.8087
 18.8027	131.4833	 10.2030	117.8333	  1.8088
 18.8192	131.2833	 10.2047	117.9000	  1.8087
 18.7948	131.3625	 10.1903	118.3375	  1.8086
 18.7992	131.3208	 10.1980	118.0333	  1.8085
 18.8163	131.9292	 10.2028	118.0500	  1.8088
 18.8019	131.1292	 10.2040	117.9583	  1.8091
 18.8132	132.0667	 10.2184	118.8542	  1.8088
 18.8211	131.0500	 10.1963	118.3250	  1.8084
 18.8082	131.5167	 10.2060	118.0875	  1.8087
 18.8071	131.7750	 10.2175	118.1417	  1.8081
 18.8135	131.7000	 10.2057	117.7583	  1.8086
 18.8209	131.7583	 10.2186	117.9542	  1.8086
 18.8024	131.4500	 10.1954	117.9875	  1.8084
 18.8096	131.3917	 10.2053	118.1500	  1.8085
 18.8215	131.3292	 10.1968	117.7750	  1.8089
 18.8052	131.2333	 10.1948	118.5000	  1.8085
 18.8192	131.4333	 10.1928	118.3750	  1.8083
 18.8073	131.7875	 10.1827	118.3333	  1.8089
 18.8160	131.6292	 10.2074	118.1667	  1.8082
 18.8051	131.2542	 10.1964	117.7667	  1.8089
 18.8151	131.3833	 10.2054	118.0583	  1.8088
 18.8038	130.9375	 10.2060	117.8958	  1.8084
 18.8257	131.8875	 10.1925	118.1375	  1.8082
 18.8197	131.6542	 10.2018	117.6958	  1.8091
 18.8120	131.7333	 10.2079	117.5833	  1.8092
 18.8328	131.3875	 10.2184	118.3458	  1.8088
 18.8098	131.2833	 10.2157	118.5542	  1.8085
 18.8305	131.7875	 10.1873	117.9083	  1.8086
 18.8409	131.1583	 10.1924	118.1500	  1.8085
 18.8106	131.3708	 10.1982	118.5083	  1.8083
 18.8204	131.3083	 10.2002	118.0208	  1.8092
 18.8046	131.1000	 10.2007	118.0625	  1.8088
 18.8111	131.5917	 10.1890	117.7875	  1.8084
 18.7995	131.3375	 10.2182	118.1292	  1.8085
 18.8421	131.4792	 10.2004	118.0208	  1.8082
 18.8207	131.3875	 10.1906	117.7292	  1.8084
 18.8077	131.7125	 10.2101	118.1708	  1.8087
 18.8320	131.7708	 10.1884	117.3333	  1.8082
 18.8165	131.7375	 10.1966	118.0875	  1.8085
 18.8134	131.3167	 10.1988	117.3875	  1.8090
 18.8013	131.5208	 10.2159	117.8375	  1.8086
 18.8052	131.2542	 10.2013	117.8875	  1.8090
 18.8096	131.8208	 10.1979	118.1458	  1.8083
 18.8143	131.2125	 10.2041	118.4208	  1.8083
 18.7938	131.8333	 10.1942	117.9875	  1.8089
 18.8033	131.4917	 10.1884	118.5500	  1.8089
 18.8222	131.0125	 10.1971	118.0458	  1.8092
 18.8161	131.6000	 10.1935	117.9375	  1.8090
 18.7985	131.4250	 10.2086	117.9417	  1.8092
 18.8328	131.4708	 10.2093	117.9292	  1.8084
 18.8107	131.6458	 10.2060	117.6583	  1.8089
 18.8179	131.6583	 10.2146	117.7875	  1.8087
 18.8164	131.9125	 10.2012	118.0833	  1.8092
 18.8339	131.2917	 10.2099	118.0333	  1.8081
 18.8232	131.3250	 10.2008	118.0417	  1.8086
 18.8225	131.4708	 10.2150	118.2375	  1.8085
 18.8289	131.3542	 10.1946	118.1000	  1.8087
 18.8263	131.6750	 10.2159	117.8625	  1.8085
 18.8224	131.2917	 10.2080	117.4917	  1.8081
 18.8247	131.2792	 10.2127	118.1708	  1.8086
 18.8144	131.9333	 10.1975	117.5125	  1.8088
 18.8299	131.8458	 10.1968	118.0583	  1.8086
 18.8347	131.5542	 10.2032	118.5792	  1.8077
 18.8173	131.4958	 10.2079	118.5500	  1.8081
 18.8258	131.3917	 10.2013	118.4583	  1.8081
 18.8167	130.9125	 10.1974	118.4417	  1.8082
 18.7958	131.2792	 10.1920	118.0917	  1.8084
 18.8181	131.1875	 10.2138	118.3208	  1.8085
 18.8036	131.4583	 10.2075	117.9667	  1.8082
 18.8225	131.9125	 10.2043	117.9833	  1.8082
 18.8331	131.8417	 10.1926	118.7208	  1.8085
 18.8178	131.0500	 10.2020	118.0000	  1.8083
 18.8064	131.8542	 10.2037	118.1292	  1.8088
 18.8102	131.5125	 10.2138	117.4125	  1.8083
 18.8033	131.1625	 10.2166	117.6875	  1.8089
 18.8044	131.1542	 10.2032	117.8292	  1.8086
 18.7973	131.5917	 10.2183	118.2542	  1.8088
 18.8234	132.0458	 10.2068	118.0125	  1.8084
 18.8069	131.4000	 10.2046	118.3583	  1.8088
 18.8221	131.4167	 10.2184	118.1167	  1.8090
 18.8117	132.1958	 10.1987	118.0292	  1.8077
 18.7865	131.7000	 10.2079	117.8375	  1.8079
 18.8180	131.2958	 10.1981	117.9083	  1.8087
 18.8243	131.6083	 10.2077	118.2958	  1.8086
 18.8366	131.4958	 10.1962	117.6625	  1.8081
 18.8171	131.2458	 10.2131	117.4875	  1.8082
 18.8176	131.6083	 10.2060	118.6875	  1.8088
 18.8321	131.5542	 10.2028	118.4667	  1.8081
 18.8188	131.4917	 10.2016	117.8833	  1.8083
 18.8134	130.8708	 10.2044	118.2208	  1.8083
 18.8167	131.6083	 10.2015	118.1750	  1.8083
 18.8067	131.2958	 10.2090	117.8792	  1.8082
 18.8076	131.6917	 10.2027	118.1500	  1.8077
 18.8024	131.5917	 10.2103	117.9542	  1.8084
 18.8078	131.8083	 10.1976	117.3625	  1.8093
 18.8271	131.6625	 10.1815	117.5208	  1.8085
 18.8116	131.6667	 10.1952	117.8458	  1.8083
 18.8085	131.8458	 10.2097	118.0250	  1.8085
 18.8233	130.9208	 10.2015	118.0375	  1.8088
 18.8030	131.7208	 10.2133	117.9750	  1.8082
 18.8093	131.5000	 10.1996	117.7833	  1.8089
 18.8241	130.4917	 10.2110	118.0583	  1.8089
 18.8267	130.9792	 10.1935	118.1583	  1.8086
 18.8013	131.2500	 10.2060	118.1417	  1.8079
 18.8244	130.8375	 10.2167	117.7083	  1.8084
 18.8191	131.2375	 10.1933	118.3833	  1.8086
 18.8153	131.1958	 10.2009	117.7833	  1.8085
 18.8103	131.3458	 10.1947	117.6542	  1.8087
 18.8071	131.2208	 10.2081	118.3167	  1.8086
 18.8187	131.4833	 10.2041	117.9667	  1.8088
 18.8098	131.7000	 10.1927	118.0792	  1.8087
 18.8097	131.0708	 10.2059	118.3292	  1.8084
 18.8157	131.5667	 10.1938	117.6875	  1.8086
 18.8169	131.6458	 10.1989	118.2458	  1.8091
 18.8144	131.7625	 10.2019	118.4792	  1.8089
 18.8106	131.0708	 10.2088	118.2875	  1.8085
 18.8072	131.1208	 10.2156	117.7417	  1.8090
 18.8150	131.5042	 10.2125	117.8708	  1.8084
 18.8253	131.3250	 10.2006	118.0792	  1.8083
 18.8017	131.3417	 10.1987	118.3750	  1.8082
 18.8277	130.9125	 10.2129	118.3875	  1.8088
 18.8092	131.8292	 10.2139	117.8167	  1.8088
 18.8129	131.5583	 10.2091	118.0792	  1.8082
 18.8000	131.5500	 10.2127	117.5500	  1.8083
 18.8113	131.3833	 10.2039	118.1583	  1.8086
 18.8122	131.2750	 10.1975	118.3708	  1.8083
 18.8253	131.7167	 10.1979	117.9167	  1.8086
 18.8301	131.9333	 10.2037	118.1792	  1.8090
 18.8185	130.8708	 10.2091	118.0208	  1.8084
 18.8059	131.4417	 10.1948	117.8000	  1.8080
 18.8151	131.3542	 10.1999	117.6875	  1.8081
 18.7957	130.9917	 10.2083	118.6583	  1.8088
 18.8022	131.0875	 10.2038	118.4000	  1.8086
 18.8236	131.2500	 10.2022	117.4500	  1.8081
 18.7996	131.8375	 10.1944	118.1333	  1.8088
 18.8152	131.6958	 10.1985	117.8875	  1.8082
 18.8244	131.5833	 10.2012	118.4417	  1.8091
 18.8266	131.1542	 10.2055	117.9875	  1.8086
 18.8024	131.9125	 10.1940	118.1583	  1.8083
 18.8293	131.0583	 10.2109	117.2875	  1.8082
 18.8020	130.3333	 10.1906	118.0917	  1.8084
 18.8246	132.0375	 10.1947	118.2500	  1.8091
 18.8069	131.2833	 10.2004	117.9708	  1.8086
 18.8100	131.7875	 10.1982	117.8333	  1.8084
 18.8290	131.5917	 10.2001	118.1125	  1.8084
 18.8030	131.2667	 10.2080	117.9708	  1.8082
 18.8042	131.1417	 10.2001	117.7250	  1.8087
 18.8034	131.3167	 10.2084	118.4042	  1.8080
 18.8135	131.5250	 10.2022	118.1083	  1.8086
 18.8176	131.9083	 10.1994	117.9917	  1.8085
 18.8016	131.6417	 10.2062	118.4333	  1.8083
 18.8318	131.7083	 10.1930	117.9875	  1.8087
 18.8079	131.2958	 10.1995	118.2250	  1.8089
 18.8210	131.8208	 10.2164	118.3333	  1.8087
 18.8114	131.2583	 10.2017	117.9375	  1.8085
 18.8245	131.5875	 10.2113	118.5125	  1.8085
 18.8029	131.3375	 10.2010	117.7583	  1.8081
 18.8127	131.5542	 10.2015	118.6042	  1.8088
 18.8204	131.4083	 10.1999	117.6333	  1.8087
 18.8162	131.1333	 10.1903	118.0792	  1.8087
 18.8082	131.1042	 10.2122	118.4833	  1.8081
 18.8011	131.4667	 10.1915	118.3458	  1.8081
 18.8238	131.3667	 10.1845	118.4458	  1.8086
 18.8281	131.0667	 10.1924	118.1583	  1.8080
 18.8133	130.7208	 10.1995	118.4500	  1.8085
 18.8253	131.9792	 10.2093	117.7500	  1.8089
 18.8174	131.2792	 10.1879	118.1250	  1.8087
 18.8137	131.0500	 10.2194	117.9708	  1.8086
 18.8158	131.3375	 10.2184	118.0375	  1.8089
 18.8133	131.3208	 10.2079	118.6875	  1.8091
 18.8164	131.5042	 10.1938	118.2917	  1.8084
 18.8140	130.9083	 10.2038	117.7125	  1.8092
 18.8051	131.1708	 10.2225	117.9792	  1.8080
 18.8223	131.8042	 10.1978	117.6333	  1.8088
 18.8155	131.6792	 10.1982	117.4875	  1.8086
 18.8276	131.0500	 10.1932	117.7542	  1.8086
 18.8157	131.7292	 10.1883	117.9583	  1.8084
 18.8193	131.3375	 10.1996	117.4667	  1.8089
 18.8262	131.5833	 10.1991	117.9917	  1.8083
 18.8136	131.7583	 10.1991	118.2500	  1.8083
 18.8187	131.2625	 10.2086	118.1250	  1.8081
 18.8104	131.6000	 10.2047	117.9417	  1.8084
 18.8137	131.5833	 10.2002	117.8792	  1.8085
 18.8215	130.9917	 10.2146	117.8542	  1.8080
 18.8089	131.1458	 10.1886	118.4292	  1.8082
 18.8102	131.2167	 10.2154	117.9250	  1.8089
 18.8056	131.0333	 10.2046	117.9583	  1.8078
 18.8102	131.8625	 10.2125	117.5042	  1.8088
 18.8088	131.6625	 10.2032	117.8833	  1.8089
 18.8227	131.1083	 10.2141	117.3333	  1.8087
 18.8100	131.3417	 10.1922	118.2167	  1.8080
 18.8125	131.8750	 10.1976	117.6833	  1.8089
 18.8190	131.4167	 10.1945	118.3417	  1.8084
 18.8259	131.1708	 10.1879	118.0542	  1.8085
 18.8294	130.8667	 10.2074	118.1667	  1.8089
 18.8103	131.4583	 10.1973	118.1875	  1.8087
 18.8046	131.4458	 10.1840	118.1208	  1.8080
 18.8116	131.7500	 10.2039	118.1667	  1.8084
 18.8053	131.2833	 10.2029	117.6833	  1.8085
 18.8052	131.1792	 10.1969	118.0208	  1.8083
 18.8146	131.0167	 10.1942	117.3708	  1.8083
 18.7920	131.3042	 10.1949	118.4000	  1.8081
 18.8029	131.4208	 10.2108	118.3083	  1.8083
 18.8356	131.4167	 10.2062	118.1875	  1.8081
 18.8119	130.6417	 10.2066	117.4750	  1.8083
 18.7974	131.4292	 10.2185	118.2667	  1.8078
 18.8148	131.5458	 10.2181	118.4958	  1.8087
 18.8248	130.9583	 10.2145	118.0250	  1.8088
 18.8205	130.8958	 10.2030	117.5708	  1.8089
 18.8092	132.2542	 10.2000	118.4500	  1.8081
 18.8148	131.3583	 10.2110	118.3417	  1.8077
 18.8063	131.3583	 10.2003	118.8000	  1.8086
 18.8015	131.9792	 10.1880	118.2000	  1.8089
 18.8242	131.6583	 10.2057	117.7042	  1.8083
 18.8105	131.8250	 10.1915	118.0833	  1.8088
 18.8228	131.2750	 10.1830	118.2625	  1.8088
 18.8319	131.3750	 10.2090	117.7125	  1.8090
 18.8337	131.3417	 10.2028	118.3625	  1.8087
 18.8077	130.7875	 10.1954	118.1208	  1.8089
 18.8177	131.2000	 10.2057	118.1000	  1.8086
 18.8239	131.6792	 10.2090	117.7833	  1.8084
 18.8085	131.2500	 10.2063	118.4083	  1.8083
 18.8074	131.8750	 10.2161	118.3833	  1.8092
 18.8084	131.6833	 10.1992	118.6625	  1.8085
 18.8406	131.7167	 10.2072	117.6125	  1.8081
 18.8005	131.0083	 10.2152	118.1000	  1.8086
 18.8093	131.1667	 10.1973	117.0292	  1.8081
 18.8199	131.5958	 10.1988	118.4292	  1.8088
 18.8065	130.7125	 10.1919	117.9750	  1.8085
 18.8425	131.1000	 10.2053	118.1875	  1.8085
 18.8177	131.4333	 10.1979	118.2042	  1.8084
 18.8095	131.6625	 10.2088	118.3458	  1.8086
 18.8104	131.2792	 10.1916	118.4375	  1.8087
 18.8124	132.0125	 10.2038	117.4292	  1.8083
 18.8240	131.9292	 10.1893	118.2625	  1.8084
 18.8200	131.4042	 10.1992	117.7208	  1.8084
 18.8224	131.5458	 10.2042	117.2250	  1.8085
 18.8131	131.1708	 10.2082	117.6833	  1.8083
 18.8115	131.5667	 10.1958	117.5708	  1.8081
 18.8104	131.6125	 10.2022	118.0708	  1.8082
 18.8070	131.4917	 10.2122	117.8875	  1.8086
 18.7952	131.8917	 10.1946	117.8042	  1.8079
 18.8230	131.5042	 10.2029	117.5375	  1.8088
 18.8250	131.7125	 10.2083	117.9208	  1.8077
 18.8114	132.4292	 10.2155	118.3083	  1.8087
 18.8101	131.2917	 10.2006	118.0542	  1.8080
 18.8118	131.1458	 10.2132	118.5667	  1.8082
 18.8090	131.6417	 10.2162	118.5667	  1.8087
 18.7967	131.7375	 10.1982	118.6125	  1.8085
 18.8177	131.8125	 10.1905	118.7500	  1.8080
 18.8033	131.1208	 10.1983	118.6083	  1.8082
 18.8162	131.4208	 10.2106	117.5250	  1.8081
 18.8122	131.7875	 10.2105	118.3208	  1.8082
 18.7989	131.5208	 10.2115	118.1000	  1.8086
 18.8120	131.3750	 10.1952	118.1167	  1.8085
 18.8199	131.3292	 10.1955	118.0542	  1.8085
 18.8190	131.3042	 10.1944	118.7125	  1.8086
 18.7975	131.5417	 10.1958	118.1458	  1.8081
 18.8177	131.6875	 10.2087	118.0958	  1.8077
 18.8039	131.0958	 10.1991	117.7792	  1.8091
 18.8268	131.3625	 10.1983	118.1875	  1.8079
 18.8285	131.3833	 10.1966	117.6708	  1.8087
 18.8097	131.3042	 10.2071	118.3208	  1.8089
 18.8139	131.4500	 10.2084	117.9917	  1.8084
 18.8277	132.1833	 10.1981	118.6833	  1.8084
 18.8068	131.1917	 10.2016	117.7750	  1.8081
 18.8165	131.3792	 10.2154	118.3250	  1.8082
 18.8246	131.4333	 10.2062	117.5292	  1.8079
 18.8032	131.2167	 10.1844	118.0250	  1.8083
 18.8139	130.9250	 10.2025	117.8958	  1.8089
 18.8138	131.7000	 10.2031	117.9792	  1.8089
 18.8340	131.0333	 10.2205	118.4250	  1.8081
 18.8356	131.2125	 10.2049	117.9333	  1.8084
 18.8071	131.2458	 10.2045	117.9083	  1.8079
 18.8053	131.2917	 10.2014	118.2333	  1.8085
 18.8130	131.0042	 10.1963	117.6083	  1.8084
 18.8024	131.3500	 10.1941	118.0958	  1.8082
 18.8034	131.5708	 10.2046	118.0542	  1.8081
 18.8211	131.1625	 10.2124	117.8500	  1.8083
 18.8182	131.5875	 10.2170	117.8000	  1.8085
 18.8187	130.8958	 10.2094	118.4875	  1.8081
 18.8093	131.6083	 10.1960	117.7208	  1.8086
 18.8209	131.6333	 10.2133	118.3667	  1.8084
 18.8001	131.8292	 10.2070	117.4833	  1.8088
 18.8106	131.2250	 10.1971	117.5542	  1.8087
 18.8252	131.2917	 10.2052	118.0083	  1.8087
 18.8266	131.7792	 10.2056	117.8833	  1.8092
 18.8376	130.8625	 10.1961	118.2500	  1.8086
 18.8082	131.4792	 10.1838	117.4000	  1.8085
 18.8137	131.5208	 10.1888	118.3000	  1.8081
 18.7985	131.0083	 10.1890	118.2958	  1.8084
 18.8098	131.0958	 10.2104	118.1000	  1.8078
 18.8241	131.2375	 10.1968	118.3042	  1.8086
 18.8021	131.4792	 10.2159	118.2917	  1.8086
 18.8144	132.0375	 10.2013	118.5458	  1.8091
 18.8175	130.7583	 10.2128	118.8292	  1.8084
 18.8140	130.7500	 10.1989	118.2875	  1.8083
 18.8179	131.6042	 10.1962	117.7917	  1.8087
 18.7982	131.8292	 10.1941	118.1083	  1.8083
 18.8020	131.2250	 10.2109	117.9167	  1.8088
 18.8110	131.0792	 10.2071	118.1583	  1.8085
 18.7981	131.3208	 10.2145	118.4250	  1.8086
 18.7993	131.4958	 10.2094	118.2333	  1.8086
 18.8011	131.3292	 10.2049	118.5125	  1.8085
 18.8049	131.9667	 10.2127	117.8625	  1.8087
 18.8362	131.3125	 10.1945	118.3875	  1.8082
 18.8287	130.8792	 10.2052	118.1917	  1.8088
 18.8216	131.8083	 10.2015	117.8500	  1.8086
 18.8253	131.0625	 10.1961	118.4958	  1.8093
 18.8131	131.6333	 10.2070	117.2583	  1.8089
 18.8168	131.4458	 10.2141	118.1833	  1.8089
 18.8024	131.1125	 10.2141	118.3708	  1.8085
 18.8207	131.7167	 10.1988	117.7750	  1.8084
 18.8158	131.5750	 10.2146	117.8083	  1.8084
 18.7976	131.3542	 10.1832	118.2500	  1.8088
 18.8036	131.2583	 10.2095	117.8958	  1.8084
 18.8266	131.4875	 10.1949	117.9583	  1.8082
 18.8179	131.1500	 10.1948	118.3375	  1.8084
 18.8061	130.9542	 10.2041	118.3250	  1.8084
 18.8118	131.5125	 10.2042	117.9750	  1.8078
 18.8062	131.3625	 10.2081	118.1625	  1.8087
 18.8171	131.4458	 10.1929	117.9875	  1.8084
 18.8047	131.4958	 10.2010	117.8500	  1.8087
 18.8152	130.8042	 10.1969	117.7000	  1.8087
 18.8189	131.9125	 10.1981	118.2000	  1.8085
 18.8213	131.3917	 10.1993	118.2833	  1.8086
 18.8258	131.8458	 10.2060	118.0708	  1.8087
 18.8194	131.1000	 10.2121	118.1625	  1.8085
 18.8208	131.5833	 10.2075	118.7500	  1.8081
 18.8123	131.5500	 10.2153	118.4167	  1.8083
 18.8132	131.5125	 10.2036	117.7375	  1.8085
 18.8097	131.7042	 10.2018	117.9500	  1.8085
 18.8119	131.5708	 10.2080	118.3375	  1.8085
 18.8141	131.0833	 10.1991	117.4167	  1.8082
 18.8044	131.2417	 10.2148	117.5417	  1.8083
 18.8165	131.8250	 10.2037	118.0958	  1.8085
 18.8193	131.3292	 10.2069	118.1583	  1.8082
 18.8227	131.3458	 10.2058	118.2458	  1.8084
 18.8052	131.4333	 10.2047	117.6667	  1.8086
 18.8070	130.9333	 10.1956	117.9417	  1.8083
 18.7939	131.0958	 10.1920	117.9375	  1.8087
 18.8166	131.7625	 10.2080	117.6208	  1.8085
 18.8129	131.6667	 10.2035	118.9042	  1.8085
 18.7963	131.4083	 10.2086	117.9500	  1.8082
 18.8038	131.1333	 10.2084	118.1792	  1.8078
 18.8142	130.9125	 10.2067	118.0625	  1.8079
 18.8426	132.1042	 10.2109	117.7542	  1.8076
 18.8256	132.0167	 10.2009	117.9042	  1.8088
 18.8037	131.5458	 10.2026	118.0500	  1.8085
 18.8303	131.5000	 10.2019	118.4917	  1.8086
 18.8121	131.4750	 10.2022	118.4375	  1.8084
 18.8229	131.4167	 10.1957	117.3500	  1.8083
 18.8292	131.2167	 10.1912	118.1625	  1.8086
 18.8236	131.3958	 10.2019	118.5333	  1.8087
 18.8187	131.6000	 10.1979	117.9167	  1.8084
 18.8359	131.5167	 10.2122	117.9125	  1.8089
 18.8128	131.0792	 10.1967	118.6375	  1.8080
 18.8377	131.4500	 10.2162	117.6292	  1.8086
 18.8163	131.4625	 10.2001	117.9375	  1.8089
 18.7988	131.6708	 10.2059	118.0833	  1.8085
 18.8291	131.4042	 10.2044	118.2708	  1.8083
 18.8173	131.1917	 10.2161	117.7500	  1.8084
 18.8195	131.5625	 10.2182	118.0708	  1.8085
 18.8253	131.7167	 10.1984	118.2750	  1.8080
 18.8136	131.4583	 10.1952	118.0833	  1.8079
 18.8026	131.3375	 10.1853	117.5583	  1.8083
 18.8229	131.0958	 10.2023	118.0583	  1.8085
 18.8247	131.4708	 10.2068	118.0250	  1.8081
 18.8196	131.7833	 10.2095	117.7625	  1.8092
 18.8072	131.9167	 10.2042	118.5833	  1.8080
 18.8103	131.1708	 10.2104	117.6500	  1.8082
 18.7930	132.0250	 10.1916	117.6208	  1.8082
 18.8323	131.6083	 10.2031	118.0792	  1.8083
 18.8431	131.0417	 10.2014	118.1167	  1.8089
 18.7968	131.9875	 10.2078	117.7708	  1.8085
 18.8471	131.8833	 10.1924	117.9958	  1.8081
 18.8121	131.3625	 10.1981	118.0167	  1.8084
 18.8165	131.6042	 10.1990	118.7083	  1.8083
 18.8204	131.1583	 10.2054	118.4208	  1.8087
 18.8170	131.3958	 10.2010	118.4625	  1.8083
 18.8185	131.3292	 10.2016	117.9833	  1.8083
 18.8185	131.5125	 10.1992	117.9000	  1.8079
 18.8085	131.8500	 10.2179	117.6250	  1.8081
 18.8175	131.5458	 10.2066	118.2958	  1.8084
 18.8040	131.5750	 10.2042	117.9375	  1.8084
 18.8187	131.4958	 10.2162	118.1125	  1.8085
 18.8076	130.8458	 10.1956	118.6500	  1.8082
 18.8131	131.9375	 10.2031	118.7917	  1.8079
 18.8108	131.3833	 10.2041	118.4625	  1.8081
 18.8199	131.4792	 10.1912	117.6917	  1.8079
 18.8081	131.4417	 10.1947	117.8375	  1.8086
 18.8214	131.1250	 10.1955	117.4792	  1.8086
 18.8038	131.5125	 10.1929	117.6833	  1.8089
 18.8263	131.4792	 10.1992	118.2958	  1.8089
 18.8086	131.5167	 10.2106	117.9458	  1.8079
 18.8229	130.8875	 10.2079	117.3458	  1.8088
 18.8259	131.2958	 10.1950	118.2542	  1.8080
 18.8025	131.3167	 10.1960	117.9000	  1.8087
 18.8216	131.4750	 10.2090	117.4750	  1.8086
 18.8271	131.4833	 10.1977	117.3083	  1.8091
 18.8061	131.5458	 10.1923	117.7250	  1.8085
 18.8129	131.1958	 10.2033	117.5833	  1.8079
 18.8287	131.1875	 10.2061	118.1042	  1.8084
 18.8285	131.2042	 10.2105	118.5458	  1.8085
 18.8114	131.7208	 10.2138	118.4250	  1.8085
 18.8180	131.8417	 10.2001	117.8917	  1.8088
 18.8133	131.5750	 10.2146	118.3208	  1.8083
 18.8164	131.3167	 10.2063	117.6500	  1.8088
 18.8118	131.5125	 10.2019	118.2792	  1.8087
 18.8211	131.2333	 10.1818	118.2792	  1.8082
 18.8114	131.2708	 10.1882	118.0375	  1.8086
 18.8067	131.2458	 10.2161	117.9667	  1.8082
 18.8072	131.2417	 10.2113	117.9125	  1.8080
 18.8105	131.2250	 10.1970	117.7250	  1.8079
 18.8368	131.9333	 10.2107	117.7500	  1.8086
 18.8122	131.9042	 10.2046	117.7208	  1.8086
 18.8098	131.2583	 10.2049	117.9875	  1.8082
 18.8090	131.8083	 10.1957	118.1500	  1.8088
 18.8021	131.2708	 10.2015	117.7292	  1.8085
 18.8220	131.5542	 10.1907	117.1917	  1.8091
 18.8184	130.6333	 10.1969	118.3417	  1.8083
 18.8052	131.7292	 10.1986	118.1167	  1.8085
 18.8099	130.9333	 10.2064	118.5625	  1.8082
 18.7975	131.3917	 10.2150	117.6375	  1.8077
 18.8347	131.3542	 10.2121	118.1667	  1.8085
 18.8196	131.4083	 10.2140	117.9250	  1.8089
 18.8069	131.4208	 10.2087	118.4167	  1.8086
 18.8117	131.6375	 10.2122	118.1000	  1.8088
 18.8220	131.1583	 10.2057	117.5542	  1.8084
 18.8171	131.3833	 10.2079	118.2708	  1.8082
 18.8224	131.4417	 10.2052	118.4292	  1.8089
 18.7944	131.9750	 10.1927	117.3208	  1.8079
 18.8033	131.6458	 10.2110	118.6000	  1.8080
 18.8062	131.8667	 10.2143	118.5333	  1.8075
 18.8117	131.7458	 10.1782	118.0917	  1.8087
 18.8235	131.1708	 10.1964	118.7083	  1.8077
 18.8191	131.4333	 10.2016	118.1708	  1.8083
 18.8364	131.0750	 10.2096	118.6750	  1.8083
 18.8064	131.4958	 10.1888	118.1375	  1.8083
 18.8109	131.2708	 10.2075	118.0000	  1.8091
 18.8218	131.2042	 10.1983	117.9542	  1.8084
 18.8267	131.3958	 10.1972	117.7333	  1.8081
 18.8136	131.6292	 10.2094	118.5417	  1.8084
 18.7995	131.4792	 10.1952	117.3917	  1.8081
 18.7982	131.2417	 10.1996	118.1333	  1.8080
 18.8207	131.3792	 10.2049	118.5333	  1.8083
 18.8315	130.8000	 10.2064	118.2458	  1.8083
 18.7997	131.2708	 10.1991	118.5792	  1.8087
 18.8079	131.5833	 10.2047	117.9208	  1.8078
 18.8097	131.6000	 10.1979	117.7458	  1.8083
 18.8140	131.6667	 10.2071	117.4083	  1.8082
 18.8300	131.7667	 10.2042	117.8958	  1.8085
 18.8002	131.3000	 10.2098	118.3917	  1.8081
 18.8093	131.1625	 10.1975	117.4375	  1.8084
 18.8039	131.0625	 10.1857	118.2375	  1.8087
 18.8078	131.9417	 10.2199	118.8500	  1.8085
 18.8142	131.8833	 10.1978	117.7750	  1.8090
 18.8194	131.5167	 10.2101	117.8750	  1.8090
 18.8091	131.7917	 10.1850	118.1458	  1.8091
 18.8360	131.3500	 10.2012	117.5792	  1.8079
 18.8238	131.2875	 10.1905	118.2000	  1.8085
 18.8097	130.5042	 10.2019	118.8250	  1.8084
 18.8144	131.0750	 10.1937	118.4625	  1.8081
 18.8013	131.4417	 10.1890	118.2833	  1.8088
 18.8101	131.7042	 10.2046	117.8958	  1.8082
 18.8206	131.2708	 10.2061	118.2875	  1.8087
 18.8089	131.1000	 10.2111	118.7250	  1.8082
 18.8161	132.0042	 10.2122	117.4083	  1.8084
 18.8156	131.5000	 10.2024	118.5167	  1.8081
 18.8025	131.7250	 10.1985	118.2875	  1.8080
 18.8127	131.8458	 10.2047	118.3042	  1.8085
 18.8089	131.3417	 10.1887	117.6792	  1.8082
 18.8220	131.9417	 10.2144	118.9333	  1.8081
 18.8140	131.4208	 10.1937	117.7708	  1.8083
 18.8218	131.1083	 10.2122	117.5167	  1.8083
 18.8235	131.4167	 10.1940	118.0750	  1.8086
 18.8044	130.9583	 10.1814	118.4167	  1.8080
 18.8090	131.6042	 10.1989	118.4375	  1.8079
 18.8091	131.3667	 10.2047	118.2417	  1.8085
 18.8132	131.5875	 10.2045	117.3708	  1.8076
 18.8038	131.2083	 10.2012	118.1083	  1.8087
 18.8279	131.7958	 10.2032	118.0958	  1.8080
 18.8326	131.1833	 10.2118	117.4125	  1.8086
 18.8248	131.7250	 10.2181	118.1042	  1.8085
 18.8132	131.3500	 10.2023	117.9917	  1.8082
 18.8105	131.1833	 10.2134	118.4625	  1.8079
 18.8192	131.7417	 10.2021	118.0333	  1.8088
 18.8231	131.5917	 10.2003	118.1417	  1.8081
 18.7944	131.8083	 10.2082	118.3417	  1.8082
 18.8288	131.3333	 10.1993	118.3792	  1.8084
 18.8138	131.4042	 10.1970	118.1042	  1.8086
 18.8139	132.1292	 10.2129	117.6250	  1.8085
 18.7947	131.5583	 10.2000	118.2333	  1.8081
 18.8034	131.1583	 10.1954	118.3792	  1.8085
 18.8035	131.3125	 10.2020	117.8417	  1.8079
 18.8192	131.7833	 10.2232	118.8167	  1.8082
 18.8055	131.5167	 10.1866	117.7292	  1.8091
 18.8024	131.5958	 10.1877	117.8458	  1.8083
 18.8205	131.4833	 10.2130	118.6333	  1.8081
 18.8257	132.0167	 10.2153	117.6833	  1.8084
 18.8147	131.3708	 10.1995	118.1667	  1.8085
 18.8086	131.3542	 10.1930	118.5250	  1.8086
 18.8108	132.0417	 10.1963	118.1750	  1.8078
 18.8113	131.3833	 10.1902	118.2875	  1.8083
 18.7952	131.3625	 10.1931	118.0750	  1.8085
 18.8202	130.8583	 10.1994	117.3750	  1.8083
 18.8052	132.0000	 10.1896	117.8208	  1.8087
 18.8146	131.1833	 10.2009	118.1292	  1.8087
 18.8219	130.9417	 10.1857	118.1750	  1.8085
 18.8022	131.5000	 10.1980	118.6583	  1.8088
 18.7913	131.8042	 10.1944	117.7125	  1.8082
 18.8203	131.4958	 10.2110	117.6875	  1.8081
 18.8239	131.8083	 10.1920	117.6375	  1.8083
 18.8137	130.8792	 10.1918	118.7250	  1.8087
 18.8314	130.6958	 10.2012	118.5000	  1.8084
 18.8171	131.1125	 10.2109	118.7250	  1.8079
 18.8154	131.8375	 10.1966	117.8292	  1.8088
 18.7955	131.7375	 10.2088	118.0333	  1.8083
 18.8260	131.4042	 10.2172	118.4208	  1.8085
 18.8190	131.6417	 10.2121	117.7375	  1.8087
 18.8318	131.6500	 10.1971	118.0833	  1.8084
 18.8076	131.4083	 10.2127	118.5583	  1.8080
 18.8178	131.6750	 10.1916	117.7917	  1.8083
 18.8168	131.2750	 10.1911	118.1833	  1.8082
 18.8079	131.0042	 10.1996	117.5167	  1.8083
 18.8142	131.6583	 10.2193	117.9833	  1.8087
 18.7990	131.7917	 10.1982	117.9833	  1.8089
 18.8202	130.9875	 10.1974	117.7375	  1.8077
 18.8117	130.8292	 10.1977	117.6458	  1.8084
 18.8027	131.7542	 10.1982	118.8833	  1.8084
 18.8192	131.6167	 10.2016	117.9750	  1.8082
 18.8159	131.4375	 10.1862	118.2917	  1.8089
 18.8147	131.2625	 10.2054	118.0583	  1.8081
 18.8006	131.9667	 10.1975	118.3583	  1.8085
 18.8046	131.5875	 10.2015	117.5583	  1.8083
 18.8346	131.7125	 10.2033	117.4500	  1.8089
 18.8169	131.4167	 10.2083	118.5625	  1.8084
 18.8027	131.6917	 10.2146	118.4458	  1.8086
 18.8148	130.9208	 10.1983	118.1542	  1.8080
 18.8110	131.4917	 10.1994	118.4875	  1.8089
 18.8161	131.3625	 10.2068	117.9125	  1.8079
 18.8138	131.1083	 10.1862	118.2083	  1.8082
 18.8112	131.4292	 10.2057	118.1583	  1.8082
 18.8087	131.6417	 10.2173	117.3750	  1.8080
 18.8187	131.9667	 10.1940	118.5917	  1.8076
 18.8086	131.3292	 10.2215	117.4083	  1.8078
 18.8378	131.5542	 10.1979	118.0375	  1.8084
 18.8195	130.7167	 10.2198	117.4583	  1.8078
 18.8044	131.4833	 10.1937	117.7417	  1.8081
 18.8210	131.6667	 10.1948	117.6708	  1.8083
 18.8231	131.2875	 10.2073	117.9833	  1.8084
 18.8179	131.3833	 10.1921	117.8792	  1.8078
 18.8206	131.2125	 10.2109	117.9417	  1.8085
 18.8221	131.3042	 10.2034	118.4917	  1.8085
 18.8092	131.1250	 10.1959	117.8333	  1.8084
 18.8128	131.6500	 10.1918	117.4333	  1.8083
 18.8206	131.7083	 10.2019	117.5542	  1.8090
 18.8177	131.0750	 10.2102	117.8667	  1.8077
 18.8182	131.1417	 10.1988	118.2875	  1.8082
 18.8211	131.6750	 10.1971	118.2042	  1.8084
 18.8100	131.1792	 10.2089	118.1083	  1.8081
 18.8125	131.7042	 10.2084	117.4875	  1.8083
 18.8233	131.1792	 10.2139	118.6792	  1.8087
 18.8058	131.6958	 10.2118	117.3375	  1.8085
 18.7949	131.5875	 10.1990	118.1583	  1.8082
 18.8137	131.2667	 10.2127	118.2583	  1.8089
 18.8037	131.7333	 10.2028	118.2208	  1.8083
 18.8170	131.6250	 10.2090	118.0708	  1.8079
 18.8233	131.1792	 10.2004	118.4125	  1.8084
 18.8202	131.1667	 10.2000	117.9417	  1.8081
 18.7948	131.7708	 10.2095	117.9917	  1.8080
 18.8271	131.2375	 10.2019	117.8958	  1.8084
 18.8121	131.1208	 10.2026	117.7000	  1.8080
 18.8088	131.6167	 10.2024	117.8042	  1.8087
 18.8180	131.3792	 10.1988	117.7292	  1.8084
 18.8158	131.3250	 10.1990	118.5792	  1.8085
 18.8042	131.3750	 10.1946	117.9708	  1.8084
 18.8072	131.3000	 10.2020	117.8500	  1.8081
 18.8351	131.5833	 10.2120	118.4958	  1.8084
 18.8120	131.7250	 10.2111	117.8833	  1.8085
 18.8314	131.6500	 10.2112	118.4250	  1.8085
 18.8305	131.0875	 10.1957	118.1375	  1.8086
 18.8203	131.5708	 10.1993	118.1417	  1.8079
 18.8048	131.6458	 10.1941	117.8333	  1.8083
 18.8202	131.5292	 10.1981	118.0167	  1.8085
 18.8199	131.8958	 10.1969	118.6417	  1.8084
 18.8228	131.8542	 10.2206	118.2625	  1.8084
 18.8259	131.0417	 10.1997	118.1667	  1.8087
 18.8052	131.5625	 10.1895	118.3708	  1.8083
 18.8068	131.3792	 10.2077	117.5708	  1.8081
 18.8062	131.6958	 10.2042	118.3292	  1.8082
 18.8036	131.2625	 10.1938	118.2542	  1.8083
 18.7989	131.7500	 10.1991	117.8500	  1.8080
 18.8114	131.4958	 10.2121	117.8792	  1.8082
 18.8319	131.6542	 10.2029	118.4833	  1.8088
 18.8333	131.6375	 10.2249	118.0708	  1.8083
 18.8240	131.8792	 10.1990	117.8000	  1.8082
 18.8022	131.1083	 10.2084	117.7625	  1.8080
 18.8173	130.8792	 10.1915	117.7125	  1.8087
 18.8149	131.6125	 10.1824	117.9083	  1.8081
 18.8182	131.8042	 10.1959	118.2042	  1.8089
 18.8181	131.6583	 10.2035	117.8625	  1.8084
 18.8236	131.5667	 10.1966	117.7583	  1.8081
 18.8099	131.3875	 10.2010	118.1292	  1.8079
 18.8095	131.4125	 10.2019	117.7792	  1.8083
 18.8054	131.4750	 10.2096	117.7083	  1.8079
 18.8143	131.1458	 10.1900	118.0708	  1.8081
 18.8235	130.8750	 10.1879	118.0000	  1.8079
 18.8145	131.1875	 10.2004	117.9417	  1.8081
 18.8177	130.8667	 10.2073	118.7333	  1.8077
 18.8090	131.8333	 10.2192	118.2375	  1.8079
 18.7951	131.1708	 10.2172	118.2125	  1.8090
 18.7963	131.1583	 10.2184	118.1958	  1.8081
 18.8142	131.2542	 10.2030	118.4667	  1.8083
 18.8110	131.7042	 10.2095	117.1292	  1.8079
 18.8079	131.0542	 10.2140	117.8583	  1.8088
 18.7958	131.2583	 10.2037	117.4708	  1.8080
 18.8274	131.0083	 10.2079	118.2833	  1.8081
 18.8239	131.4917	 10.2023	118.0833	  1.8076
 18.8080	131.5625	 10.1937	117.4375	  1.8084
 18.8052	131.4083	 10.2145	118.1792	  1.8083
 18.8023	131.7250	 10.1990	117.9375	  1.8083
 18.8194	131.1792	 10.2061	118.0708	  1.8081
 18.8228	130.6000	 10.1933	117.9750	  1.8084
 18.8273	131.3208	 10.1993	117.6250	  1.8082
 18.8106	131.1833	 10.2028	118.0625	  1.8083
 18.8170	131.3625	 10.2084	117.4125	  1.8083
 18.8241	131.2958	 10.1928	117.7417	  1.8081
 18.8098	131.7083	 10.2044	118.1333	  1.8084
 18.8117	131.6542	 10.1964	118.2833	  1.8088
 18.8261	131.1333	 10.1978	117.7125	  1.8086
 18.8015	131.0625	 10.1936	118.0542	  1.8082
 18.8195	131.1292	 10.2000	118.3000	  1.8083
 18.8117	131.8875	 10.1876	117.9208	  1.8076
 18.8189	131.6958	 10.2086	118.0042	  1.8086
 18.8100	131.6250	 10.1995	118.2333	  1.8087
 18.8131	131.3333	 10.1929	118.2167	  1.8078
 18.8072	131.7375	 10.1995	118.0458	  1.8076
