P8010116.482933
GADANKI 01/01/1980 16:47:29 01/01/1980 16:48:29 0350 0079.2 0013.4 00
0000000 0020 0001200 0020 05
1 0 2 02000 1 0000 0030 00532.o 0 0 00 000 14 001200 0.100 BT0
1 1 2 02000 1 0000 0030 00532.o 0 0 00 000 00 001200 0.0000 BC0
1 0 2 02000 1 0000 0030 00532.p 0 0 00 000 14 001200 0.100 BT1
1 1 2 02000 1 0000 0030 00532.p 0 0 00 000 00 001200 0.0000 BC1
1 0 2 02000 1 0000 0030 01064.o 0 0 00 000 14 001200 0.100 BT2
532.000 .o analog 0 	532.000 .o photon 0 	532.000 .p analog 1 	532.000 .p photon 1 	1064.000 .o analog 2 
 19.6667	108.1000	  9.9346	 91.3792	  1.8077
 20.9011	148.2458	 10.9843	126.8333	  1.8088
 97.7829	144.7125	 70.1547	126.1708	  1.8087
 99.9753	141.4250	 34.7321	124.6000	  1.8089
 89.9756	139.3375	 28.2938	123.3542	  1.8085
 63.2683	137.3458	 22.0948	122.1250	  1.8087
 47.8701	135.8292	 17.9738	121.8917	  1.8085
 38.9287	134.7250	 15.5589	121.8417	  1.8083
 33.4253	134.6375	 14.0244	120.8375	  1.8085
 29.8357	133.3708	 13.0027	120.1708	  1.8088
 27.4301	133.7458	 12.3301	120.2167	  1.8087
 25.7474	133.2250	 11.8480	119.7667	  1.8085
 24.5211	132.7375	 11.4743	119.1708	  1.8086
 23.5989	132.3500	 11.2178	119.2667	  1.8086
 22.9200	132.0042	 10.9977	119.4792	  1.8086
 22.3690	132.0875	 10.8194	119.2958	  1.8084
 21.9616	132.0000	 10.6830	119.0333	  1.8093
 21.5929	132.3042	 10.5866	118.7500	  1.8086
 21.3393	131.9083	 10.4808	118.8750	  1.8084
 21.1158	131.4000	 10.4204	118.6083	  1.8088
 20.9390	131.8500	 10.3497	118.8625	  1.8086
 20.7373	131.5583	 10.3169	119.1292	  1.8090
 20.5920	132.1333	 10.2593	118.8167	  1.8090
 20.4744	131.3750	 10.2381	118.7667	  1.8088
 20.3951	130.9208	 10.2054	118.9625	  1.8088
 20.3010	131.1250	 10.1599	118.5833	  1.8090
 20.2318	131.2542	 10.1551	118.0167	  1.8088
 20.1872	131.5375	 10.1409	118.3458	  1.8088
 20.1333	131.6167	 10.1358	118.0958	  1.8088
 20.0557	131.0917	 10.1127	118.4333	  1.8086
 20.0115	130.7125	 10.0842	118.5875	  1.8088
 19.9709	131.5125	 10.0632	118.5583	  1.8088
 19.9437	131.9083	 10.0580	118.9000	  1.8089
 19.9083	131.1500	 10.0485	118.7000	  1.8092
 19.9200	131.6792	 10.0421	118.4125	  1.8094
 19.8447	131.1292	 10.0222	118.2750	  1.8085
 19.8374	131.4167	 10.0210	118.6708	  1.8088
 19.8246	131.1292	 10.0071	118.7208	  1.8090
 19.7929	131.3792	 10.0112	117.9000	  1.8089
 19.7705	131.3500	  9.9818	118.7958	  1.8085
 19.7359	132.3708	 10.0018	118.2542	  1.8089
 19.7264	131.0542	  9.9875	118.5375	  1.8087
 19.6982	131.2042	  9.9776	118.6583	  1.8091
 19.7054	131.4375	  9.9701	119.2292	  1.8088
 19.6857	131.7208	  9.9748	118.5375	  1.8084
 19.6912	131.4917	  9.9821	118.5250	  1.8083
 19.6883	131.4708	  9.9660	118.5083	  1.8091
 19.6800	131.3042	  9.9687	118.3917	  1.8087
 19.6837	130.8917	  9.9454	118.5125	  1.8089
 19.6780	131.3917	  9.9690	118.2750	  1.8085
 19.6755	130.9792	  9.9800	118.5208	  1.8087
 19.6803	131.9333	  9.9512	118.6875	  1.8086
 19.6703	131.3375	  9.9560	118.9958	  1.8087
 19.6829	131.7333	  9.9557	118.7000	  1.8091
 19.6666	131.0417	  9.9594	118.5625	  1.8091
 19.6553	131.0583	  9.9566	117.7875	  1.8090
 19.6449	131.0333	  9.9743	118.4625	  1.8092
 19.6592	131.2375	  9.9572	118.2375	  1.8090
 19.6600	131.6500	  9.9533	119.2250	  1.8089
 19.6414	130.7708	  9.9689	118.3000	  1.8085
 19.6501	130.8542	  9.9665	119.2250	  1.8087
 19.6407	131.2875	  9.9628	118.3500	  1.8092
 19.6633	130.8792	  9.9698	118.4875	  1.8090
 19.6481	130.5500	  9.9640	118.5292	  1.8088
 19.6881	131.1917	  9.9566	118.4292	  1.8088
 19.6468	130.8458	  9.9472	118.2208	  1.8088
 19.6459	131.3500	  9.9607	118.4750	  1.8086
 19.6647	131.2917	  9.9503	118.1625	  1.8084
 19.6597	130.6292	  9.9590	118.5250	  1.8087
 19.6675	131.0458	  9.9510	118.4917	  1.8089
 19.6570	131.4583	  9.9667	118.0667	  1.8094
 19.6914	130.8875	  9.9694	118.5583	  1.8090
 19.6598	131.2125	  9.9677	118.1125	  1.8089
 19.6527	131.1917	  9.9711	118.3292	  1.8088
 19.6516	131.3125	  9.9699	119.2208	  1.8086
 19.6435	131.4417	  9.9706	118.4500	  1.8083
 19.6664	131.1750	  9.9670	118.4458	  1.8083
 19.6429	131.4667	  9.9617	118.4083	  1.8088
 19.6422	130.7500	  9.9433	118.5292	  1.8092
 19.6679	131.3000	  9.9524	119.3792	  1.8092
 19.6561	131.4125	  9.9621	118.0625	  1.8082
 19.6605	131.4958	  9.9571	118.0542	  1.8086
 19.6495	131.5792	  9.9623	118.6833	  1.8089
 19.6696	131.9500	  9.9418	119.0167	  1.8087
 19.6578	131.0833	  9.9615	118.3125	  1.8084
 19.6671	130.9167	  9.9476	118.3167	  1.8087
 19.6692	130.9792	  9.9520	118.8917	  1.8085
 19.6677	130.9083	  9.9660	118.2875	  1.8090
 19.6730	130.8167	  9.9665	118.3500	  1.8086
 19.6486	131.2958	  9.9580	118.4958	  1.8085
 19.6699	131.1875	  9.9597	118.7208	  1.8083
 19.6579	131.6917	  9.9617	118.5250	  1.8090
 19.6382	130.9250	  9.9678	118.9500	  1.8088
 19.6530	130.8583	  9.9553	118.2125	  1.8083
 19.6457	131.0750	  9.9591	118.8708	  1.8081
 19.6679	130.7917	  9.9456	118.3583	  1.8082
 19.6499	130.9542	  9.9524	118.5042	  1.8091
 19.6489	131.0958	  9.9656	118.2250	  1.8088
 19.6723	131.1208	  9.9516	118.5250	  1.8090
 19.6615	131.5208	  9.9654	118.6875	  1.8084
 19.6571	131.3250	  9.9740	118.7667	  1.8087
 19.6557	130.6292	  9.9630	118.6458	  1.8087
 19.6505	131.5958	  9.9532	118.6792	  1.8087
 19.6600	131.7708	  9.9660	118.6042	  1.8089
 19.6723	131.4333	  9.9478	118.4250	  1.8082
 19.6431	131.7917	  9.9826	118.3042	  1.8083
 19.6633	131.3375	  9.9517	118.3833	  1.8086
 19.6535	131.1917	  9.9521	118.5542	  1.8094
 19.6491	131.0417	  9.9792	118.3958	  1.8087
 19.6447	131.5667	  9.9574	118.5875	  1.8088
 19.6619	131.3458	  9.9442	118.6708	  1.8091
 19.6424	131.2333	  9.9607	118.2042	  1.8091
 19.6720	131.5167	  9.9322	118.6042	  1.8083
 19.6508	131.5333	  9.9471	118.2250	  1.8088
 19.6590	131.2125	  9.9366	118.4583	  1.8088
 19.6492	131.2500	  9.9485	118.0542	  1.8082
 19.6676	131.0375	  9.9460	117.9417	  1.8086
 19.6528	131.5667	  9.9604	118.5875	  1.8084
 19.6472	131.4125	  9.9765	118.3458	  1.8088
 19.6686	131.3500	  9.9619	118.0917	  1.8086
 19.6520	131.2500	  9.9624	118.5125	  1.8084
 19.6568	131.0375	  9.9629	118.5917	  1.8088
 19.6588	131.6958	  9.9629	118.5083	  1.8086
 19.6415	131.0917	  9.9659	118.4500	  1.8086
 19.6589	130.6417	  9.9729	118.3875	  1.8081
 19.6372	131.4208	  9.9700	118.6458	  1.8089
 19.6586	131.2750	  9.9669	118.5208	  1.8082
 19.6474	131.4250	  9.9566	118.5542	  1.8083
 19.6608	131.1167	  9.9402	118.2625	  1.8092
 19.6543	131.3375	  9.9481	118.0833	  1.8083
 19.6632	131.2417	  9.9686	118.6625	  1.8082
 19.6378	131.4667	  9.9604	118.4667	  1.8090
 19.6711	131.1125	  9.9586	118.9208	  1.8088
 19.6669	130.9833	  9.9608	118.5667	  1.8087
 19.6570	131.6500	  9.9788	118.0333	  1.8090
 19.6532	131.6792	  9.9699	118.9542	  1.8088
 19.6647	131.4583	  9.9561	118.0583	  1.8083
 19.6639	130.9667	  9.9706	118.1042	  1.8088
 19.6538	131.1083	  9.9590	118.0917	  1.8087
 19.6607	131.4750	  9.9637	118.3833	  1.8084
 19.6621	130.8042	  9.9771	118.9417	  1.8092
 19.6679	131.4458	  9.9471	118.6708	  1.8085
 19.6775	131.9500	  9.9493	118.3583	  1.8086
 19.6480	130.9625	  9.9665	118.5375	  1.8082
 19.6649	131.5833	  9.9503	118.3583	  1.8084
 19.6679	131.0708	  9.9611	118.2250	  1.8092
 19.6543	131.5208	  9.9438	117.9417	  1.8082
 19.6592	131.0542	  9.9674	119.0583	  1.8088
 19.6614	131.0167	  9.9571	118.3250	  1.8090
 19.6472	131.3208	  9.9659	119.0708	  1.8080
 19.6488	131.4583	  9.9509	119.0583	  1.8086
 19.6718	130.8625	  9.9474	118.1583	  1.8084
 19.6593	130.6750	  9.9384	118.3667	  1.8088
 19.6737	131.4125	  9.9572	118.4000	  1.8080
 19.6533	131.0208	  9.9712	118.0333	  1.8089
 19.6637	130.8875	  9.9579	118.2458	  1.8081
 19.6704	130.8333	  9.9620	118.6250	  1.8091
 19.6450	131.1625	  9.9669	118.6958	  1.8087
 19.6603	130.7125	  9.9675	118.3208	  1.8080
 19.6551	130.6625	  9.9562	118.4250	  1.8088
 19.6665	131.0000	  9.9421	118.4125	  1.8087
 19.6629	131.0542	  9.9478	119.1208	  1.8081
 19.6594	131.0708	  9.9573	118.3875	  1.8084
 19.6517	131.9000	  9.9420	118.0458	  1.8088
 19.6459	131.1125	  9.9712	118.3292	  1.8083
 19.6377	131.1458	  9.9612	118.5792	  1.8086
 19.6446	131.5167	  9.9453	118.9083	  1.8081
 19.6551	131.4583	  9.9478	118.5333	  1.8086
 19.6564	131.4542	  9.9645	118.4542	  1.8086
 19.6671	130.7292	  9.9694	117.8125	  1.8087
 19.6661	131.2333	  9.9341	118.4042	  1.8087
 19.6523	131.7167	  9.9513	118.3875	  1.8090
 19.6367	131.1458	  9.9508	118.3958	  1.8086
 19.6620	131.2292	  9.9578	118.1042	  1.8082
 19.6437	130.8667	  9.9443	118.3375	  1.8086
 19.6399	131.0292	  9.9542	118.8667	  1.8092
 19.6586	131.2417	  9.9784	118.9625	  1.8090
 19.6741	130.9292	  9.9806	118.3583	  1.8085
 19.6619	131.6375	  9.9305	118.8375	  1.8090
 19.6682	131.2083	  9.9541	118.6875	  1.8090
 19.6608	131.2875	  9.9547	117.9667	  1.8087
 19.6478	130.7042	  9.9493	119.0542	  1.8082
 19.6688	130.8458	  9.9334	118.1458	  1.8088
 19.6524	130.7000	  9.9515	118.0167	  1.8086
 19.6745	130.9667	  9.9550	118.2958	  1.8087
 19.6466	131.1417	  9.9716	118.6667	  1.8088
 19.6721	131.2125	  9.9494	118.0333	  1.8089
 19.6684	131.0667	  9.9586	118.7000	  1.8089
 19.6573	131.2958	  9.9479	118.2250	  1.8088
 19.6505	131.1667	  9.9664	118.2333	  1.8090
 19.6399	130.8292	  9.9536	118.3667	  1.8091
 19.6569	131.3833	  9.9484	117.8458	  1.8091
 19.6640	130.5792	  9.9632	118.9333	  1.8089
 19.6478	130.6542	  9.9636	118.8125	  1.8090
 19.6651	131.1875	  9.9500	118.8708	  1.8083
 19.6459	131.2583	  9.9553	118.5333	  1.8086
 19.6648	131.5875	  9.9367	118.9708	  1.8088
 19.6511	131.3875	  9.9583	118.0250	  1.8091
 19.6524	130.8458	  9.9558	119.0375	  1.8085
 19.6616	131.0583	  9.9672	118.1500	  1.8086
 19.6614	131.1500	  9.9521	118.4875	  1.8082
 19.6610	131.7833	  9.9382	118.6167	  1.8087
 19.6377	131.3958	  9.9623	118.1167	  1.8084
 19.6526	130.9083	  9.9523	118.7375	  1.8083
 19.6701	130.9792	  9.9533	118.6125	  1.8083
 19.6701	131.0125	  9.9524	118.9417	  1.8090
 19.6630	130.6958	  9.9223	118.9500	  1.8083
 19.6598	131.4000	  9.9556	118.3708	  1.8086
 19.6669	131.1250	  9.9563	118.6333	  1.8086
 19.6525	131.2417	  9.9503	118.6333	  1.8088
 19.6421	131.2208	  9.9656	118.7125	  1.8086
 19.6613	131.7000	  9.9630	118.5250	  1.8092
 19.6575	131.1250	  9.9564	118.4667	  1.8084
 19.6490	131.0083	  9.9477	118.4292	  1.8090
 19.6691	131.2250	  9.9478	118.6042	  1.8084
 19.6561	131.0917	  9.9659	119.0083	  1.8084
 19.6498	131.2250	  9.9684	118.3000	  1.8084
 19.6520	131.6958	  9.9636	118.8708	  1.8084
 19.6647	131.0417	  9.9679	118.6750	  1.8085
 19.6588	131.1750	  9.9527	118.8417	  1.8083
 19.6604	131.6750	  9.9424	118.1417	  1.8090
 19.6575	130.6958	  9.9594	118.0458	  1.8088
 19.6604	131.3583	  9.9734	119.2750	  1.8090
 19.6526	130.7875	  9.9593	118.2208	  1.8084
 19.6515	131.4708	  9.9535	118.7625	  1.8084
 19.6579	131.3917	  9.9664	118.0208	  1.8083
 19.6561	131.8292	  9.9681	118.5125	  1.8086
 19.6728	131.0375	  9.9358	118.2542	  1.8083
 19.6487	131.0542	  9.9605	118.3750	  1.8091
 19.6662	131.2000	  9.9391	118.5208	  1.8085
 19.6539	131.4000	  9.9631	118.4292	  1.8086
 19.6941	131.0667	  9.9517	118.3708	  1.8092
 19.6742	131.3667	  9.9669	119.1417	  1.8093
 19.6400	130.9500	  9.9706	118.5417	  1.8082
 19.6540	130.7667	  9.9571	118.8125	  1.8084
 19.6364	131.3667	  9.9661	118.2958	  1.8083
 19.6512	131.1833	  9.9364	118.7875	  1.8081
 19.6501	131.4792	  9.9692	118.8500	  1.8085
 19.6497	131.0625	  9.9743	118.1333	  1.8084
 19.6610	131.2375	  9.9484	118.6833	  1.8090
 19.6614	130.9458	  9.9500	118.4583	  1.8088
 19.6612	131.3875	  9.9492	118.7917	  1.8087
 19.6581	131.4333	  9.9651	118.5833	  1.8083
 19.6643	131.0333	  9.9409	118.2917	  1.8086
 19.6727	131.6333	  9.9487	118.7083	  1.8088
 19.6670	131.3708	  9.9725	119.0292	  1.8087
 19.6549	131.0042	  9.9491	118.5708	  1.8084
 19.6517	131.2500	  9.9487	118.1208	  1.8085
 19.6698	131.4625	  9.9640	118.4417	  1.8088
 19.6569	130.8917	  9.9641	118.8042	  1.8090
 19.6544	130.9792	  9.9690	118.1167	  1.8084
 19.6477	131.6417	  9.9558	117.8417	  1.8087
 19.6626	130.7375	  9.9622	117.9958	  1.8085
 19.6542	130.8583	  9.9600	118.8667	  1.8084
 19.6554	130.9708	  9.9445	118.3208	  1.8088
 19.6528	131.7417	  9.9523	118.3167	  1.8086
 19.6511	131.0917	  9.9709	118.5958	  1.8078
 19.6675	130.4250	  9.9514	118.3167	  1.8084
 19.6657	131.2250	  9.9705	118.5458	  1.8086
 19.6703	131.1958	  9.9566	118.2167	  1.8087
 19.6568	131.3917	  9.9563	118.2083	  1.8084
 19.6515	131.1833	  9.9638	118.7542	  1.8081
 19.6640	131.2125	  9.9823	118.6458	  1.8088
 19.6676	131.5500	  9.9608	118.4625	  1.8086
 19.6443	131.4667	  9.9568	118.9375	  1.8081
 19.6673	131.0417	  9.9669	118.9958	  1.8086
 19.6737	130.8708	  9.9610	117.9667	  1.8084
 19.6405	130.6875	  9.9544	118.5333	  1.8089
 19.6699	131.0833	  9.9657	118.8792	  1.8087
 19.6570	131.1833	  9.9438	118.3417	  1.8088
 19.6561	131.2667	  9.9652	118.3417	  1.8089
 19.6647	130.6708	  9.9596	118.4958	  1.8092
 19.6402	131.3958	  9.9459	118.2458	  1.8088
 19.6636	131.4125	  9.9509	118.2333	  1.8087
 19.6448	131.5292	  9.9536	118.5417	  1.8083
 19.6508	131.2708	  9.9726	117.7292	  1.8084
 19.6629	131.0375	  9.9476	118.5208	  1.8086
 19.6959	131.7458	  9.9558	118.0583	  1.8079
 19.6647	130.6500	  9.9545	118.3292	  1.8088
 19.6358	131.6000	  9.9505	118.4333	  1.8084
 19.6532	131.2708	  9.9591	118.4333	  1.8085
 19.6774	131.2708	  9.9538	118.2875	  1.8082
 19.6821	131.4917	  9.9786	118.6042	  1.8087
 19.6428	131.0583	  9.9660	118.6167	  1.8082
 19.6699	131.4583	  9.9494	117.8583	  1.8085
 19.6496	131.6000	  9.9719	118.0792	  1.8085
 19.6476	131.3167	  9.9559	117.9417	  1.8089
 19.6580	130.7292	  9.9540	118.4917	  1.8087
 19.6706	131.3042	  9.9553	118.3458	  1.8080
 19.6575	131.2917	  9.9614	118.7375	  1.8088
 19.6393	131.2625	  9.9530	118.7208	  1.8089
 19.6596	131.5167	  9.9532	118.5792	  1.8089
 19.6557	130.8833	  9.9588	118.1083	  1.8094
 19.6599	131.5708	  9.9749	119.0000	  1.8090
 19.6669	131.3583	  9.9452	117.5667	  1.8087
 19.6538	131.7125	  9.9436	118.5125	  1.8083
 19.6588	130.9458	  9.9586	118.1583	  1.8082
 19.6519	130.6208	  9.9495	118.2042	  1.8084
 19.6502	131.3875	  9.9515	117.8958	  1.8087
 19.6632	131.0167	  9.9518	118.4875	  1.8092
 19.6662	130.7042	  9.9656	118.2083	  1.8081
 19.6647	131.1167	  9.9601	118.4542	  1.8092
 19.6660	131.7417	  9.9534	118.4125	  1.8091
 19.6748	131.2500	  9.9551	118.4750	  1.8086
 19.6698	130.5833	  9.9615	118.1875	  1.8084
 19.6581	130.9500	  9.9506	118.8750	  1.8087
 19.6429	131.4583	  9.9523	118.3917	  1.8084
 19.6740	130.7500	  9.9534	118.9000	  1.8089
 19.6586	131.6667	  9.9691	118.2042	  1.8083
 19.6582	130.8250	  9.9671	118.8292	  1.8086
 19.6626	131.6917	  9.9584	118.7167	  1.8085
 19.6643	131.3375	  9.9353	118.4708	  1.8085
 19.6677	131.2000	  9.9542	119.0042	  1.8086
 19.6400	130.9250	  9.9469	118.4958	  1.8089
 19.6451	131.0042	  9.9475	118.3792	  1.8080
 19.6546	131.5042	  9.9647	118.9875	  1.8088
 19.6645	131.1875	  9.9695	118.9292	  1.8085
 19.6595	131.2000	  9.9690	117.8833	  1.8086
 19.6547	131.5042	  9.9534	118.3542	  1.8086
 19.6607	131.2708	  9.9527	118.8292	  1.8085
 19.6515	130.6917	  9.9605	118.4917	  1.8087
 19.6658	131.4750	  9.9539	118.2000	  1.8084
 19.6584	131.3583	  9.9720	118.7042	  1.8084
 19.6540	131.5917	  9.9551	119.0042	  1.8083
 19.6686	131.0292	  9.9625	118.4250	  1.8084
 19.6568	131.4458	  9.9766	118.8042	  1.8087
 19.6710	131.2625	  9.9660	118.7958	  1.8091
 19.6687	131.4292	  9.9736	118.7417	  1.8083
 19.6494	131.0208	  9.9713	118.3042	  1.8083
 19.6670	130.8750	  9.9424	118.4708	  1.8088
 19.6547	131.5250	  9.9432	118.7333	  1.8085
 19.6656	131.0667	  9.9408	118.4167	  1.8084
 19.6650	131.4292	  9.9442	118.4500	  1.8085
 19.6636	131.1750	  9.9518	118.1667	  1.8088
 19.6600	131.0208	  9.9621	118.8625	  1.8085
 19.6805	131.4708	  9.9578	118.1208	  1.8085
 19.6614	131.4250	  9.9619	118.1542	  1.8088
 19.6562	131.4292	  9.9493	118.5750	  1.8090
 19.6518	132.0208	  9.9538	118.0833	  1.8091
 19.6712	130.9792	  9.9585	118.3875	  1.8090
 19.6579	131.7667	  9.9724	118.7083	  1.8080
 19.6587	131.3500	  9.9630	118.9750	  1.8083
 19.6597	131.1375	  9.9642	118.3917	  1.8092
 19.6568	131.7708	  9.9532	118.7792	  1.8086
 19.6802	130.7667	  9.9474	118.4125	  1.8086
 19.6512	131.3542	  9.9617	118.7667	  1.8086
 19.6613	131.7583	  9.9609	118.6250	  1.8089
 19.6744	131.6375	  9.9608	118.2042	  1.8087
 19.6508	131.3917	  9.9525	118.8250	  1.8085
 19.6504	130.8458	  9.9585	118.2750	  1.8090
 19.6535	131.1917	  9.9462	118.2792	  1.8085
 19.6677	131.3833	  9.9562	118.8042	  1.8083
 19.6575	131.2750	  9.9579	118.1500	  1.8085
 19.6608	131.7000	  9.9650	118.5667	  1.8086
 19.6627	131.1917	  9.9458	118.7417	  1.8086
 19.6692	131.3000	  9.9470	118.9250	  1.8086
 19.6480	131.5333	  9.9509	118.5167	  1.8091
 19.6518	131.0417	  9.9322	118.2917	  1.8081
 19.6428	131.3292	  9.9471	118.8292	  1.8085
 19.6567	131.7667	  9.9413	117.8417	  1.8092
 19.6630	131.2708	  9.9535	118.7625	  1.8084
 19.6650	131.4542	  9.9672	118.4167	  1.8090
 19.6458	130.9292	  9.9547	118.7375	  1.8087
 19.6745	131.2500	  9.9698	118.1667	  1.8087
 19.6567	131.8333	  9.9684	118.4292	  1.8082
 19.6735	131.9042	  9.9581	118.7292	  1.8084
 19.6572	131.8208	  9.9380	118.1833	  1.8084
 19.6485	131.3583	  9.9706	117.9917	  1.8086
 19.6706	131.0917	  9.9404	118.6333	  1.8083
 19.6537	131.3375	  9.9438	118.8292	  1.8089
 19.6558	131.1083	  9.9532	119.0250	  1.8084
 19.6354	131.0208	  9.9441	118.0167	  1.8085
 19.6354	130.9875	  9.9690	118.4708	  1.8085
 19.6669	130.8125	  9.9491	118.5792	  1.8091
 19.6614	130.9833	  9.9433	117.8417	  1.8090
 19.6512	131.0042	  9.9624	118.3083	  1.8089
 19.6720	131.3083	  9.9549	118.4583	  1.8086
 19.6802	131.4833	  9.9550	118.7875	  1.8084
 19.6691	131.0833	  9.9441	117.8833	  1.8086
 19.6616	131.1208	  9.9663	118.2625	  1.8081
 19.6575	131.0417	  9.9616	117.9583	  1.8084
 19.6466	131.2125	  9.9441	118.8958	  1.8084
 19.6622	131.4458	  9.9534	118.2792	  1.8083
 19.6502	130.8500	  9.9466	118.4375	  1.8088
 19.6516	131.6500	  9.9641	118.0625	  1.8084
 19.6488	131.0708	  9.9607	118.2417	  1.8083
 19.6518	131.2708	  9.9506	118.7250	  1.8085
 19.6498	131.1333	  9.9667	118.5417	  1.8082
 19.6653	131.2958	  9.9498	118.3208	  1.8081
 19.6656	131.3792	  9.9809	118.5167	  1.8083
 19.6704	131.0167	  9.9595	118.7292	  1.8083
 19.6547	131.2333	  9.9526	118.6792	  1.8083
 19.6673	131.1250	  9.9460	118.3083	  1.8093
 19.6533	131.2250	  9.9566	118.6375	  1.8085
 19.6383	131.6458	  9.9461	118.2500	  1.8086
 19.6463	131.3250	  9.9487	119.0958	  1.8081
 19.6724	131.4833	  9.9644	119.0125	  1.8084
 19.6460	131.5875	  9.9597	118.5792	  1.8086
 19.6441	131.1375	  9.9524	118.3208	  1.8085
 19.6727	131.1958	  9.9516	118.1542	  1.8079
 19.6707	131.2417	  9.9352	118.5625	  1.8086
 19.6743	131.4125	  9.9395	118.3250	  1.8084
 19.6537	131.4000	  9.9576	118.2292	  1.8081
 19.6629	131.6083	  9.9541	118.5958	  1.8082
 19.6424	131.1042	  9.9612	118.6750	  1.8081
 19.6626	131.4458	  9.9530	118.3875	  1.8080
 19.6749	131.5958	  9.9559	118.0917	  1.8089
 19.6660	131.6417	  9.9597	118.8875	  1.8090
 19.6662	131.2458	  9.9653	117.8500	  1.8088
 19.6722	131.4833	  9.9591	118.1167	  1.8086
 19.6709	131.6375	  9.9675	119.0167	  1.8080
 19.6454	130.9125	  9.9506	119.0708	  1.8084
 19.6559	131.4208	  9.9602	118.3625	  1.8087
 19.6590	131.6458	  9.9540	118.2542	  1.8086
 19.6644	131.1042	  9.9441	118.8708	  1.8089
 19.6644	131.1000	  9.9565	118.6333	  1.8088
 19.6713	131.4542	  9.9511	118.0917	  1.8084
 19.6560	131.0917	  9.9458	118.3042	  1.8087
 19.6620	130.8125	  9.9604	118.4250	  1.8085
 19.6483	130.9667	  9.9671	118.8125	  1.8084
 19.6596	131.3375	  9.9620	118.2625	  1.8084
 19.6639	131.6083	  9.9593	119.1708	  1.8082
 19.6623	130.9542	  9.9521	117.9333	  1.8084
 19.6670	131.1042	  9.9655	118.6125	  1.8086
 19.6574	131.0917	  9.9389	117.6333	  1.8079
 19.6385	131.6042	  9.9448	118.7667	  1.8084
 19.6565	131.4542	  9.9524	117.9792	  1.8085
 19.6827	131.6000	  9.9340	118.1000	  1.8082
 19.6534	131.3625	  9.9719	118.6958	  1.8086
 19.6496	131.3083	  9.9645	118.6083	  1.8082
 19.6663	131.2458	  9.9339	118.5458	  1.8082
 19.6584	131.3375	  9.9542	117.9625	  1.8086
 19.6630	130.8292	  9.9598	118.8792	  1.8087
 19.6730	131.1125	  9.9713	118.3958	  1.8087
 19.6597	131.5625	  9.9682	118.5250	  1.8076
 19.6647	131.1708	  9.9480	119.0208	  1.8089
 19.6560	131.1375	  9.9610	119.1625	  1.8086
 19.6585	131.4000	  9.9610	118.7458	  1.8089
 19.6543	131.6667	  9.9699	118.7000	  1.8088
 19.6619	131.0583	  9.9752	118.9875	  1.8083
 19.6576	132.0292	  9.9636	119.2667	  1.8084
 19.6476	130.6875	  9.9631	119.0500	  1.8083
 19.6657	130.4500	  9.9509	118.4042	  1.8084
 19.6562	130.9333	  9.9634	119.0625	  1.8091
 19.6533	130.9917	  9.9591	118.5792	  1.8088
 19.6687	131.1333	  9.9696	118.1500	  1.8086
 19.6767	131.5125	  9.9666	118.5708	  1.8093
 19.6743	131.0292	  9.9747	118.8833	  1.8082
 19.6553	131.5750	  9.9439	118.0125	  1.8083
 19.6539	131.0125	  9.9608	118.4042	  1.8084
 19.6572	131.1167	  9.9574	118.9792	  1.8088
 19.6636	131.5917	  9.9500	118.3083	  1.8084
 19.6744	131.4625	  9.9546	118.4708	  1.8085
 19.6486	131.1875	  9.9319	118.5208	  1.8088
 19.6579	130.7375	  9.9486	118.7958	  1.8076
 19.6655	131.8167	  9.9475	118.2583	  1.8081
 19.6431	130.9917	  9.9519	118.9458	  1.8086
 19.6648	131.8042	  9.9565	118.1875	  1.8085
 19.6497	131.4333	  9.9656	118.3250	  1.8089
 19.6614	131.2625	  9.9576	118.0250	  1.8090
 19.6695	130.9417	  9.9467	118.6542	  1.8082
 19.6533	131.3375	  9.9539	118.3417	  1.8085
 19.6662	130.8333	  9.9656	118.2500	  1.8084
 19.6543	131.2208	  9.9522	118.1292	  1.8088
 19.6586	131.1208	  9.9472	118.2583	  1.8087
 19.6689	131.0833	  9.9364	119.3583	  1.8083
 19.6674	131.4417	  9.9151	117.8917	  1.8087
 19.6840	131.5958	  9.9467	118.3458	  1.8080
 19.6730	131.4042	  9.9501	119.0375	  1.8084
 19.6600	131.3250	  9.9597	118.5583	  1.8082
 19.6751	131.4458	  9.9468	118.0500	  1.8085
 19.6628	131.3333	  9.9624	118.8125	  1.8086
 19.6651	131.2750	  9.9621	118.5083	  1.8087
 19.6605	130.9417	  9.9528	118.0583	  1.8086
 19.6626	131.2958	  9.9450	118.6750	  1.8080
 19.6660	131.4250	  9.9498	118.0750	  1.8088
 19.6538	130.7000	  9.9531	118.4875	  1.8085
 19.6701	131.0125	  9.9674	118.5917	  1.8088
 19.6349	131.5542	  9.9637	118.7875	  1.8086
 19.6637	130.7792	  9.9618	118.5500	  1.8083
 19.6639	131.0292	  9.9493	118.5542	  1.8085
 19.6720	131.7083	  9.9330	118.2500	  1.8093
 19.6357	130.8792	  9.9679	119.1917	  1.8088
 19.6754	131.5958	  9.9637	118.4708	  1.8083
 19.6718	131.7750	  9.9622	118.6042	  1.8085
 19.6552	131.7958	  9.9491	119.0125	  1.8080
 19.6790	131.1625	  9.9534	118.5292	  1.8083
 19.6547	130.5833	  9.9571	118.7125	  1.8085
 19.6547	131.5292	  9.9438	118.4083	  1.8089
 19.6436	131.1042	  9.9498	118.1208	  1.8079
 19.6470	131.2167	  9.9556	118.2417	  1.8085
 19.6421	131.1583	  9.9655	118.5042	  1.8083
 19.6611	131.1000	  9.9571	118.8000	  1.8083
 19.6478	131.5708	  9.9373	118.1625	  1.8085
 19.6556	131.0625	  9.9458	118.9250	  1.8088
 19.6570	131.1750	  9.9509	118.5375	  1.8085
 19.6409	131.7083	  9.9679	118.8708	  1.8084
 19.6440	131.6500	  9.9449	118.3250	  1.8089
 19.6476	130.9750	  9.9599	118.4625	  1.8085
 19.6561	131.3167	  9.9692	118.4542	  1.8087
 19.6414	131.5417	  9.9592	118.5208	  1.8083
 19.6599	131.5333	  9.9677	118.4500	  1.8083
 19.6457	131.2208	  9.9569	118.6250	  1.8083
 19.6737	131.6667	  9.9446	118.7542	  1.8081
 19.6531	132.0458	  9.9586	118.5708	  1.8089
 19.6536	131.1333	  9.9501	118.7000	  1.8086
 19.6581	131.3458	  9.9518	118.4000	  1.8083
 19.6826	131.0000	  9.9361	118.9542	  1.8089
 19.6867	131.4083	  9.9495	117.6417	  1.8081
 19.6450	131.4542	  9.9600	117.9833	  1.8089
 19.6656	130.7750	  9.9449	118.8958	  1.8085
 19.6691	131.3542	  9.9481	117.9583	  1.8089
 19.6735	130.9250	  9.9541	117.9792	  1.8085
 19.6767	130.9833	  9.9491	118.6833	  1.8086
 19.6570	131.5917	  9.9579	118.0042	  1.8078
 19.6664	131.1708	  9.9535	118.5750	  1.8088
 19.6476	131.4042	  9.9388	118.2875	  1.8085
 19.6556	131.2292	  9.9760	118.4833	  1.8090
 19.6591	131.5250	  9.9543	118.7417	  1.8088
 19.6573	131.1625	  9.9600	119.1375	  1.8089
 19.6665	131.5458	  9.9636	118.9000	  1.8087
 19.6572	130.6667	  9.9627	118.1542	  1.8086
 19.6715	131.0083	  9.9473	118.5542	  1.8088
 19.6602	130.7875	  9.9617	118.2167	  1.8080
 19.6644	131.2208	  9.9620	118.4875	  1.8090
 19.6530	131.1625	  9.9711	118.3042	  1.8081
 19.6688	131.4083	  9.9613	118.3042	  1.8092
 19.6603	130.9375	  9.9318	118.5875	  1.8084
 19.6666	131.3625	  9.9545	118.4667	  1.8081
 19.6471	131.2542	  9.9421	118.1792	  1.8083
 19.6698	130.9125	  9.9591	118.4667	  1.8082
 19.6815	131.4958	  9.9502	118.2875	  1.8084
 19.6504	130.7750	  9.9388	117.9042	  1.8084
 19.6495	130.7083	  9.9720	118.3583	  1.8087
 19.6809	131.4208	  9.9489	118.9833	  1.8082
 19.6697	131.6208	  9.9373	118.5542	  1.8083
 19.6611	131.2250	  9.9589	118.5875	  1.8087
 19.6567	131.4875	  9.9760	118.3958	  1.8087
 19.6603	131.2458	  9.9586	118.8125	  1.8082
 19.6599	131.5958	  9.9610	117.6917	  1.8091
 19.6744	131.3917	  9.9581	119.0958	  1.8090
 19.6719	130.8417	  9.9600	118.3500	  1.8083
 19.6568	131.2458	  9.9574	118.7500	  1.8084
 19.6662	130.5500	  9.9518	118.8167	  1.8088
 19.6706	131.3750	  9.9648	118.1875	  1.8081
 19.6527	131.0667	  9.9475	118.3500	  1.8081
 19.6637	131.3458	  9.9632	118.8875	  1.8086
 19.6581	130.8917	  9.9547	118.5750	  1.8081
 19.6675	131.4250	  9.9434	118.1792	  1.8086
 19.6453	130.9750	  9.9407	118.1875	  1.8081
 19.6625	131.2875	  9.9740	118.3083	  1.8083
 19.6668	131.8583	  9.9515	118.9750	  1.8090
 19.6740	131.6375	  9.9572	118.4833	  1.8085
 19.6671	131.1375	  9.9532	118.3167	  1.8081
 19.6464	131.1875	  9.9567	118.2792	  1.8078
 19.6812	131.3000	  9.9603	117.9250	  1.8077
 19.6745	131.0042	  9.9572	118.4750	  1.8087
 19.6746	131.3833	  9.9511	119.2542	  1.8082
 19.6773	130.8042	  9.9416	119.5292	  1.8084
 19.6618	131.0500	  9.9498	118.0708	  1.8088
 19.6700	131.1542	  9.9255	118.8583	  1.8087
 19.6759	131.2292	  9.9473	118.4917	  1.8085
 19.6656	131.1333	  9.9477	118.4542	  1.8086
 19.6701	131.5125	  9.9500	118.3375	  1.8083
 19.6651	131.3000	  9.9634	118.0833	  1.8081
 19.6560	131.5500	  9.9579	117.8042	  1.8083
 19.6519	130.8125	  9.9662	118.6083	  1.8088
 19.6743	130.9875	  9.9569	118.1375	  1.8084
 19.6591	131.1958	  9.9628	118.2333	  1.8084
 19.6532	131.1708	  9.9616	118.3875	  1.8086
 19.6618	131.3250	  9.9638	118.6500	  1.8084
 19.6605	130.9250	  9.9611	117.8292	  1.8088
 19.6602	131.0833	  9.9606	118.3292	  1.8089
 19.6500	131.4750	  9.9455	118.3250	  1.8080
 19.6638	131.3083	  9.9673	118.0667	  1.8084
 19.6644	131.2958	  9.9676	118.5750	  1.8085
 19.6487	131.3958	  9.9466	118.3292	  1.8087
 19.6554	131.0958	  9.9646	118.2542	  1.8083
 19.6610	130.9250	  9.9593	118.5625	  1.8086
 19.6879	131.1042	  9.9483	118.3583	  1.8090
 19.6629	131.6917	  9.9557	118.6875	  1.8090
 19.6560	131.6083	  9.9488	118.3667	  1.8084
 19.6686	131.3292	  9.9680	118.1417	  1.8089
 19.6754	130.8792	  9.9545	118.1208	  1.8083
 19.6676	131.1500	  9.9462	118.6667	  1.8089
 19.6641	130.8958	  9.9633	118.3875	  1.8085
 19.6649	130.9208	  9.9375	118.9208	  1.8088
 19.6570	131.6375	  9.9442	118.7000	  1.8085
 19.6793	131.4167	  9.9686	118.2208	  1.8086
 19.6451	131.1333	  9.9489	118.3333	  1.8087
 19.6532	130.9958	  9.9530	118.1333	  1.8087
 19.6601	131.6750	  9.9586	118.6125	  1.8087
 19.6582	131.6958	  9.9251	118.6500	  1.8085
 19.6627	131.2667	  9.9459	118.5458	  1.8088
 19.6580	131.5333	  9.9472	118.6458	  1.8084
 19.6717	131.0667	  9.9739	118.3208	  1.8090
 19.6591	130.6000	  9.9683	118.3333	  1.8083
 19.6650	131.4792	  9.9433	118.8167	  1.8089
 19.6398	131.1250	  9.9430	118.4708	  1.8085
 19.6782	131.3875	  9.9448	118.7000	  1.8088
 19.6646	130.6167	  9.9449	118.4333	  1.8085
 19.6944	131.8792	  9.9443	118.9167	  1.8085
 19.6542	131.2708	  9.9716	118.4958	  1.8085
 19.6515	131.0958	  9.9605	118.1792	  1.8085
 19.6478	131.3958	  9.9522	118.6417	  1.8087
 19.6701	131.2625	  9.9542	118.9542	  1.8082
 19.6558	132.0917	  9.9518	118.4458	  1.8080
 19.6708	131.0458	  9.9489	119.1125	  1.8081
 19.6504	131.4917	  9.9437	118.5792	  1.8087
 19.6412	131.0875	  9.9594	118.7333	  1.8082
 19.6476	131.1250	  9.9619	119.1125	  1.8086
 19.6583	131.7458	  9.9597	118.5042	  1.8089
 19.6620	130.9750	  9.9639	118.7292	  1.8079
 19.6443	131.6375	  9.9653	118.3083	  1.8087
 19.6489	131.5042	  9.9587	118.4167	  1.8089
 19.6624	130.9375	  9.9511	118.2083	  1.8086
 19.6759	131.0750	  9.9661	118.9542	  1.8082
 19.6770	131.0208	  9.9558	118.1417	  1.8084
 19.6633	131.4792	  9.9576	118.1833	  1.8082
 19.6594	132.2375	  9.9304	119.1167	  1.8082
 19.6630	131.1833	  9.9535	117.9250	  1.8082
 19.6608	131.4542	  9.9625	119.1667	  1.8084
 19.6585	131.2292	  9.9562	118.0000	  1.8079
 19.6606	131.1708	  9.9794	118.2000	  1.8084
 19.6503	130.6792	  9.9477	118.5542	  1.8080
 19.6749	131.2000	  9.9790	118.7875	  1.8082
 19.6448	131.0167	  9.9519	117.9875	  1.8090
 19.6595	131.1833	  9.9637	118.1375	  1.8085
 19.6645	131.3792	  9.9514	118.4917	  1.8082
 19.6486	130.6583	  9.9550	118.3875	  1.8087
 19.6767	131.1792	  9.9563	118.4875	  1.8084
 19.6743	131.4042	  9.9501	118.8750	  1.8084
 19.6633	130.4208	  9.9583	118.2333	  1.8082
 19.6579	130.5500	  9.9480	118.8125	  1.8084
 19.6463	130.6292	  9.9525	118.4750	  1.8083
 19.6701	131.6250	  9.9498	118.2917	  1.8086
 19.6620	131.1125	  9.9629	118.5750	  1.8088
 19.6680	131.5583	  9.9485	118.5000	  1.8084
 19.6574	131.3000	  9.9572	117.5042	  1.8081
 19.6479	130.7250	  9.9507	118.6083	  1.8085
 19.6649	130.7542	  9.9706	118.4333	  1.8090
 19.6688	130.9125	  9.9672	118.6292	  1.8081
 19.6626	130.8042	  9.9393	117.8833	  1.8082
 19.6670	131.7083	  9.9751	118.1250	  1.8080
 19.6538	130.8000	  9.9616	118.6042	  1.8079
 19.6713	130.6125	  9.9518	118.4917	  1.8082
 19.6604	131.6125	  9.9405	118.9417	  1.8087
 19.6682	131.2625	  9.9475	118.6500	  1.8079
 19.6616	131.0750	  9.9552	119.0125	  1.8084
 19.6545	131.0625	  9.9386	117.7542	  1.8090
 19.6643	131.0458	  9.9450	117.7375	  1.8089
 19.6743	131.6500	  9.9667	118.8750	  1.8079
 19.6633	131.1167	  9.9530	118.4875	  1.8085
 19.6432	131.7792	  9.9667	117.9583	  1.8086
 19.6702	131.2375	  9.9387	118.5542	  1.8079
 19.6699	131.2167	  9.9660	118.5083	  1.8091
 19.6585	131.3667	  9.9668	118.0083	  1.8086
 19.6708	131.4750	  9.9553	118.1958	  1.8080
 19.6840	130.9250	  9.9491	118.2833	  1.8082
 19.6732	131.5792	  9.9598	118.1167	  1.8089
 19.6554	130.6958	  9.9512	118.3083	  1.8082
 19.6585	131.5125	  9.9800	118.1125	  1.8085
 19.6632	131.2833	  9.9574	118.1292	  1.8084
 19.6583	131.6000	  9.9612	118.2250	  1.8082
 19.6611	131.6458	  9.9561	119.0000	  1.8082
 19.6466	131.8208	  9.9517	118.7500	  1.8084
 19.6726	131.5167	  9.9475	118.4375	  1.8083
 19.6709	131.1458	  9.9500	118.4625	  1.8082
 19.6708	131.2792	  9.9549	118.2542	  1.8086
 19.6746	131.5875	  9.9514	118.3000	  1.8081
 19.6739	130.8042	  9.9548	118.3917	  1.8083
 19.6678	131.3125	  9.9590	118.3333	  1.8088
 19.6589	130.7333	  9.9495	118.4792	  1.8081
 19.6480	130.9458	  9.9580	118.7375	  1.8085
 19.6822	131.4042	  9.9476	118.6958	  1.8085
 19.6671	131.6458	  9.9448	118.2458	  1.8085
 19.6377	131.1833	  9.9636	118.6333	  1.8089
 19.6384	131.1042	  9.9547	118.1208	  1.8085
 19.6567	130.5125	  9.9616	118.7583	  1.8086
 19.6669	131.6708	  9.9550	118.4625	  1.8077
 19.6619	131.3000	  9.9510	118.4625	  1.8082
 19.6669	131.6792	  9.9442	118.7667	  1.8088
 19.6752	131.0083	  9.9380	118.2708	  1.8089
 19.6617	131.4583	  9.9660	118.0208	  1.8080
 19.6517	131.3833	  9.9547	118.8042	  1.8086
 19.6591	131.8958	  9.9500	118.2167	  1.8086
 19.6463	130.8833	  9.9377	118.0917	  1.8083
 19.6566	131.1792	  9.9635	118.3125	  1.8078
 19.6683	131.4958	  9.9494	117.8500	  1.8085
 19.6673	131.6417	  9.9635	118.8583	  1.8086
 19.6726	131.5125	  9.9575	118.8125	  1.8086
 19.6755	132.0250	  9.9713	118.2958	  1.8085
 19.6570	131.3500	  9.9717	119.1125	  1.8087
 19.6701	131.2708	  9.9618	118.0375	  1.8085
 19.6415	131.1667	  9.9622	118.4542	  1.8085
 19.6656	131.0542	  9.9403	118.2417	  1.8081
 19.6512	130.7458	  9.9638	118.3833	  1.8082
 19.6598	131.2792	  9.9681	118.1667	  1.8088
 19.6607	130.5208	  9.9481	117.7917	  1.8090
 19.6584	132.1708	  9.9573	119.1250	  1.8089
 19.6758	131.1833	  9.9654	118.5583	  1.8084
 19.6600	131.2625	  9.9572	118.8792	  1.8088
 19.6765	131.4292	  9.9450	118.5125	  1.8083
 19.6618	130.9917	  9.9483	118.3250	  1.8083
 19.6453	131.5375	  9.9526	118.2208	  1.8085
 19.6764	131.3167	  9.9335	118.5167	  1.8078
 19.6423	131.2208	  9.9562	118.9208	  1.8093
 19.6582	131.5875	  9.9315	118.6833	  1.8083
 19.6649	131.1333	  9.9392	117.7542	  1.8088
 19.6573	131.0917	  9.9364	118.6542	  1.8086
 19.6814	131.3000	  9.9665	118.6292	  1.8086
 19.6773	131.4667	  9.9577	118.7125	  1.8075
 19.6649	131.6250	  9.9684	118.5208	  1.8084
 19.6731	131.1625	  9.9530	118.1417	  1.8082
 19.6683	130.9750	  9.9484	118.2750	  1.8079
 19.6563	131.5167	  9.9609	118.4875	  1.8092
 19.6840	130.9750	  9.9604	118.6875	  1.8079
 19.6580	131.8292	  9.9721	118.7708	  1.8083
 19.6724	131.1000	  9.9695	118.5667	  1.8080
 19.6718	131.7000	  9.9674	117.9667	  1.8082
 19.6459	131.3333	  9.9666	118.6625	  1.8077
 19.6549	131.0333	  9.9646	119.1125	  1.8086
 19.6542	131.2333	  9.9573	118.1708	  1.8082
 19.6801	131.1250	  9.9645	119.1458	  1.8086
 19.6612	131.1667	  9.9513	118.1292	  1.8077
 19.6699	131.2625	  9.9655	118.1708	  1.8081
 19.6364	131.2208	  9.9479	118.5625	  1.8081
 19.6698	131.7042	  9.9376	119.1083	  1.8086
 19.6438	130.7917	  9.9401	118.7875	  1.8085
 19.6663	131.4250	  9.9427	117.7167	  1.8081
 19.6705	131.0792	  9.9651	118.4250	  1.8086
 19.6708	130.9083	  9.9480	118.3792	  1.8086
 19.6787	131.4167	  9.9484	118.5958	  1.8082
 19.6650	131.3292	  9.9539	119.2042	  1.8085
 19.6796	130.9667	  9.9742	117.7708	  1.8079
 19.6586	131.3125	  9.9633	118.4000	  1.8081
 19.6650	130.9625	  9.9637	118.6750	  1.8083
 19.6624	131.3667	  9.9449	118.1667	  1.8086
 19.6495	130.6417	  9.9406	118.2417	  1.8087
 19.6794	130.3958	  9.9695	118.7958	  1.8074
 19.6370	131.0083	  9.9664	119.0208	  1.8082
 19.6554	131.7625	  9.9456	118.2042	  1.8084
 19.6653	131.7917	  9.9528	118.3083	  1.8085
 19.6844	131.1583	  9.9537	118.6083	  1.8087
 19.6676	131.3750	  9.9483	118.4833	  1.8084
 19.6647	130.8208	  9.9368	118.5292	  1.8093
 19.6574	130.5542	  9.9539	118.3792	  1.8084
 19.6617	131.2542	  9.9258	118.5750	  1.8088
 19.6540	131.4792	  9.9722	118.0167	  1.8089
 19.6508	131.2750	  9.9523	118.6583	  1.8085
 19.6578	131.0667	  9.9585	118.6458	  1.8082
 19.6593	131.3417	  9.9386	118.5833	  1.8085
 19.6634	130.8125	  9.9492	118.5167	  1.8084
 19.6528	131.3542	  9.9620	118.1167	  1.8082
 19.6622	131.1125	  9.9649	118.0583	  1.8080
 19.6602	130.9750	  9.9622	118.6875	  1.8085
 19.6649	131.7042	  9.9616	119.3042	  1.8080
 19.6578	130.7250	  9.9564	118.4167	  1.8080
 19.6651	131.1583	  9.9471	118.9250	  1.8086
 19.6555	131.3083	  9.9622	118.3667	  1.8083
 19.6625	130.7042	  9.9365	118.4917	  1.8080
 19.6588	131.6542	  9.9546	118.2583	  1.8084
 19.6700	131.8083	  9.9560	118.5125	  1.8086
 19.6570	130.7250	  9.9369	118.2083	  1.8084
 19.6723	131.2833	  9.9592	118.8167	  1.8084
 19.6560	131.1583	  9.9627	118.7417	  1.8082
 19.6507	130.8792	  9.9569	118.4583	  1.8084
 19.6564	131.3917	  9.9514	118.3500	  1.8087
 19.6614	131.5583	  9.9699	118.9250	  1.8084
 19.6479	130.7333	  9.9462	119.0417	  1.8083
 19.6653	130.7625	  9.9693	118.6167	  1.8085
 19.6655	130.7208	  9.9444	118.4667	  1.8083
 19.6618	131.3417	  9.9594	119.4333	  1.8086
 19.6545	131.0167	  9.9516	118.3333	  1.8086
 19.6448	131.3125	  9.9613	118.0667	  1.8080
 19.6601	130.7458	  9.9482	118.6417	  1.8082
 19.6535	131.6542	  9.9284	118.6292	  1.8085
 19.6447	130.6083	  9.9574	118.3833	  1.8078
 19.6591	130.9625	  9.9389	118.7833	  1.8089
 19.6573	131.0875	  9.9438	118.3042	  1.8082
 19.6731	131.1000	  9.9556	118.2292	  1.8083
 19.6680	131.2667	  9.9549	118.7542	  1.8079
 19.6556	130.8667	  9.9551	118.7250	  1.8084
 19.6675	131.2208	  9.9658	118.3000	  1.8079
 19.6654	131.3958	  9.9634	117.7667	  1.8083
 19.6674	131.2750	  9.9576	118.3625	  1.8079
 19.6776	131.5083	  9.9413	118.7750	  1.8085
 19.6659	131.1292	  9.9663	118.1750	  1.8080
 19.6646	130.9708	  9.9622	118.9375	  1.8082
 19.6615	131.6333	  9.9617	117.6250	  1.8077
 19.6559	131.5792	  9.9645	118.4292	  1.8079
 19.6593	131.2292	  9.9472	117.8167	  1.8084
 19.6622	131.2333	  9.9666	118.6792	  1.8087
 19.6597	131.0958	  9.9732	117.7958	  1.8076
 19.6564	131.4583	  9.9489	118.5417	  1.8086
 19.6509	131.2917	  9.9701	118.3875	  1.8079
 19.6463	131.3375	  9.9742	118.9083	  1.8082
 19.6531	131.3000	  9.9507	118.0042	  1.8083
 19.6560	131.2375	  9.9550	118.2167	  1.8085
 19.6612	131.6708	  9.9749	118.8500	  1.8077
 19.6582	131.8500	  9.9463	118.5750	  1.8085
 19.6593	130.9417	  9.9627	118.6042	  1.8084
 19.6719	130.9458	  9.9674	118.7083	  1.8088
 19.6590	131.1542	  9.9459	118.6792	  1.8080
 19.6528	131.1083	  9.9665	118.6792	  1.8080
 19.6559	130.7167	  9.9570	118.6042	  1.8082
 19.6756	131.2083	  9.9439	118.0542	  1.8079
 19.6910	131.6542	  9.9616	118.2792	  1.8086
 19.6548	131.0333	  9.9545	118.6708	  1.8079
 19.6711	130.7458	  9.9519	118.5500	  1.8083
 19.6648	130.8875	  9.9391	118.5125	  1.8089
 19.6586	131.0083	  9.9591	118.3125	  1.8085
 19.6757	131.3167	  9.9607	118.6125	  1.8083
 19.6546	131.1083	  9.9614	118.1917	  1.8080
 19.6681	131.1833	  9.9612	118.1583	  1.8086
 19.6606	131.9625	  9.9503	118.9417	  1.8088
 19.6552	131.1000	  9.9315	118.8750	  1.8086
 19.6473	131.2667	  9.9374	118.4500	  1.8081
 19.6655	130.9000	  9.9406	118.7375	  1.8085
 19.6711	131.9125	  9.9649	118.3583	  1.8082
 19.6569	131.1708	  9.9756	118.5042	  1.8086
 19.6643	131.0000	  9.9587	119.0167	  1.8080
 19.6702	131.2542	  9.9820	118.6042	  1.8083
 19.6599	131.4375	  9.9553	118.5667	  1.8083
 19.6620	130.9125	  9.9766	118.2000	  1.8086
 19.6621	131.1333	  9.9649	118.5292	  1.8078
 19.6753	131.8625	  9.9384	118.3917	  1.8086
 19.6733	131.2958	  9.9666	118.6000	  1.8084
 19.6640	131.2875	  9.9631	119.0625	  1.8093
 19.6788	131.1333	  9.9653	119.1750	  1.8086
 19.6537	130.7667	  9.9494	118.7833	  1.8088
 19.6598	131.4125	  9.9598	118.4875	  1.8086
 19.6436	131.4167	  9.9587	118.6417	  1.8082
 19.6810	130.7458	  9.9588	118.8250	  1.8086
 19.6697	131.3000	  9.9595	118.5042	  1.8083
 19.6632	131.2542	  9.9547	118.3167	  1.8082
 19.6637	131.2500	  9.9597	118.8875	  1.8075
 19.6620	131.4708	  9.9563	118.9083	  1.8081
 19.6492	131.2917	  9.9457	118.1875	  1.8084
 19.6599	131.3417	  9.9554	118.4583	  1.8080
 19.6514	131.6417	  9.9541	118.6167	  1.8085
 19.6546	131.3833	  9.9518	118.6792	  1.8082
 19.6617	131.1167	  9.9585	118.1708	  1.8077
 19.6583	131.0667	  9.9370	118.5750	  1.8079
 19.6616	131.4125	  9.9552	118.7042	  1.8086
 19.6543	131.4458	  9.9456	118.6542	  1.8087
 19.6637	131.3125	  9.9573	117.7292	  1.8078
 19.6456	131.2125	  9.9578	118.8083	  1.8088
 19.6423	131.5750	  9.9536	118.2458	  1.8082
 19.6567	131.4875	  9.9533	118.4083	  1.8079
 19.6587	131.6375	  9.9655	118.2625	  1.8088
 19.6629	131.2125	  9.9664	118.4458	  1.8081
 19.6560	131.4167	  9.9615	118.6042	  1.8082
 19.6567	131.1667	  9.9613	118.9542	  1.8085
 19.6744	131.2625	  9.9722	117.9125	  1.8087
 19.6614	130.7125	  9.9508	118.7833	  1.8083
 19.6468	131.0458	  9.9799	118.4250	  1.8079
 19.6666	130.9125	  9.9489	118.7375	  1.8084
 19.6741	131.7125	  9.9664	118.2417	  1.8090
 19.6714	131.0292	  9.9582	118.2000	  1.8083
 19.6675	131.6000	  9.9668	118.5500	  1.8080
 19.6555	131.0208	  9.9736	118.5792	  1.8083
 19.6560	131.4583	  9.9542	118.6000	  1.8089
 19.6686	131.5708	  9.9543	118.0083	  1.8082
 19.6776	131.4583	  9.9484	118.6125	  1.8085
 19.6532	131.1750	  9.9268	117.9292	  1.8085
 19.6645	131.4500	  9.9456	118.5083	  1.8087
 19.6437	131.1375	  9.9436	118.7750	  1.8084
 19.6477	130.9875	  9.9627	118.8125	  1.8079
 19.6502	131.5208	  9.9704	117.9458	  1.8084
 19.6705	131.3583	  9.9608	118.9125	  1.8080
 19.6719	131.1167	  9.9485	119.0792	  1.8083
 19.6668	131.2042	  9.9583	118.2417	  1.8083
 19.6713	131.2292	  9.9555	118.0417	  1.8086
 19.6562	131.1458	  9.9624	118.7542	  1.8085
 19.6829	130.8333	  9.9721	118.4375	  1.8084
 19.6495	130.9375	  9.9568	118.5542	  1.8078
 19.6628	131.7292	  9.9573	118.8208	  1.8087
 19.6491	131.2667	  9.9549	118.6208	  1.8082
 19.6669	130.8292	  9.9667	118.5833	  1.8085
 19.6625	130.9958	  9.9511	118.8250	  1.8082
 19.6574	131.2625	  9.9525	118.1708	  1.8083
 19.6815	131.2000	  9.9336	118.5167	  1.8082
 19.6507	131.8917	  9.9578	118.7708	  1.8085
 19.6760	131.1333	  9.9497	118.3875	  1.8078
 19.6784	131.2208	  9.9594	117.9542	  1.8079
 19.6737	130.3833	  9.9621	118.5167	  1.8083
 19.6565	131.2917	  9.9532	118.3917	  1.8083
 19.6486	131.6125	  9.9435	118.6708	  1.8080
 19.6641	131.4667	  9.9702	118.9708	  1.8084
 19.6547	130.5042	  9.9624	118.5083	  1.8081
 19.6560	131.4292	  9.9417	118.5000	  1.8082
 19.6526	131.3458	  9.9627	118.6750	  1.8081
 19.6566	131.5417	  9.9607	118.5500	  1.8078
 19.6551	131.5875	  9.9664	118.9875	  1.8084
 19.6495	130.4458	  9.9719	118.4292	  1.8081
 19.6394	131.8667	  9.9572	118.5375	  1.8081
 19.6608	130.9083	  9.9520	118.2042	  1.8080
 19.6663	131.8167	  9.9450	118.6583	  1.8083
 19.6732	131.2042	  9.9692	117.8625	  1.8081
 19.6618	131.0250	  9.9774	118.1458	  1.8082
 19.6425	131.4083	  9.9402	118.2542	  1.8084
 19.6758	131.4125	  9.9309	118.2042	  1.8077
 19.6464	131.1208	  9.9490	118.3375	  1.8084
 19.6706	130.8500	  9.9506	118.5750	  1.8082
 19.6721	130.6417	  9.9444	118.6667	  1.8080
 19.6665	131.3583	  9.9547	119.4417	  1.8080
 19.6711	130.9833	  9.9462	118.4292	  1.8082
 19.6468	131.5292	  9.9593	118.6958	  1.8080
 19.6457	130.8667	  9.9716	118.5875	  1.8081
 19.6697	131.5583	  9.9532	118.6625	  1.8081
 19.6592	130.7375	  9.9456	118.2000	  1.8085
 19.6699	131.4833	  9.9492	118.7458	  1.8080
 19.6579	131.2917	  9.9413	118.3792	  1.8087
 19.6575	131.0750	  9.9670	118.7917	  1.8085
 19.6595	131.4542	  9.9553	118.3417	  1.8086
 19.6713	131.1417	  9.9699	118.1208	  1.8087
 19.6753	131.5750	  9.9460	118.3708	  1.8081
 19.6524	130.7083	  9.9520	118.3583	  1.8082
 19.6767	131.4000	  9.9728	119.6833	  1.8079
 19.6714	131.6583	  9.9479	118.3167	  1.8091
 19.6688	130.8542	  9.9586	118.6500	  1.8087
 19.6672	131.3667	  9.9729	118.6083	  1.8082
 19.6568	131.0417	  9.9645	118.5750	  1.8079
 19.6575	131.5708	  9.9600	119.0250	  1.8080
 19.6449	130.6792	  9.9648	118.5083	  1.8088
 19.6571	131.1250	  9.9477	118.4167	  1.8084
 19.6664	131.5667	  9.9597	118.2292	  1.8082
 19.6494	131.3167	  9.9545	118.5542	  1.8078
 19.6552	131.5958	  9.9471	118.4125	  1.8081
 19.6613	131.6500	  9.9660	118.5167	  1.8075
 19.6671	131.3833	  9.9604	118.3125	  1.8079
 19.6705	130.8875	  9.9615	118.1875	  1.8082
 19.6832	131.2542	  9.9546	118.1167	  1.8083
 19.6657	131.0708	  9.9533	118.2667	  1.8081
 19.6556	131.2042	  9.9468	118.0750	  1.8078
 19.6635	130.9083	  9.9623	118.7083	  1.8086
 19.6536	131.1292	  9.9534	118.2208	  1.8086
 19.6615	131.4625	  9.9535	118.1125	  1.8081
 19.6676	131.5708	  9.9608	118.4500	  1.8084
 19.6558	130.8333	  9.9572	118.1167	  1.8082
 19.6763	131.1125	  9.9619	117.8833	  1.8082
 19.6653	131.2333	  9.9720	118.4542	  1.8083
 19.6636	131.2875	  9.9654	118.1875	  1.8080
 19.6667	131.2708	  9.9445	118.6000	  1.8073
 19.6548	131.1167	  9.9662	118.8667	  1.8081
 19.6615	131.0458	  9.9649	118.8208	  1.8082
 19.6526	131.3167	  9.9505	118.7667	  1.8080
 19.6616	130.7542	  9.9603	118.7500	  1.8082
 19.6662	131.2458	  9.9515	118.7250	  1.8086
 19.6552	131.2917	  9.9532	118.6042	  1.8081
 19.6659	131.6292	  9.9550	119.2500	  1.8087
 19.6567	131.2750	  9.9607	118.2333	  1.8082
 19.6475	131.4292	  9.9545	118.5500	  1.8078
 19.6649	130.9333	  9.9451	118.2667	  1.8085
 19.6724	131.3625	  9.9485	118.5417	  1.8084
 19.6680	131.1708	  9.9505	118.6000	  1.8083
 19.6584	130.9458	  9.9555	117.7083	  1.8082
 19.6651	131.4042	  9.9619	118.6875	  1.8081
 19.6469	131.3833	  9.9599	118.5000	  1.8079
 19.6594	131.7125	  9.9574	118.4250	  1.8084
 19.6669	130.6000	  9.9545	119.2833	  1.8088
 19.6628	131.4583	  9.9501	117.9583	  1.8084
 19.6522	130.9500	  9.9385	118.5042	  1.8080
 19.6585	131.1083	  9.9368	118.7750	  1.8085
 19.6628	131.0833	  9.9749	118.7083	  1.8083
 19.6626	131.0167	  9.9583	118.2875	  1.8086
 19.6463	131.0875	  9.9495	117.7250	  1.8077
 19.6737	131.6500	  9.9510	118.3792	  1.8079
 19.6614	130.9417	  9.9590	118.2000	  1.8077
 19.6725	131.0167	  9.9611	118.7917	  1.8081
 19.6521	131.3625	  9.9564	118.5958	  1.8081
 19.6572	131.1458	  9.9450	118.2542	  1.8079
 19.6805	131.2292	  9.9369	118.2375	  1.8084
 19.6546	131.3208	  9.9499	118.0167	  1.8079
 19.6589	130.6875	  9.9568	118.2583	  1.8079
 19.6512	131.3375	  9.9515	118.5125	  1.8086
 19.6621	131.1583	  9.9717	118.4667	  1.8080
 19.6584	131.5417	  9.9619	118.4542	  1.8088
 19.6571	131.4292	  9.9582	118.9583	  1.8079
 19.6541	130.7417	  9.9604	119.0708	  1.8086
 19.6485	131.1000	  9.9458	118.4750	  1.8088
 19.6600	131.5917	  9.9613	118.8625	  1.8083
 19.6601	131.0458	  9.9536	117.9083	  1.8086
 19.6470	131.8500	  9.9604	118.4333	  1.8078
 19.6788	130.7000	  9.9579	118.1000	  1.8083
 19.6570	130.9458	  9.9489	118.3292	  1.8086
 19.6624	131.5333	  9.9428	118.2208	  1.8083
 19.6525	130.6250	  9.9470	118.8167	  1.8083
 19.6576	130.8375	  9.9676	118.2750	  1.8079
 19.6591	131.1417	  9.9382	118.6167	  1.8084
 19.6732	131.1625	  9.9736	118.4958	  1.8089
 19.6560	131.0083	  9.9660	117.9958	  1.8079
 19.6632	131.8250	  9.9439	118.9583	  1.8084
 19.6550	131.0625	  9.9580	118.7375	  1.8081
 19.6597	131.6917	  9.9528	118.1667	  1.8087
 19.6842	131.6083	  9.9348	119.1458	  1.8085
 19.6490	131.7292	  9.9507	118.0250	  1.8087
 19.6461	131.2833	  9.9568	118.8625	  1.8083
 19.6702	131.5792	  9.9591	118.1833	  1.8084
 19.6453	130.7958	  9.9509	118.3625	  1.8083
 19.6681	131.4375	  9.9358	118.3167	  1.8081
 19.6702	131.4750	  9.9497	118.7875	  1.8077
 19.6539	131.4542	  9.9390	118.0375	  1.8088
 19.6536	131.4208	  9.9490	118.3667	  1.8088
 19.6689	131.6375	  9.9394	118.3375	  1.8085
 19.6453	130.9500	  9.9464	118.3917	  1.8080
 19.6595	131.1083	  9.9465	118.8125	  1.8084
 19.6714	131.3958	  9.9457	118.6458	  1.8077
 19.6518	131.6125	  9.9674	118.9667	  1.8079
 19.6657	131.1750	  9.9766	119.2292	  1.8079
 19.6722	131.4708	  9.9492	118.6542	  1.8079
 19.6623	131.4417	  9.9446	117.8208	  1.8086
 19.6567	131.1208	  9.9505	118.6875	  1.8086
 19.6663	131.7500	  9.9780	118.2792	  1.8080
 19.6591	131.4708	  9.9371	118.5208	  1.8085
 19.6634	130.6500	  9.9539	117.9875	  1.8084
 19.6671	131.5792	  9.9525	118.8125	  1.8080
 19.6765	131.3417	  9.9381	118.6667	  1.8082
 19.6721	131.5417	  9.9489	118.4375	  1.8077
 19.6647	131.6250	  9.9486	118.3625	  1.8083
 19.6556	130.7000	  9.9637	118.2917	  1.8081
 19.6623	131.1167	  9.9469	118.3250	  1.8080
 19.6765	130.6375	  9.9468	118.2333	  1.8083
 19.6645	130.9167	  9.9455	118.3250	  1.8080
 19.6805	131.0208	  9.9492	119.3333	  1.8078
 19.6687	131.2625	  9.9521	118.7458	  1.8079
 19.6587	130.6708	  9.9563	118.6875	  1.8081
 19.6531	131.0250	  9.9646	118.8083	  1.8083
 19.6662	131.1250	  9.9597	118.5625	  1.8083
 19.6561	131.6292	  9.9464	117.6958	  1.8084
 19.6690	131.6583	  9.9570	118.8750	  1.8084
 19.6675	130.9333	  9.9583	118.7500	  1.8086
 19.6708	131.5208	  9.9473	118.0167	  1.8079
 19.6715	131.6167	  9.9651	118.7542	  1.8084
 19.6627	130.7833	  9.9545	118.7917	  1.8079
 19.6726	131.3208	  9.9523	118.1875	  1.8086
 19.6690	130.9875	  9.9538	117.7917	  1.8080
 19.6692	131.2083	  9.9586	118.7750	  1.8086
 19.6611	131.1958	  9.9712	118.3375	  1.8085
 19.6649	130.9917	  9.9673	118.0708	  1.8078
 19.6471	131.0792	  9.9548	118.3333	  1.8086
 19.6598	131.2125	  9.9447	117.7750	  1.8084
 19.6431	131.1000	  9.9408	118.8208	  1.8083
 19.6649	131.0625	  9.9399	118.4583	  1.8086
 19.6839	130.6542	  9.9421	118.1042	  1.8078
 19.6661	131.6458	  9.9705	118.8167	  1.8084
 19.6598	130.8500	  9.9677	118.7125	  1.8083
 19.6505	131.3917	  9.9376	117.8042	  1.8092
 19.6503	130.7042	  9.9599	118.7667	  1.8080
 19.6691	131.3417	  9.9711	119.0125	  1.8083
 19.6828	131.6625	  9.9472	118.0667	  1.8083
 19.6560	131.1250	  9.9440	118.9500	  1.8083
 19.6498	131.6250	  9.9553	119.2125	  1.8082
 19.6616	131.0292	  9.9488	119.1125	  1.8084
 19.6640	131.8000	  9.9569	118.3167	  1.8089
 19.6527	131.6000	  9.9580	118.6542	  1.8085
 19.6811	131.4125	  9.9630	117.6292	  1.8082
 19.6891	131.5083	  9.9396	118.4292	  1.8086
 19.6385	131.2792	  9.9573	118.0625	  1.8080
 19.6827	132.0167	  9.9575	118.2542	  1.8085
 19.6643	130.9750	  9.9514	118.2708	  1.8084
 19.6491	131.1875	  9.9592	118.7250	  1.8081
 19.6718	131.8125	  9.9494	118.1542	  1.8084
 19.6730	130.8208	  9.9635	118.3667	  1.8082
 19.6540	131.2958	  9.9532	119.0792	  1.8082
 19.6736	131.3750	  9.9544	118.4958	  1.8082
 19.6556	130.9792	  9.9518	118.4458	  1.8084
 19.6552	130.8625	  9.9440	118.6833	  1.8084
 19.6650	131.3250	  9.9556	118.6333	  1.8081
 19.6614	130.8875	  9.9557	118.3375	  1.8083
 19.6527	131.5167	  9.9391	118.4750	  1.8080
 19.6474	130.9417	  9.9589	118.5583	  1.8082
 19.6636	131.0583	  9.9631	118.3750	  1.8081
 19.6490	130.9542	  9.9484	118.6375	  1.8084
 19.6681	131.8250	  9.9618	118.3250	  1.8083
 19.6580	131.3625	  9.9577	119.0833	  1.8080
 19.6563	131.0917	  9.9544	118.1875	  1.8080
 19.6411	130.6833	  9.9707	118.6875	  1.8079
 19.6466	132.0542	  9.9682	118.5750	  1.8080
 19.6541	131.0292	  9.9569	118.4375	  1.8085
 19.6651	131.5042	  9.9694	118.4208	  1.8086
 19.6479	131.6042	  9.9553	118.7083	  1.8083
 19.6745	131.3083	  9.9656	118.6208	  1.8085
 19.6586	131.7500	  9.9499	118.3333	  1.8079
 19.6582	130.9292	  9.9693	118.4000	  1.8086
 19.6520	130.7708	  9.9512	118.9958	  1.8083
 19.6533	130.2417	  9.9539	118.8708	  1.8084
 19.6698	131.2667	  9.9416	118.6500	  1.8083
 19.6579	130.9667	  9.9553	118.5375	  1.8088
 19.6496	131.2250	  9.9529	118.9875	  1.8077
 19.6708	130.9417	  9.9632	118.5917	  1.8078
 19.6490	131.0208	  9.9495	119.0750	  1.8085
 19.6589	131.7750	  9.9651	118.0917	  1.8084
 19.6702	131.3042	  9.9725	118.6125	  1.8086
 19.6516	131.1125	  9.9625	118.4583	  1.8083
 19.6769	131.0667	  9.9593	118.1000	  1.8082
 19.6735	131.7583	  9.9678	118.3458	  1.8081
 19.6466	130.8458	  9.9659	118.9792	  1.8078
 19.6693	131.2250	  9.9424	118.2250	  1.8081
 19.6513	131.1208	  9.9416	118.5625	  1.8085
 19.6682	131.1625	  9.9629	118.6667	  1.8076
 19.6564	131.4458	  9.9533	118.1167	  1.8081
 19.6641	131.2792	  9.9496	117.9333	  1.8092
 19.6647	131.4625	  9.9574	118.4083	  1.8087
 19.6623	130.8875	  9.9580	118.5375	  1.8083
 19.6659	130.8583	  9.9537	117.8000	  1.8081
 19.6792	131.7000	  9.9525	118.4458	  1.8084
 19.6611	131.5333	  9.9538	118.6708	  1.8080
 19.6694	131.3708	  9.9625	118.5458	  1.8078
 19.6739	131.4458	  9.9571	118.3208	  1.8079
 19.6569	131.4542	  9.9331	118.4833	  1.8088
 19.6565	131.5417	  9.9528	117.7875	  1.8079
 19.6701	131.4458	  9.9368	118.2625	  1.8082
 19.6575	130.7208	  9.9430	118.7000	  1.8083
 19.6464	131.0792	  9.9565	117.9167	  1.8082
 19.6533	131.4667	  9.9475	118.4792	  1.8075
 19.6699	132.1583	  9.9618	118.7542	  1.8081
 19.6722	130.7833	  9.9541	118.2667	  1.8089
 19.6701	131.5208	  9.9321	118.7083	  1.8083
 19.6677	131.0208	  9.9648	118.9917	  1.8084
 19.6666	131.8500	  9.9591	118.7167	  1.8083
 19.6647	130.8042	  9.9545	118.4833	  1.8078
 19.6755	131.0000	  9.9765	118.4208	  1.8084
 19.6548	131.1750	  9.9496	118.7750	  1.8086
 19.6477	130.6750	  9.9481	118.2500	  1.8080
 19.6767	131.2458	  9.9613	118.9708	  1.8079
 19.6587	131.4083	  9.9438	118.8875	  1.8084
 19.6672	130.9250	  9.9669	118.8375	  1.8083
 19.6598	130.7417	  9.9661	118.2583	  1.8085
 19.6677	131.6042	  9.9536	119.0333	  1.8086
 19.6697	131.1167	  9.9588	118.1750	  1.8078
 19.6641	131.3458	  9.9271	118.6417	  1.8084
 19.6661	130.9042	  9.9521	118.7250	  1.8086
 19.6470	130.7500	  9.9423	117.9875	  1.8089
 19.6569	131.3042	  9.9469	118.1500	  1.8081
 19.6699	131.3917	  9.9545	118.3250	  1.8089
 19.6536	131.3833	  9.9697	118.6208	  1.8084
 19.6417	131.6833	  9.9469	117.7833	  1.8082
 19.6538	131.6708	  9.9394	118.0208	  1.8079
 19.6749	130.8750	  9.9431	118.2417	  1.8087
 19.6608	131.5208	  9.9650	118.7208	  1.8078
 19.6682	131.2083	  9.9618	118.1583	  1.8081
 19.6672	131.6208	  9.9437	118.6458	  1.8082
 19.6557	131.7917	  9.9634	118.1250	  1.8086
 19.6708	130.8542	  9.9691	118.1375	  1.8081
 19.6756	131.0000	  9.9636	118.8292	  1.8078
 19.6821	131.4917	  9.9562	118.6500	  1.8088
 19.6662	131.9208	  9.9665	118.9083	  1.8078
 19.6618	131.3750	  9.9601	118.1583	  1.8080
 19.6633	131.0042	  9.9475	117.9250	  1.8076
 19.6741	131.6000	  9.9626	118.7292	  1.8081
 19.6333	130.8833	  9.9462	118.0417	  1.8086
 19.6549	131.2750	  9.9504	118.1542	  1.8081
 19.6755	130.8958	  9.9486	118.2458	  1.8086
 19.6541	131.2208	  9.9628	118.1500	  1.8081
 19.6484	131.4875	  9.9412	118.8750	  1.8080
 19.6615	131.2292	  9.9715	117.9208	  1.8083
 19.6633	131.9500	  9.9431	118.1542	  1.8081
 19.6699	131.5500	  9.9703	118.4042	  1.8085
 19.6420	131.6583	  9.9663	117.8875	  1.8078
 19.6681	131.3250	  9.9710	117.9667	  1.8083
 19.6511	131.2083	  9.9690	119.2167	  1.8079
 19.6774	131.5583	  9.9414	118.3667	  1.8085
 19.6839	131.2208	  9.9365	118.2250	  1.8085
 19.6641	131.2250	  9.9749	118.7625	  1.8080
 19.6587	131.3000	  9.9629	118.6167	  1.8079
 19.6760	130.6125	  9.9606	118.2333	  1.8076
 19.6741	130.9792	  9.9396	118.6750	  1.8080
 19.6625	131.7250	  9.9690	117.7292	  1.8083
 19.6456	131.6875	  9.9298	118.4542	  1.8085
 19.6600	131.1750	  9.9581	117.5625	  1.8078
 19.6660	131.0458	  9.9678	119.0542	  1.8078
 19.6619	131.4042	  9.9560	119.0292	  1.8080
 19.6784	131.8583	  9.9698	118.4792	  1.8082
 19.6730	131.2500	  9.9499	118.3833	  1.8081
 19.6534	131.7458	  9.9383	118.3250	  1.8086
 19.6496	131.6292	  9.9583	118.4083	  1.8082
 19.6332	131.5250	  9.9596	118.5042	  1.8079
 19.6653	131.3708	  9.9309	118.5125	  1.8080
 19.6682	130.8333	  9.9470	118.3833	  1.8079
 19.6443	132.3042	  9.9448	118.4417	  1.8083
 19.6496	130.9833	  9.9544	118.0375	  1.8081
 19.6555	131.3375	  9.9520	118.5625	  1.8080
 19.6490	131.0125	  9.9531	119.0542	  1.8077
 19.6645	131.2458	  9.9653	118.6667	  1.8086
 19.6507	131.2208	  9.9747	118.5708	  1.8081
 19.6498	131.3958	  9.9554	118.1750	  1.8084
 19.6716	131.0417	  9.9503	119.2042	  1.8083
 19.6535	131.1625	  9.9536	118.4000	  1.8085
 19.6746	131.6458	  9.9761	118.2208	  1.8078
 19.6463	131.9333	  9.9679	118.8167	  1.8078
 19.6491	130.9000	  9.9339	118.6375	  1.8083
 19.6639	131.4167	  9.9394	118.9667	  1.8087
 19.6568	131.0167	  9.9422	118.2500	  1.8080
 19.6465	130.9083	  9.9605	118.5708	  1.8079
 19.6536	130.7208	  9.9423	118.5625	  1.8085
 19.6757	131.1917	  9.9626	118.5375	  1.8083
 19.6748	131.3833	  9.9445	118.6667	  1.8078
 19.6548	131.7792	  9.9416	117.8458	  1.8081
 19.6696	130.7792	  9.9639	118.7167	  1.8077
 19.6669	131.9333	  9.9557	118.6125	  1.8074
 19.6618	131.1250	  9.9540	118.7292	  1.8077
 19.6640	131.3792	 10.0013	118.6708	  1.8081
 19.6624	130.8333	  9.9651	119.0000	  1.8081
 19.6746	130.3333	  9.9570	119.2375	  1.8080
 19.6652	131.0583	  9.9844	118.4542	  1.8086
 19.6608	131.4167	  9.9703	118.8875	  1.8082
 19.6506	131.3750	  9.9510	118.5250	  1.8086
 19.6692	131.4500	  9.9344	118.6292	  1.8083
 19.6580	131.4917	  9.9402	118.2917	  1.8080
 19.6604	131.2417	  9.9616	118.2750	  1.8077
 19.6447	131.8583	  9.9623	119.2125	  1.8074
 19.6729	130.8167	  9.9513	119.1083	  1.8077
 19.6638	130.9250	  9.9711	118.9125	  1.8080
 19.6697	131.4542	  9.9617	118.5000	  1.8086
 19.6585	131.2667	  9.9512	118.4292	  1.8084
 19.6797	132.1542	  9.9319	118.1750	  1.8077
 19.6626	130.9792	  9.9606	119.3375	  1.8079
 19.6704	130.6333	  9.9432	118.4333	  1.8085
 19.6717	131.5333	  9.9477	118.8208	  1.8089
 19.6855	131.4625	  9.9405	118.9500	  1.8077
 19.6377	131.5375	  9.9431	118.6375	  1.8077
 19.6634	130.9708	  9.9505	118.7875	  1.8082
 19.6501	130.9792	  9.9506	119.0125	  1.8075
 19.6705	131.1708	  9.9621	118.2250	  1.8081
 19.6606	131.3042	  9.9490	117.8917	  1.8082
 19.6779	131.0292	  9.9596	118.7208	  1.8081
 19.6692	130.7333	  9.9828	118.3292	  1.8082
 19.6745	130.6542	  9.9532	118.7583	  1.8082
 19.6544	130.6167	  9.9540	118.4125	  1.8082
 19.6623	131.4250	  9.9536	117.8625	  1.8080
 19.6482	131.3083	  9.9815	118.5833	  1.8087
 19.6536	131.1250	  9.9470	118.8167	  1.8080
 19.6679	131.1667	  9.9647	118.7792	  1.8077
 19.6643	130.7708	  9.9517	119.0583	  1.8082
 19.6746	130.6292	  9.9544	118.4167	  1.8076
 19.6459	131.4833	  9.9520	118.6208	  1.8088
 19.6715	131.1792	  9.9626	118.8000	  1.8079
 19.6768	130.8125	  9.9580	118.7500	  1.8081
 19.6521	131.3750	  9.9704	118.5458	  1.8077
 19.6637	131.1833	  9.9492	118.7208	  1.8083
 19.6592	131.6208	  9.9686	118.7125	  1.8078
 19.6667	132.2000	  9.9691	118.4917	  1.8081
 19.6552	131.0375	  9.9586	118.0875	  1.8083
 19.6484	130.8875	  9.9619	118.6792	  1.8078
 19.6621	131.4583	  9.9403	118.7250	  1.8077
 19.6549	131.3083	  9.9786	118.5167	  1.8081
 19.6680	131.2250	  9.9553	118.2250	  1.8085
 19.6801	130.5750	  9.9654	118.3750	  1.8079
 19.6788	131.2583	  9.9553	118.4833	  1.8079
 19.6648	130.7875	  9.9592	118.3833	  1.8079
 19.6535	130.9833	  9.9667	119.0208	  1.8084
 19.6578	131.3375	  9.9589	118.7417	  1.8080
 19.6566	131.3542	  9.9265	118.5542	  1.8086
 19.6645	131.6250	  9.9465	118.5958	  1.8080
 19.6614	130.7458	  9.9383	119.0792	  1.8084
 19.6574	131.0417	  9.9718	118.7458	  1.8084
 19.6836	130.7750	  9.9615	118.5875	  1.8077
 19.6671	131.4500	  9.9524	118.3125	  1.8084
 19.6739	131.1542	  9.9584	118.7250	  1.8079
 19.6568	131.1917	  9.9677	118.4458	  1.8082
 19.6771	131.1125	  9.9568	118.5208	  1.8078
 19.6599	131.5000	  9.9736	118.3708	  1.8080
 19.6581	130.9958	  9.9616	118.2583	  1.8081
 19.6685	130.9917	  9.9518	118.0625	  1.8078
 19.6484	131.4792	  9.9405	118.7417	  1.8081
 19.6758	131.1417	  9.9630	118.6625	  1.8076
 19.6562	131.7542	  9.9489	118.5500	  1.8080
 19.6736	130.9958	  9.9512	118.1292	  1.8086
 19.6649	131.1458	  9.9568	118.2542	  1.8080
 19.6710	132.0292	  9.9506	118.2292	  1.8083
 19.6718	130.8917	  9.9632	118.5500	  1.8080
 19.6485	131.0708	  9.9536	118.8292	  1.8078
 19.6831	131.0625	  9.9544	118.4208	  1.8078
 19.6738	131.3000	  9.9539	118.6500	  1.8086
 19.6615	131.8958	  9.9591	118.5042	  1.8077
 19.6713	131.1083	  9.9536	118.8958	  1.8078
 19.6516	131.2667	  9.9625	118.6292	  1.8075
 19.6672	131.3375	  9.9592	118.7875	  1.8080
 19.6641	131.5833	  9.9641	118.5792	  1.8082
 19.6457	131.1458	  9.9682	118.8417	  1.8079
 19.6482	131.5708	  9.9572	118.3625	  1.8081
 19.6546	130.9625	  9.9635	118.2417	  1.8084
 19.6517	131.7125	  9.9640	118.1333	  1.8079
 19.6690	131.2250	  9.9412	118.2708	  1.8079
 19.6726	131.2583	  9.9686	119.0333	  1.8083
 19.6550	131.4333	  9.9422	118.5250	  1.8087
 19.6717	131.4750	  9.9598	118.8708	  1.8082
 19.6543	130.7500	  9.9597	118.2458	  1.8073
 19.6594	130.8667	  9.9503	118.7250	  1.8084
 19.6571	131.3792	  9.9752	118.7375	  1.8080
 19.6578	131.0208	  9.9450	118.8167	  1.8077
 19.6573	131.2792	  9.9502	117.9292	  1.8078
 19.6672	131.3417	  9.9577	118.7208	  1.8084
 19.6649	131.4292	  9.9597	118.3792	  1.8076
 19.6444	131.1958	  9.9555	118.1458	  1.8084
 19.6791	131.2875	  9.9649	118.3167	  1.8077
 19.6612	131.0625	  9.9556	118.3500	  1.8080
 19.6599	131.6208	  9.9618	118.5083	  1.8075
 19.6692	131.1583	  9.9399	118.3375	  1.8079
 19.6628	130.7958	  9.9694	118.4042	  1.8082
 19.6762	131.2375	  9.9509	118.4333	  1.8080
 19.6656	131.4583	  9.9586	118.3250	  1.8081
 19.6576	130.3750	  9.9721	118.4417	  1.8078
 19.6708	131.4542	  9.9551	118.8292	  1.8078
 19.6724	130.6750	  9.9706	118.7000	  1.8080
 19.6579	131.6333	  9.9442	118.7958	  1.8083
 19.6684	130.7500	  9.9756	118.5542	  1.8080
 19.6512	131.6167	  9.9346	118.3083	  1.8071
 19.6570	131.2042	  9.9397	118.6083	  1.8080
 19.6780	131.4333	  9.9550	118.6958	  1.8083
 19.6620	131.0875	  9.9499	118.6958	  1.8083
 19.6822	130.9958	  9.9514	119.1625	  1.8082
 19.6560	131.5375	  9.9728	118.2458	  1.8079
 19.6622	131.6292	  9.9449	118.8417	  1.8081
 19.6777	131.1417	  9.9480	118.5875	  1.8083
 19.6379	131.5875	  9.9540	118.5375	  1.8073
 19.6670	131.8833	  9.9750	118.6625	  1.8080
 19.6607	130.4458	  9.9711	118.9125	  1.8078
 19.6517	131.5833	  9.9551	118.3417	  1.8079
 19.6530	130.7250	  9.9623	118.8167	  1.8082
 19.6677	131.1125	  9.9541	118.3500	  1.8086
 19.6499	131.1542	  9.9493	118.4750	  1.8076
 19.6498	130.8000	  9.9363	118.2583	  1.8075
 19.6613	130.8042	  9.9600	118.3875	  1.8084
 19.6576	131.3125	  9.9490	119.0333	  1.8082
 19.6732	130.8042	  9.9482	118.5042	  1.8085
 19.6631	131.0542	  9.9739	118.9125	  1.8078
 19.6742	131.2417	  9.9426	118.0500	  1.8078
 19.6554	131.5958	  9.9485	119.0583	  1.8077
 19.6603	131.0333	  9.9558	118.5708	  1.8083
 19.6678	131.0875	  9.9516	118.2583	  1.8084
 19.6524	131.5292	  9.9718	118.7917	  1.8079
 19.6735	131.0958	  9.9483	118.5458	  1.8080
 19.6663	131.5292	  9.9635	118.6208	  1.8082
 19.6746	131.4042	  9.9597	118.7500	  1.8087
 19.6759	131.4542	  9.9589	117.7917	  1.8082
 19.6593	131.0958	  9.9550	117.9875	  1.8082
 19.6701	131.2542	  9.9705	118.5500	  1.8082
 19.6514	131.2333	  9.9622	118.3250	  1.8089
 19.6743	131.3250	  9.9590	118.3208	  1.8085
 19.6688	131.4292	  9.9518	118.2375	  1.8079
 19.6610	131.2500	  9.9473	118.6042	  1.8080
 19.6760	130.9417	  9.9636	118.4958	  1.8086
 19.6751	131.2583	  9.9599	118.3250	  1.8084
 19.6581	131.2333	  9.9427	119.0417	  1.8082
 19.6644	131.2083	  9.9454	118.6833	  1.8076
 19.6584	131.0458	  9.9579	118.5500	  1.8078
 19.6736	131.9125	  9.9325	118.2792	  1.8077
 19.6773	131.2208	  9.9614	118.2542	  1.8079
 19.6542	130.7625	  9.9500	118.3125	  1.8082
 19.6673	131.7042	  9.9578	118.7083	  1.8084
 19.6477	131.8875	  9.9486	118.4833	  1.8078
 19.6757	131.2958	  9.9665	118.3250	  1.8074
 19.6713	130.8333	  9.9602	118.3458	  1.8080
 19.6783	131.2125	  9.9478	118.5333	  1.8079
 19.6841	131.4083	  9.9556	118.1750	  1.8083
 19.6693	131.2875	  9.9435	118.5458	  1.8082
 19.6466	131.5708	  9.9698	118.4250	  1.8079
 19.6660	131.5042	  9.9623	118.5292	  1.8079
 19.6398	131.5375	  9.9644	117.9792	  1.8082
 19.6618	131.1875	  9.9543	118.2375	  1.8083
 19.6482	131.4000	  9.9582	118.2917	  1.8081
 19.6605	131.5500	  9.9664	118.4125	  1.8083
 19.6575	130.6542	  9.9515	118.8458	  1.8078
 19.6617	130.8958	  9.9683	118.2083	  1.8083
 19.6562	131.1667	  9.9585	118.0542	  1.8082
 19.6584	131.7750	  9.9662	118.2792	  1.8076
 19.6521	131.6125	  9.9628	118.2708	  1.8084
 19.6548	131.5458	  9.9572	118.6083	  1.8078
 19.6486	131.4000	  9.9496	118.0375	  1.8080
 19.6718	131.1833	  9.9548	118.7167	  1.8081
 19.6384	130.9750	  9.9594	118.1000	  1.8079
 19.6573	131.4208	  9.9569	118.2000	  1.8079
 19.6448	131.1167	  9.9626	118.7333	  1.8079
 19.6658	131.5333	  9.9470	118.4167	  1.8082
 19.6504	131.2708	  9.9542	118.7417	  1.8083
 19.6565	130.9958	  9.9649	118.0958	  1.8079
 19.6504	131.4833	  9.9656	118.5667	  1.8084
 19.6718	131.4000	  9.9435	118.7125	  1.8081
 19.6508	130.9208	  9.9671	118.4542	  1.8079
 19.6688	131.1250	  9.9590	118.2500	  1.8079
 19.6781	131.3750	  9.9414	118.2500	  1.8082
 19.6742	131.0625	  9.9434	118.0208	  1.8085
 19.6517	131.4458	  9.9608	118.6208	  1.8083
 19.6743	130.5500	  9.9365	119.3958	  1.8081
 19.6665	131.3167	  9.9533	118.7042	  1.8079
 19.6509	131.1667	  9.9626	118.3500	  1.8080
 19.6729	131.2792	  9.9449	118.6750	  1.8082
 19.6577	131.1792	  9.9575	117.8292	  1.8086
 19.6688	131.1333	  9.9459	118.6000	  1.8077
 19.6786	130.8625	  9.9697	118.0958	  1.8076
 19.6654	131.1667	  9.9383	118.1042	  1.8075
 19.6687	131.1750	  9.9532	118.9958	  1.8080
 19.6680	131.2292	  9.9551	118.5375	  1.8080
 19.6568	131.2250	  9.9484	118.8167	  1.8078
 19.6557	131.1583	  9.9370	117.6958	  1.8086
 19.6616	131.4750	  9.9799	118.3333	  1.8081
 19.6527	131.7917	  9.9767	117.8292	  1.8082
 19.6608	130.9750	  9.9497	118.5417	  1.8081
 19.6723	131.0333	  9.9730	118.4917	  1.8084
 19.6717	130.5500	  9.9671	117.8208	  1.8088
 19.6647	131.8167	  9.9509	118.1667	  1.8083
 19.6601	130.8375	  9.9426	119.4667	  1.8080
 19.6909	130.8833	  9.9550	118.0667	  1.8079
 19.6588	131.1792	  9.9637	118.0250	  1.8081
 19.6513	131.0958	  9.9459	118.3500	  1.8087
 19.6681	130.6625	  9.9672	118.3375	  1.8085
 19.6656	131.4167	  9.9563	118.3792	  1.8087
 19.6672	131.2250	  9.9618	118.4875	  1.8085
 19.6561	131.3542	  9.9622	118.6083	  1.8079
 19.6762	131.2833	  9.9499	118.1958	  1.8086
 19.6665	131.0250	  9.9622	118.4792	  1.8079
 19.6851	131.1167	  9.9544	118.2375	  1.8079
 19.6676	130.8792	  9.9631	118.8500	  1.8083
 19.6484	131.3875	  9.9570	118.4625	  1.8079
 19.6493	131.7208	  9.9676	118.4917	  1.8079
 19.6574	130.6625	  9.9530	118.1125	  1.8077
 19.6684	131.4208	  9.9517	118.3000	  1.8080
 19.6657	131.2542	  9.9710	118.9083	  1.8078
 19.6608	131.5042	  9.9538	118.5708	  1.8082
 19.6641	130.9417	  9.9494	117.9042	  1.8076
 19.6612	131.2417	  9.9649	118.2833	  1.8078
 19.6605	131.4208	  9.9563	118.4917	  1.8081
 19.6767	131.0792	  9.9458	118.6125	  1.8079
 19.6748	131.5833	  9.9729	118.3000	  1.8082
 19.6511	130.9708	  9.9424	118.1792	  1.8081
 19.6624	131.1583	  9.9585	119.0292	  1.8078
 19.6634	131.5167	  9.9452	118.9583	  1.8083
 19.6639	131.1875	  9.9486	118.7917	  1.8081
 19.6699	131.3458	  9.9576	118.8167	  1.8080
 19.6600	131.3375	  9.9361	118.8000	  1.8075
 19.6397	131.2542	  9.9682	118.4750	  1.8079
 19.6564	131.2333	  9.9451	118.5708	  1.8078
 19.6600	131.0000	  9.9382	118.1125	  1.8081
 19.6425	131.0667	  9.9570	118.5917	  1.8081
 19.6717	131.1625	  9.9468	118.1542	  1.8083
 19.6817	131.6000	  9.9653	118.4167	  1.8078
 19.6616	131.0292	  9.9568	118.0250	  1.8081
 19.6603	130.7750	  9.9540	118.6167	  1.8081
 19.6638	130.9750	  9.9452	118.6875	  1.8081
 19.6578	131.1667	  9.9475	118.2458	  1.8078
 19.6783	131.2167	  9.9579	118.3750	  1.8079
 19.6778	131.2625	  9.9482	117.9542	  1.8081
 19.6778	131.6167	  9.9597	118.3083	  1.8080
 19.6580	130.5042	  9.9526	118.7208	  1.8079
 19.6713	131.1250	  9.9425	117.8000	  1.8085
 19.6782	131.7417	  9.9579	117.9833	  1.8081
 19.6582	131.2792	  9.9589	118.3250	  1.8080
 19.6666	131.1708	  9.9720	118.5583	  1.8083
 19.6642	131.2500	  9.9505	118.3792	  1.8081
 19.6669	131.2292	  9.9493	118.9750	  1.8083
 19.6416	131.2458	  9.9689	118.9875	  1.8080
 19.6445	131.0792	  9.9598	118.5458	  1.8081
 19.6490	131.2333	  9.9582	118.5417	  1.8082
 19.6508	131.5208	  9.9587	118.7292	  1.8077
 19.6487	130.9917	  9.9537	117.9417	  1.8075
 19.6481	130.7750	  9.9476	119.0708	  1.8077
 19.6625	130.5375	  9.9621	118.7167	  1.8076
 19.6538	131.5625	  9.9632	118.4625	  1.8078
 19.6408	131.0958	  9.9451	118.5083	  1.8083
 19.6539	130.5792	  9.9450	118.3708	  1.8085
 19.6683	131.0875	  9.9483	118.1500	  1.8083
 19.6526	131.0583	  9.9623	118.8833	  1.8077
 19.6701	130.9208	  9.9464	118.6375	  1.8081
 19.6516	131.0083	  9.9520	118.3375	  1.8076
 19.6574	131.0042	  9.9448	118.1750	  1.8075
 19.6461	131.0583	  9.9485	118.4458	  1.8083
 19.6781	131.0250	  9.9745	118.9750	  1.8078
 19.6569	131.1000	  9.9512	118.7500	  1.8082
 19.6580	130.4167	  9.9607	118.8333	  1.8083
 19.6767	131.6667	  9.9484	118.7417	  1.8081
 19.6747	131.3833	  9.9572	118.7250	  1.8077
 19.6521	131.1708	  9.9608	117.7833	  1.8074
 19.6765	131.2083	  9.9352	118.3000	  1.8083
 19.6555	131.2833	  9.9532	118.0750	  1.8078
 19.6786	131.6667	  9.9461	118.7458	  1.8079
 19.6697	130.6833	  9.9398	118.4167	  1.8081
 19.6520	131.6833	  9.9665	118.1833	  1.8085
 19.6583	130.9708	  9.9487	118.4792	  1.8080
 19.6718	131.4875	  9.9610	118.2667	  1.8082
 19.6589	131.6875	  9.9385	118.9458	  1.8083
 19.6754	131.1375	  9.9576	118.2833	  1.8077
 19.6653	131.2125	  9.9693	118.8625	  1.8082
 19.6619	131.5625	  9.9622	118.3042	  1.8081
 19.6661	131.4750	  9.9657	118.5083	  1.8084
 19.6486	131.1042	  9.9749	118.7167	  1.8080
 19.6565	131.2917	  9.9563	118.8125	  1.8081
 19.6626	131.0167	  9.9661	118.5292	  1.8082
 19.6659	130.9833	  9.9636	118.2333	  1.8078
 19.6567	131.2083	  9.9454	118.2125	  1.8080
 19.6777	131.3958	  9.9563	118.3333	  1.8078
 19.6676	131.0208	  9.9395	119.0792	  1.8082
 19.6652	131.3333	  9.9632	118.0708	  1.8077
 19.6668	130.8417	  9.9673	118.5833	  1.8082
 19.6669	131.4417	  9.9478	118.3583	  1.8079
 19.6687	131.3958	  9.9645	117.9917	  1.8074
 19.6537	131.5958	  9.9476	118.6042	  1.8078
 19.6743	131.0667	  9.9648	118.7250	  1.8079
 19.6563	131.7792	  9.9544	118.6417	  1.8079
 19.6667	131.1500	  9.9629	118.2167	  1.8080
 19.6778	131.5375	  9.9539	118.5042	  1.8074
 19.6562	131.2125	  9.9504	118.1208	  1.8078
 19.6672	130.8458	  9.9686	118.4458	  1.8079
 19.6714	130.9500	  9.9488	118.4500	  1.8082
 19.6642	131.8500	  9.9575	118.5083	  1.8078
 19.6658	131.1292	  9.9734	118.5875	  1.8081
 19.6706	131.5292	  9.9656	118.4875	  1.8082
 19.6498	131.2083	  9.9584	118.6125	  1.8079
 19.6492	131.2083	  9.9570	118.5292	  1.8077
 19.6629	131.3375	  9.9505	118.9458	  1.8076
 19.6537	131.5000	  9.9769	118.5958	  1.8077
 19.6456	130.7583	  9.9731	118.6292	  1.8076
 19.6586	131.5500	  9.9545	118.3750	  1.8077
 19.6509	131.2958	  9.9588	118.2542	  1.8081
 19.6482	130.9792	  9.9473	118.5250	  1.8080
 19.6622	131.7708	  9.9607	118.4333	  1.8083
 19.6630	131.1083	  9.9577	118.3583	  1.8085
 19.6629	131.1750	  9.9506	118.4833	  1.8077
 19.6759	131.1917	  9.9643	118.5917	  1.8079
 19.6635	131.1125	  9.9378	118.7083	  1.8079
 19.6580	130.6958	  9.9621	118.5333	  1.8081
 19.6689	131.9125	  9.9387	118.5000	  1.8076
 19.6522	130.9917	  9.9587	118.7083	  1.8080
 19.6641	131.2583	  9.9616	118.7917	  1.8072
 19.6620	131.3750	  9.9534	119.1542	  1.8076
 19.6526	131.3000	  9.9491	118.4333	  1.8084
 19.6635	131.5875	  9.9452	117.7542	  1.8087
 19.6627	131.6667	  9.9578	118.1708	  1.8080
 19.6645	130.7250	  9.9833	117.9125	  1.8085
 19.6695	130.9750	  9.9615	118.4667	  1.8082
 19.6658	131.2375	  9.9479	118.7583	  1.8077
 19.6508	131.4875	  9.9619	118.7583	  1.8083
 19.6673	131.2500	  9.9681	118.3708	  1.8081
 19.6787	131.5792	  9.9456	118.0833	  1.8079
 19.6770	131.7833	  9.9543	118.7667	  1.8083
 19.6613	131.4542	  9.9611	118.8083	  1.8073
 19.6736	131.3125	  9.9644	118.5083	  1.8078
 19.6449	130.5542	  9.9610	118.7000	  1.8079
 19.6547	131.1542	  9.9706	118.8417	  1.8077
 19.6619	131.3667	  9.9460	118.7625	  1.8080
 19.6597	131.2708	  9.9632	118.7083	  1.8079
 19.6751	130.8667	  9.9589	118.6375	  1.8086
 19.6782	131.2208	  9.9479	118.6417	  1.8075
 19.6610	131.3333	  9.9558	118.7667	  1.8078
 19.6563	131.5917	  9.9602	118.2000	  1.8078
 19.6756	130.5917	  9.9389	118.0875	  1.8086
 19.6532	130.4875	  9.9688	118.6417	  1.8086
 19.6662	131.5958	  9.9555	118.5500	  1.8085
 19.6564	130.9500	  9.9598	118.1875	  1.8075
 19.6426	131.0792	  9.9433	118.8125	  1.8084
 19.6489	131.3542	  9.9586	118.5125	  1.8082
 19.6556	131.5375	  9.9538	117.7375	  1.8076
 19.6486	130.9708	  9.9687	118.5000	  1.8083
 19.6706	131.1500	  9.9546	118.5708	  1.8085
 19.6636	131.2625	  9.9462	119.0000	  1.8079
 19.6717	130.5625	  9.9598	118.7875	  1.8076
 19.6515	131.4708	  9.9550	118.6292	  1.8078
 19.6796	130.8542	  9.9567	118.5750	  1.8082
 19.6649	131.4250	  9.9626	118.4250	  1.8078
 19.6604	131.4917	  9.9466	118.3083	  1.8081
 19.6665	131.3708	  9.9465	118.6292	  1.8078
 19.6743	131.3542	  9.9534	118.0250	  1.8077
 19.6656	131.4292	  9.9665	118.8208	  1.8081
 19.6670	131.5333	  9.9554	118.2375	  1.8082
 19.6646	131.0042	  9.9467	118.3500	  1.8087
 19.6679	131.2542	  9.9403	118.7792	  1.8081
 19.6733	131.3667	  9.9719	118.2167	  1.8075
 19.6578	131.1708	  9.9623	118.4958	  1.8080
 19.6683	131.3417	  9.9387	118.5000	  1.8080
 19.6671	131.2042	  9.9467	118.1833	  1.8080
 19.6646	131.0708	  9.9565	118.8708	  1.8081
 19.6530	131.2625	  9.9558	118.4167	  1.8084
 19.6516	131.3833	  9.9626	118.5875	  1.8075
 19.6649	130.0292	  9.9630	118.3208	  1.8082
 19.6540	131.2000	  9.9802	118.1458	  1.8073
 19.6619	131.1375	  9.9410	118.8125	  1.8082
 19.6809	131.5000	  9.9505	118.1958	  1.8084
 19.6594	131.1667	  9.9698	118.8792	  1.8077
 19.6600	131.4417	  9.9719	118.5833	  1.8080
 19.6475	131.2125	  9.9581	118.4625	  1.8074
 19.6871	131.6333	  9.9591	118.5917	  1.8076
 19.6613	131.0292	  9.9654	118.4417	  1.8086
 19.6702	131.3667	  9.9520	118.6500	  1.8085
 19.6903	131.1250	  9.9526	118.7542	  1.8074
 19.6441	131.1333	  9.9454	118.4458	  1.8082
 19.6372	131.2250	  9.9531	118.1208	  1.8080
 19.6605	131.1625	  9.9454	118.2458	  1.8080
 19.6597	131.4000	  9.9693	118.4875	  1.8078
 19.6627	131.4167	  9.9527	118.9292	  1.8076
 19.6495	131.1792	  9.9663	118.3708	  1.8082
 19.6515	131.0375	  9.9641	118.6625	  1.8083
 19.6691	131.0875	  9.9350	118.7333	  1.8079
 19.6736	131.4458	  9.9432	118.6625	  1.8078
 19.6476	131.1250	  9.9554	118.4083	  1.8078
 19.6530	131.1500	  9.9549	118.0042	  1.8079
 19.6588	131.2583	  9.9451	118.4875	  1.8076
 19.6495	131.5458	  9.9534	118.5375	  1.8082
 19.6706	131.2167	  9.9790	118.0958	  1.8080
 19.6628	131.4208	  9.9490	118.5417	  1.8079
 19.6499	131.1208	  9.9442	118.9833	  1.8080
 19.6734	131.4292	  9.9547	118.1792	  1.8087
 19.6554	131.5000	  9.9723	118.9125	  1.8074
 19.6539	131.2250	  9.9605	118.3750	  1.8076
 19.6683	131.2958	  9.9551	118.2458	  1.8083
 19.6547	130.9750	  9.9365	117.4292	  1.8079
 19.6729	130.9167	  9.9622	117.9333	  1.8081
 19.6568	130.5708	  9.9422	118.0458	  1.8085
 19.6517	130.9000	  9.9525	118.4958	  1.8079
 19.6695	131.1500	  9.9620	118.1125	  1.8082
 19.6692	131.1417	  9.9613	118.6583	  1.8076
 19.6687	132.0708	  9.9706	118.9583	  1.8082
 19.6450	131.4750	  9.9462	117.9792	  1.8081
 19.6628	131.4667	  9.9477	118.3917	  1.8079
 19.6548	131.0083	  9.9612	118.7542	  1.8083
 19.6560	131.5417	  9.9496	118.5875	  1.8076
 19.6464	130.8042	  9.9497	118.1458	  1.8075
 19.6630	131.2333	  9.9649	118.7958	  1.8074
 19.6667	131.3125	  9.9741	118.2750	  1.8080
 19.6557	130.9208	  9.9560	118.7375	  1.8076
 19.6576	130.5500	  9.9679	118.1083	  1.8076
 19.6885	131.4125	  9.9466	118.4542	  1.8080
 19.6458	131.2167	  9.9515	119.0083	  1.8079
 19.6552	131.5792	  9.9466	118.1500	  1.8074
 19.6529	131.4500	  9.9568	118.4125	  1.8085
 19.6746	131.2583	  9.9587	118.5833	  1.8078
 19.6467	131.1208	  9.9498	118.5875	  1.8075
 19.6683	131.2500	  9.9543	118.3667	  1.8080
 19.6638	131.4833	  9.9571	118.3333	  1.8084
 19.6839	130.8542	  9.9622	119.2708	  1.8080
 19.6582	131.2000	  9.9729	118.1417	  1.8081
 19.6694	131.1083	  9.9563	118.6250	  1.8081
 19.6665	131.4708	  9.9451	118.5625	  1.8084
 19.6581	131.3083	  9.9481	117.7083	  1.8079
 19.6697	131.0167	  9.9567	118.1500	  1.8077
 19.6614	130.9958	  9.9453	119.1250	  1.8077
 19.6656	131.5708	  9.9583	118.1500	  1.8079
 19.6587	131.2208	  9.9411	118.4000	  1.8074
 19.6677	130.4792	  9.9586	118.4458	  1.8077
 19.6391	131.5375	  9.9854	118.6750	  1.8073
 19.6678	131.5917	  9.9497	118.6750	  1.8076
 19.6741	131.1917	  9.9634	118.9625	  1.8080
 19.6467	130.8792	  9.9589	118.6417	  1.8083
 19.6586	131.2917	  9.9531	118.6417	  1.8077
 19.6632	130.5792	  9.9499	118.4292	  1.8078
 19.6642	131.3417	  9.9440	118.5833	  1.8079
 19.6550	130.8625	  9.9478	118.4875	  1.8079
 19.6534	131.2625	  9.9651	118.6708	  1.8076
 19.6426	131.4792	  9.9506	118.4500	  1.8079
 19.6667	131.2125	  9.9599	118.6417	  1.8079
 19.6640	131.4125	  9.9497	118.4042	  1.8083
 19.6734	131.4958	  9.9449	118.1958	  1.8080
 19.6716	131.7208	  9.9780	118.5458	  1.8080
 19.6753	131.7250	  9.9622	118.1333	  1.8076
 19.6589	131.6625	  9.9249	118.7583	  1.8081
 19.6602	131.1208	  9.9620	118.0083	  1.8085
 19.6596	130.6875	  9.9534	118.9083	  1.8080
 19.6559	130.8292	  9.9742	118.3458	  1.8075
 19.6581	131.1458	  9.9282	118.6917	  1.8080
 19.6525	131.3917	  9.9684	118.4750	  1.8079
 19.6616	131.4292	  9.9626	118.2708	  1.8080
 19.6526	131.1167	  9.9416	118.3250	  1.8081
 19.6532	131.1458	  9.9463	118.1750	  1.8080
 19.6682	131.2042	  9.9552	118.5833	  1.8077
 19.6616	131.5875	  9.9442	118.6083	  1.8079
 19.6878	130.9708	  9.9684	118.8750	  1.8079
 19.6574	130.9625	  9.9644	118.5042	  1.8074
 19.6704	131.6250	  9.9898	118.2292	  1.8076
 19.6833	131.4417	  9.9499	118.6833	  1.8083
 19.6645	131.1708	  9.9429	118.6625	  1.8078
 19.6516	131.0375	  9.9665	119.0875	  1.8080
 19.6782	130.9708	  9.9468	118.5292	  1.8081
 19.6546	131.2792	  9.9633	118.3792	  1.8079
 19.6645	131.4458	  9.9482	118.1792	  1.8083
 19.6775	130.9667	  9.9454	118.4333	  1.8074
 19.6484	131.6000	  9.9656	119.0542	  1.8079
 19.6500	130.8292	  9.9598	118.2000	  1.8083
 19.6554	131.0167	  9.9448	118.9208	  1.8077
 19.6798	131.6208	  9.9499	118.6542	  1.8077
 19.6714	130.7208	  9.9532	118.4792	  1.8083
 19.6780	130.8917	  9.9421	118.3292	  1.8077
 19.6718	131.2542	  9.9500	118.9792	  1.8076
 19.6686	130.8167	  9.9499	118.6875	  1.8082
 19.6485	131.4167	  9.9634	118.0167	  1.8076
 19.6476	131.1250	  9.9533	118.6500	  1.8070
 19.6553	131.2333	  9.9594	118.7375	  1.8082
 19.6622	130.6417	  9.9641	118.9542	  1.8083
 19.6746	131.6875	  9.9734	118.3250	  1.8079
 19.6657	130.6667	  9.9705	118.4583	  1.8082
 19.6459	131.0042	  9.9498	118.6667	  1.8081
 19.6616	130.8500	  9.9534	118.8375	  1.8079
 19.6788	130.9625	  9.9462	118.7208	  1.8081
 19.6641	130.9125	  9.9503	118.6708	  1.8083
 19.6800	131.3500	  9.9632	118.3667	  1.8087
 19.6740	131.5917	  9.9557	118.1583	  1.8080
 19.6511	131.6042	  9.9531	119.0667	  1.8082
 19.6571	131.4000	  9.9588	118.2458	  1.8083
 19.6743	130.9917	  9.9505	118.3792	  1.8076
 19.6658	131.5375	  9.9535	118.2792	  1.8081
 19.6734	130.6917	  9.9642	118.2583	  1.8079
 19.6391	131.2958	  9.9629	118.8792	  1.8086
 19.6505	131.3250	  9.9676	118.7125	  1.8075
 19.6558	131.6792	  9.9519	117.9875	  1.8080
 19.6707	131.0500	  9.9547	118.1000	  1.8079
 19.6647	130.8208	  9.9498	119.0583	  1.8083
 19.6626	131.2500	  9.9475	118.6833	  1.8088
 19.6688	131.0167	  9.9502	118.6000	  1.8080
 19.6574	130.7750	  9.9520	118.8417	  1.8078
 19.6599	131.6625	  9.9618	118.4292	  1.8080
 19.6789	131.0292	  9.9550	118.0542	  1.8078
 19.6570	131.8042	  9.9659	118.9375	  1.8077
 19.6697	131.4000	  9.9527	118.7625	  1.8078
 19.6676	131.3458	  9.9456	118.7417	  1.8082
 19.6467	130.7083	  9.9629	118.3167	  1.8081
 19.6469	131.0667	  9.9669	118.4625	  1.8079
 19.6615	131.3583	  9.9649	118.0458	  1.8084
 19.6501	131.1000	  9.9591	118.4208	  1.8080
 19.6676	130.9125	  9.9561	118.6500	  1.8080
 19.6634	131.0333	  9.9807	118.1042	  1.8074
 19.6429	131.0583	  9.9550	118.7333	  1.8082
 19.6590	130.7917	  9.9746	118.3792	  1.8078
 19.6709	131.7083	  9.9494	118.6958	  1.8079
 19.6664	131.1750	  9.9583	118.3375	  1.8075
 19.6807	131.1042	  9.9423	118.2333	  1.8077
 19.6636	131.4042	  9.9609	118.3333	  1.8074
 19.6625	131.2875	  9.9518	118.4000	  1.8078
 19.6574	131.6000	  9.9488	118.7750	  1.8076
 19.6741	131.2250	  9.9629	118.9500	  1.8077
 19.6618	131.1917	  9.9509	118.4625	  1.8075
 19.6623	131.0542	  9.9706	117.9875	  1.8086
 19.6726	130.9375	  9.9525	118.9042	  1.8085
 19.6750	131.1167	  9.9774	118.9250	  1.8076
 19.6758	131.8250	  9.9652	118.6833	  1.8075
 19.6405	131.6250	  9.9708	118.2750	  1.8074
 19.6657	131.5375	  9.9502	118.4083	  1.8075
 19.6496	130.8708	  9.9474	118.9417	  1.8084
 19.6505	131.1917	  9.9546	117.9250	  1.8078
 19.6398	131.1875	  9.9575	118.5625	  1.8078
 19.6535	131.3792	  9.9561	118.9083	  1.8073
 19.6643	131.0833	  9.9720	118.4250	  1.8081
 19.6573	130.8792	  9.9569	118.9292	  1.8081
 19.6753	131.1000	  9.9637	118.5625	  1.8081
 19.6667	131.6000	  9.9721	118.4667	  1.8082
 19.6719	131.3750	  9.9616	118.7583	  1.8081
 19.6493	131.2250	  9.9617	118.9875	  1.8079
 19.6704	131.2625	  9.9557	118.9042	  1.8075
 19.6648	131.0583	  9.9466	118.6292	  1.8080
 19.6583	131.1917	  9.9568	119.0708	  1.8075
 19.6567	131.0833	  9.9551	118.4708	  1.8073
 19.6560	131.2667	  9.9442	118.8083	  1.8076
 19.6446	131.1625	  9.9748	118.7083	  1.8079
 19.6700	130.8417	  9.9769	118.0708	  1.8079
 19.6539	130.3792	  9.9598	118.9375	  1.8082
 19.6546	130.5500	  9.9618	118.6625	  1.8079
 19.6676	131.3417	  9.9562	118.1875	  1.8079
 19.6462	130.8625	  9.9582	117.9500	  1.8080
 19.6614	130.8292	  9.9395	118.3708	  1.8078
 19.6557	131.5375	  9.9577	118.1042	  1.8072
 19.6700	131.2292	  9.9379	117.9708	  1.8075
 19.6509	131.3333	  9.9617	118.4750	  1.8081
 19.6735	131.6458	  9.9465	118.6458	  1.8075
 19.6649	131.3708	  9.9448	118.5833	  1.8075
 19.6724	131.2375	  9.9457	118.5042	  1.8079
 19.6486	130.6625	  9.9516	118.5708	  1.8079
 19.6621	130.9333	  9.9528	118.4500	  1.8073
 19.6632	131.7458	  9.9501	118.3292	  1.8084
 19.6666	131.0375	  9.9557	118.5000	  1.8079
 19.6572	131.5083	  9.9681	118.0125	  1.8080
 19.6588	131.6125	  9.9470	118.5125	  1.8077
 19.6567	130.6750	  9.9485	118.2333	  1.8077
 19.6653	131.1917	  9.9546	118.4792	  1.8077
 19.6925	131.2583	  9.9609	119.0542	  1.8080
 19.6809	131.3250	  9.9438	118.9458	  1.8084
 19.6530	131.4875	  9.9739	119.2000	  1.8078
 19.6518	130.7292	  9.9603	117.8708	  1.8077
 19.6521	130.7750	  9.9513	118.3750	  1.8078
 19.6691	131.4708	  9.9432	118.3083	  1.8074
 19.6668	131.0083	  9.9596	118.3583	  1.8070
 19.6647	131.4375	  9.9663	118.6583	  1.8075
 19.6760	131.0083	  9.9789	118.3042	  1.8085
 19.6617	130.8250	  9.9657	118.3500	  1.8083
 19.6498	130.9417	  9.9409	118.6875	  1.8078
 19.6733	131.5125	  9.9497	118.3083	  1.8088
 19.6653	131.5583	  9.9667	118.4167	  1.8081
 19.6677	130.6917	  9.9484	118.7375	  1.8080
 19.6597	130.8125	  9.9471	118.0292	  1.8086
 19.6650	131.2208	  9.9670	118.1208	  1.8079
 19.6524	131.0750	  9.9545	118.2750	  1.8081
 19.6710	131.3167	  9.9459	118.6875	  1.8074
 19.6527	130.9833	  9.9521	118.1708	  1.8074
 19.6715	130.9333	  9.9637	117.8875	  1.8075
 19.6853	131.4958	  9.9757	118.7792	  1.8080
 19.6678	131.2583	  9.9617	118.8125	  1.8080
 19.6633	131.3042	  9.9556	118.4708	  1.8082
 19.6654	131.0333	  9.9572	118.1875	  1.8074
 19.6723	131.4833	  9.9432	118.3167	  1.8079
 19.6894	130.9167	  9.9604	118.9292	  1.8079
 19.6690	130.7042	  9.9610	118.6750	  1.8071
 19.6684	131.2583	  9.9557	118.9250	  1.8077
 19.6473	131.9417	  9.9595	118.0917	  1.8076
 19.6517	131.0333	  9.9480	118.3042	  1.8080
 19.6850	131.2875	  9.9539	118.7083	  1.8076
 19.6683	131.3875	  9.9599	118.3792	  1.8080
 19.6652	130.7333	  9.9493	118.4458	  1.8074
 19.6400	131.2833	  9.9567	118.6417	  1.8077
 19.6808	131.3583	  9.9610	118.7375	  1.8078
 19.6513	131.6542	  9.9466	118.3583	  1.8079
 19.6477	130.9000	  9.9631	118.5375	  1.8079
 19.6671	131.4833	  9.9700	118.2875	  1.8073
 19.6625	131.0083	  9.9481	118.5250	  1.8082
 19.6585	130.9667	  9.9589	118.9958	  1.8077
 19.6779	131.6292	  9.9604	118.5875	  1.8075
 19.6502	130.7542	  9.9612	118.5708	  1.8076
 19.6750	131.4167	  9.9715	118.5375	  1.8081
 19.6665	131.0917	  9.9563	118.0667	  1.8081
 19.6711	131.9500	  9.9629	118.7208	  1.8075
 19.6613	131.4500	  9.9428	118.6208	  1.8074
 19.6648	131.5167	  9.9512	117.8000	  1.8080
 19.6594	130.9125	  9.9536	118.5000	  1.8083
 19.6488	131.0875	  9.9592	118.5083	  1.8074
 19.6536	131.3542	  9.9392	118.2333	  1.8081
 19.6461	131.1750	  9.9596	118.2375	  1.8075
 19.6512	131.0125	  9.9389	118.5125	  1.8081
 19.6637	131.4958	  9.9526	118.2333	  1.8076
 19.6665	130.9958	  9.9489	118.1208	  1.8080
 19.6677	130.9875	  9.9543	118.2750	  1.8071
 19.6816	131.0625	  9.9595	117.9583	  1.8074
 19.6555	131.1708	  9.9736	118.6833	  1.8085
 19.6665	131.4958	  9.9673	118.3500	  1.8080
 19.6538	131.1542	  9.9664	118.9292	  1.8081
 19.6778	132.1792	  9.9613	119.0500	  1.8081
 19.6553	131.3417	  9.9525	118.3750	  1.8078
 19.6655	131.7750	  9.9548	119.0958	  1.8074
 19.6515	131.1458	  9.9452	118.6208	  1.8075
 19.6691	131.0000	  9.9611	118.3292	  1.8072
 19.6585	131.2625	  9.9690	118.4458	  1.8079
 19.6563	130.9000	  9.9569	118.5583	  1.8074
 19.6698	131.5167	  9.9557	118.0167	  1.8075
 19.6656	131.4833	  9.9499	118.3458	  1.8076
 19.6617	131.0958	  9.9556	118.2125	  1.8079
 19.6617	131.7375	  9.9502	118.4250	  1.8077
 19.6474	131.0667	  9.9769	118.9250	  1.8083
 19.6510	130.8167	  9.9638	118.5042	  1.8075
 19.6598	130.9958	  9.9714	118.0750	  1.8079
 19.6729	131.0417	  9.9564	118.3292	  1.8077
 19.6662	131.3167	  9.9464	118.2292	  1.8076
 19.6765	130.7625	  9.9730	118.7875	  1.8076
 19.6731	131.2125	  9.9514	118.6667	  1.8074
 19.6550	131.3667	  9.9504	118.6750	  1.8080
 19.6458	131.2625	  9.9440	118.6458	  1.8076
 19.6721	131.5167	  9.9644	118.3958	  1.8080
 19.6403	131.1542	  9.9508	118.4208	  1.8084
 19.6504	131.6250	  9.9436	118.5833	  1.8083
 19.6619	130.8583	  9.9617	118.4625	  1.8079
 19.6652	131.4167	  9.9738	119.0583	  1.8075
 19.6719	130.5083	  9.9360	118.4542	  1.8079
 19.6663	131.2583	  9.9406	118.1667	  1.8078
 19.6542	131.1417	  9.9577	118.6500	  1.8083
 19.6703	130.5708	  9.9754	118.4875	  1.8077
 19.6643	131.3375	  9.9440	118.7167	  1.8081
 19.6812	131.8000	  9.9490	118.5208	  1.8078
 19.6548	131.1083	  9.9651	118.8292	  1.8081
 19.6581	131.1125	  9.9465	118.8917	  1.8081
 19.6471	131.9625	  9.9488	118.3208	  1.8080
 19.6492	132.0000	  9.9690	118.2458	  1.8080
 19.6482	130.6083	  9.9560	118.2292	  1.8074
 19.6594	131.1500	  9.9889	117.8792	  1.8077
 19.6544	131.3250	  9.9636	118.4708	  1.8079
 19.6755	131.3792	  9.9441	119.0417	  1.8080
 19.6723	130.6292	  9.9504	118.7250	  1.8082
 19.6413	131.6208	  9.9520	118.6792	  1.8073
 19.6559	131.2542	  9.9814	118.4417	  1.8075
 19.6631	131.1958	  9.9622	118.6708	  1.8081
 19.6580	131.5542	  9.9522	118.3667	  1.8078
 19.6588	131.1542	  9.9561	118.2792	  1.8081
 19.6626	131.1000	  9.9648	119.0000	  1.8080
 19.6506	130.6708	  9.9479	118.0792	  1.8075
 19.6537	130.8500	  9.9549	118.1833	  1.8084
 19.6631	131.6417	  9.9590	118.7917	  1.8080
 19.6655	131.2167	  9.9494	118.7875	  1.8082
 19.6761	131.6250	  9.9491	118.5125	  1.8083
 19.6524	131.6417	  9.9797	118.6000	  1.8080
 19.6588	130.7292	  9.9565	118.9000	  1.8078
 19.6630	131.3375	  9.9552	118.7167	  1.8075
 19.6661	131.4000	  9.9676	118.2417	  1.8071
 19.6648	130.8500	  9.9564	118.3000	  1.8078
 19.6614	130.8333	  9.9566	118.7250	  1.8081
 19.6615	131.2958	  9.9498	118.1875	  1.8080
 19.6775	130.9417	  9.9633	118.2042	  1.8083
 19.6613	130.5750	  9.9583	118.3958	  1.8078
 19.6557	131.4667	  9.9624	118.1125	  1.8082
 19.6765	130.4583	  9.9279	118.4833	  1.8083
 19.6587	131.0625	  9.9482	118.5458	  1.8077
 19.6417	131.5542	  9.9406	118.1875	  1.8079
 19.6746	131.7375	  9.9608	118.6500	  1.8083
 19.6729	131.9333	  9.9587	119.0083	  1.8075
 19.6707	131.5125	  9.9692	118.6708	  1.8073
 19.6537	130.9708	  9.9520	118.0667	  1.8076
 19.6583	130.9375	  9.9579	118.9208	  1.8072
 19.6658	131.1333	  9.9491	118.7750	  1.8081
 19.6757	131.6542	  9.9559	118.5833	  1.8077
 19.6578	131.1917	  9.9603	118.3125	  1.8078
 19.6714	130.7083	  9.9753	118.4167	  1.8076
 19.6695	131.4167	  9.9495	119.0125	  1.8083
 19.6756	131.1708	  9.9468	118.3083	  1.8073
 19.6699	131.5333	  9.9569	118.3667	  1.8087
 19.6524	131.0625	  9.9468	117.7792	  1.8081
 19.6446	130.9042	  9.9420	117.9917	  1.8074
 19.6562	131.5792	  9.9344	117.9833	  1.8077
 19.6523	131.2958	  9.9588	118.0833	  1.8080
 19.6574	130.7667	  9.9670	117.9708	  1.8077
 19.6521	131.5417	  9.9527	118.8958	  1.8077
 19.6465	131.4750	  9.9624	118.4375	  1.8078
 19.6629	131.7625	  9.9621	117.8042	  1.8077
 19.6468	130.9417	  9.9694	118.2958	  1.8079
 19.6598	131.4750	  9.9518	118.3208	  1.8077
 19.6653	131.1250	  9.9842	118.7500	  1.8078
 19.6435	131.1042	  9.9606	118.7083	  1.8077
 19.6735	131.5125	  9.9704	119.0708	  1.8086
 19.6669	131.5833	  9.9640	119.0292	  1.8081
 19.6607	131.6250	  9.9763	117.9708	  1.8079
 19.6606	131.6125	  9.9623	117.9542	  1.8073
 19.6723	131.2000	  9.9502	118.4958	  1.8077
 19.6724	131.1667	  9.9538	118.4250	  1.8075
 19.6763	131.1667	  9.9546	118.1667	  1.8077
 19.6534	131.3625	  9.9622	118.9083	  1.8081
 19.6591	130.6625	  9.9645	118.4417	  1.8082
 19.6566	131.3208	  9.9512	117.8625	  1.8078
 19.6513	130.7708	  9.9658	118.9583	  1.8075
 19.6648	131.5875	  9.9380	118.1958	  1.8075
 19.6624	130.8583	  9.9558	118.9417	  1.8067
 19.6722	131.0375	  9.9551	118.6625	  1.8076
 19.6795	131.2000	  9.9473	119.0167	  1.8077
 19.6498	131.6250	  9.9560	118.7500	  1.8076
 19.6722	131.3125	  9.9511	118.4333	  1.8078
 19.6837	130.7375	  9.9453	118.2000	  1.8079
 19.6618	130.8000	  9.9482	118.2083	  1.8073
 19.6654	130.9000	  9.9514	118.4083	  1.8071
 19.6818	131.5417	  9.9566	118.7583	  1.8075
 19.6732	131.1375	  9.9706	118.6250	  1.8080
 19.6603	130.9083	  9.9471	118.1042	  1.8070
 19.6704	131.4417	  9.9477	118.4583	  1.8081
 19.6477	131.7125	  9.9689	119.0333	  1.8077
 19.6709	130.9750	  9.9490	118.4458	  1.8080
 19.6472	131.2042	  9.9551	118.2208	  1.8077
 19.6659	131.3875	  9.9874	118.3542	  1.8084
 19.6552	131.3625	  9.9680	118.7500	  1.8079
 19.6646	130.9833	  9.9614	118.4167	  1.8080
 19.6795	131.5792	  9.9630	118.7750	  1.8080
 19.6691	131.3250	  9.9653	118.5875	  1.8078
 19.6655	130.9083	  9.9628	118.0000	  1.8081
 19.6538	131.1625	  9.9744	118.2792	  1.8072
 19.6795	131.4042	  9.9530	118.5292	  1.8077
 19.6767	131.0125	  9.9770	118.2542	  1.8079
 19.6632	131.8167	  9.9627	118.1542	  1.8070
 19.6747	131.2542	  9.9433	118.5500	  1.8074
 19.6520	130.6417	  9.9561	118.3875	  1.8079
 19.6597	130.9250	  9.9513	118.3917	  1.8079
 19.6724	131.6583	  9.9625	118.6167	  1.8075
 19.6643	130.9958	  9.9418	118.4917	  1.8078
 19.6596	131.1500	  9.9344	118.1833	  1.8077
 19.6679	131.2042	  9.9273	118.5833	  1.8075
 19.6658	130.8583	  9.9545	118.7750	  1.8079
 19.6606	131.0625	  9.9437	118.7542	  1.8077
 19.6732	131.0417	  9.9423	118.9792	  1.8079
 19.6612	131.2125	  9.9630	118.5083	  1.8082
 19.6825	131.4208	  9.9580	118.7375	  1.8080
 19.6542	131.5333	  9.9565	118.6125	  1.8078
 19.6514	131.0208	  9.9584	119.2542	  1.8077
 19.6592	130.6833	  9.9474	118.2375	  1.8077
 19.6635	131.2625	  9.9654	118.4292	  1.8071
 19.6637	131.4833	  9.9434	118.5125	  1.8076
 19.6760	131.0000	  9.9796	118.6125	  1.8074
 19.6572	131.5958	  9.9484	118.7000	  1.8078
 19.6467	130.5667	  9.9515	118.9375	  1.8074
 19.6808	131.8417	  9.9553	118.8542	  1.8070
 19.6635	131.5917	  9.9530	118.4958	  1.8069
 19.6595	131.7708	  9.9552	118.8125	  1.8082
 19.6649	131.6792	  9.9396	118.6667	  1.8080
 19.6727	131.8417	  9.9661	118.4792	  1.8075
 19.6589	130.7750	  9.9399	118.0292	  1.8082
 19.6634	130.8042	  9.9474	118.6208	  1.8075
 19.6715	131.6542	  9.9617	118.6667	  1.8079
 19.6715	131.1125	  9.9610	119.0500	  1.8084
 19.6663	130.4458	  9.9468	118.5667	  1.8077
 19.6778	131.7375	  9.9529	118.9458	  1.8078
 19.6721	131.2458	  9.9535	119.0333	  1.8085
 19.6727	130.7458	  9.9584	118.4042	  1.8081
 19.6798	131.0208	  9.9582	118.3000	  1.8081
 19.6577	130.4500	  9.9676	118.3708	  1.8081
 19.6645	131.6000	  9.9524	118.6708	  1.8075
 19.6500	130.9792	  9.9641	118.9042	  1.8083
 19.6537	131.0792	  9.9643	118.3042	  1.8076
 19.6639	131.6667	  9.9651	118.6083	  1.8075
 19.6649	131.0250	  9.9500	118.0833	  1.8078
 19.6594	131.3292	  9.9685	118.2167	  1.8078
 19.6587	131.4000	  9.9583	117.9083	  1.8080
 19.6591	131.1583	  9.9453	118.2125	  1.8081
 19.6599	131.0375	  9.9731	118.3292	  1.8078
