P8010116.392479
GADANKI 01/01/1980 16:38:18 01/01/1980 16:39:25 0350 0079.2 0013.4 00
0000000 0020 0001200 0020 05
1 0 2 02000 1 0000 0030 00532.o 0 0 00 000 14 001200 0.100 BT0
1 1 2 02000 1 0000 0030 00532.o 0 0 00 000 00 001200 0.0000 BC0
1 0 2 02000 1 0000 0030 00532.p 0 0 00 000 14 001200 0.100 BT1
1 1 2 02000 1 0000 0030 00532.p 0 0 00 000 00 001200 0.0000 BC1
1 0 2 02000 1 0000 0030 01064.o 0 0 00 000 14 001200 0.100 BT2
532.000 .o analog 0 	532.000 .o photon 0 	532.000 .p analog 1 	532.000 .p photon 1 	1064.000 .o analog 2 
 20.4065	113.2333	 12.0638	 94.2333	  1.8103
 21.3911	147.4542	 12.4785	121.6292	  1.8118
 95.0671	144.0333	 47.2492	120.9375	  1.8109
 99.9743	140.4208	 29.6816	119.4042	  1.8110
 90.0039	137.9333	 26.5714	118.6042	  1.8104
 63.6524	136.9667	 21.7852	118.0167	  1.8099
 48.3203	135.1917	 18.5182	117.5083	  1.8107
 39.3734	134.2708	 16.5238	117.3708	  1.8100
 33.8545	133.0292	 15.2918	115.9417	  1.8106
 30.3232	132.7042	 14.5000	116.4125	  1.8108
 27.9483	132.3042	 13.9492	115.7208	  1.8104
 26.2424	132.6750	 13.5310	116.1708	  1.8103
 25.0321	131.2750	 13.2340	116.2250	  1.8108
 24.1461	132.4042	 13.0154	115.9042	  1.8105
 23.4673	131.4917	 12.8494	115.3375	  1.8111
 22.9505	131.9375	 12.7260	114.7417	  1.8105
 22.5694	131.7875	 12.6135	115.8875	  1.8111
 22.2201	131.9125	 12.5453	115.5833	  1.8109
 21.9733	131.5000	 12.4768	115.2042	  1.8106
 21.7583	130.8042	 12.4288	115.6708	  1.8104
 21.5924	131.0083	 12.3755	114.9375	  1.8104
 21.4209	131.1917	 12.3414	115.3292	  1.8106
 21.3083	131.0625	 12.3178	115.1333	  1.8112
 21.2309	130.6250	 12.2681	115.5708	  1.8106
 21.1144	130.5375	 12.2711	115.2917	  1.8105
 21.0457	131.0000	 12.2209	115.3250	  1.8108
 20.9773	130.8333	 12.2186	115.2250	  1.8100
 20.9049	130.0458	 12.2079	115.7917	  1.8106
 20.8594	131.1542	 12.1854	115.4458	  1.8112
 20.7919	130.7125	 12.1665	115.1875	  1.8108
 20.7561	130.9750	 12.1679	115.3792	  1.8110
 20.7164	130.4375	 12.1551	115.0750	  1.8105
 20.6972	131.0042	 12.1528	114.4208	  1.8109
 20.6802	130.5042	 12.1404	115.6917	  1.8108
 20.6413	130.1042	 12.1425	115.7417	  1.8111
 20.6357	130.8667	 12.1257	115.1667	  1.8107
 20.6021	130.6000	 12.1337	115.2083	  1.8111
 20.5660	130.4750	 12.1118	114.9042	  1.8107
 20.5326	130.3042	 12.1030	115.1792	  1.8115
 20.5102	131.2792	 12.0887	115.5500	  1.8108
 20.4995	130.7708	 12.0963	115.0458	  1.8106
 20.4649	130.7833	 12.0857	114.8583	  1.8110
 20.4517	130.7833	 12.0760	114.6667	  1.8109
 20.4410	130.7667	 12.0624	115.6000	  1.8107
 20.4324	130.2917	 12.0654	115.5917	  1.8113
 20.4199	130.8750	 12.0640	115.2625	  1.8108
 20.4420	130.6042	 12.0713	114.9542	  1.8110
 20.3975	130.6833	 12.0689	115.1958	  1.8113
 20.3952	130.6292	 12.0659	115.2625	  1.8106
 20.4314	130.4958	 12.0693	115.2583	  1.8110
 20.3999	130.7292	 12.0646	115.3083	  1.8113
 20.4055	130.4292	 12.0695	115.4917	  1.8107
 20.3988	130.6083	 12.0619	115.3667	  1.8109
 20.3937	130.4958	 12.0643	114.7958	  1.8116
 20.3859	130.2083	 12.0591	115.1167	  1.8107
 20.4052	130.5250	 12.0729	115.3875	  1.8109
 20.3931	130.5708	 12.0440	114.8542	  1.8108
 20.3888	130.3875	 12.0541	115.1000	  1.8110
 20.3820	130.8125	 12.0645	115.1417	  1.8109
 20.3791	130.3042	 12.0475	115.7750	  1.8107
 20.3592	130.7333	 12.0643	115.1708	  1.8109
 20.3926	130.5250	 12.0573	114.8625	  1.8111
 20.3844	131.0208	 12.0479	115.4667	  1.8101
 20.4072	130.2917	 12.0674	115.3375	  1.8103
 20.3620	130.6208	 12.0580	115.3792	  1.8107
 20.3846	130.6875	 12.0627	115.8250	  1.8108
 20.3988	129.7042	 12.0602	114.7333	  1.8107
 20.3750	130.9167	 12.0688	114.8250	  1.8110
 20.3810	131.0958	 12.0618	114.8083	  1.8113
 20.3776	130.7417	 12.0636	115.5792	  1.8105
 20.3937	131.0833	 12.0705	115.2458	  1.8111
 20.3834	130.7042	 12.0559	115.5083	  1.8104
 20.3922	130.4917	 12.0651	115.1500	  1.8105
 20.3850	130.4750	 12.0647	114.4708	  1.8109
 20.3799	130.4833	 12.0561	115.2542	  1.8103
 20.3781	130.2583	 12.0544	115.7000	  1.8112
 20.3865	130.4667	 12.0662	115.2875	  1.8104
 20.3732	130.3375	 12.0609	114.7125	  1.8111
 20.3864	130.6667	 12.0574	114.8833	  1.8110
 20.3781	130.7125	 12.0461	115.2708	  1.8101
 20.3920	130.7875	 12.0612	115.8458	  1.8106
 20.3750	130.4542	 12.0492	114.9458	  1.8105
 20.3842	130.6583	 12.0631	115.6875	  1.8104
 20.3797	130.7333	 12.0396	115.6125	  1.8112
 20.3860	130.7000	 12.0547	115.2500	  1.8110
 20.3793	130.4667	 12.0442	115.5000	  1.8106
 20.3872	130.4917	 12.0582	115.3542	  1.8106
 20.3703	130.9833	 12.0531	115.2375	  1.8103
 20.3804	130.0458	 12.0556	115.2667	  1.8108
 20.3827	130.6917	 12.0732	115.2000	  1.8113
 20.3820	130.4417	 12.0472	115.0417	  1.8110
 20.3844	130.2292	 12.0678	115.1917	  1.8105
 20.3720	130.7000	 12.0681	114.5167	  1.8100
 20.3877	131.0583	 12.0543	114.8000	  1.8116
 20.3679	130.4667	 12.0482	115.3333	  1.8113
 20.3915	130.5792	 12.0487	115.9333	  1.8112
 20.3826	130.6750	 12.0646	115.1375	  1.8107
 20.3702	130.9917	 12.0640	116.2333	  1.8107
 20.3637	130.3792	 12.0669	115.4375	  1.8100
 20.3961	130.9542	 12.0673	115.1458	  1.8104
 20.3666	130.6167	 12.0700	115.4917	  1.8113
 20.3775	131.0833	 12.0546	115.6833	  1.8111
 20.3673	130.8042	 12.0405	115.2458	  1.8112
 20.3668	130.3583	 12.0558	115.1500	  1.8104
 20.3893	130.6333	 12.0708	114.6583	  1.8107
 20.3637	130.4208	 12.0538	115.1208	  1.8106
 20.3750	130.2708	 12.0511	115.5667	  1.8106
 20.3902	130.6500	 12.0550	115.1917	  1.8108
 20.3805	131.2667	 12.0562	115.3792	  1.8109
 20.3786	130.9083	 12.0317	114.5125	  1.8107
 20.3936	130.1667	 12.0651	115.3792	  1.8104
 20.3967	130.7667	 12.0743	115.3000	  1.8107
 20.3850	130.6708	 12.0701	114.7042	  1.8107
 20.3738	130.7042	 12.0621	115.9625	  1.8103
 20.3810	130.3917	 12.0449	115.2083	  1.8110
 20.3795	130.3042	 12.0510	115.1792	  1.8107
 20.3780	130.8708	 12.0618	115.1167	  1.8108
 20.3755	131.1833	 12.0569	114.8583	  1.8103
 20.3855	130.9208	 12.0674	114.9250	  1.8107
 20.3756	130.6042	 12.0730	115.5333	  1.8108
 20.3634	130.6792	 12.0562	115.2750	  1.8110
 20.3953	130.5333	 12.0568	115.6500	  1.8114
 20.3851	130.6375	 12.0496	115.5542	  1.8113
 20.3798	130.8167	 12.0484	115.7250	  1.8106
 20.3809	130.1208	 12.0583	115.3458	  1.8107
 20.3828	130.1625	 12.0590	115.1917	  1.8103
 20.3678	131.1208	 12.0641	115.0875	  1.8114
 20.3854	130.7875	 12.0430	115.2625	  1.8104
 20.3829	130.7208	 12.0417	115.2708	  1.8111
 20.3610	131.0042	 12.0472	115.3667	  1.8108
 20.3839	131.0458	 12.0515	115.6750	  1.8111
 20.3818	130.5708	 12.0570	114.6833	  1.8106
 20.3648	130.9792	 12.0601	115.4333	  1.8104
 20.3881	130.4792	 12.0578	115.7833	  1.8112
 20.3757	130.6000	 12.0653	115.0500	  1.8107
 20.3951	130.6958	 12.0593	115.7250	  1.8104
 20.3724	130.7042	 12.0461	115.7500	  1.8111
 20.3851	130.3583	 12.0609	115.4000	  1.8103
 20.4124	130.4958	 12.0476	115.2667	  1.8107
 20.3797	131.1417	 12.0579	115.1792	  1.8104
 20.3821	130.5917	 12.0721	115.3583	  1.8110
 20.3764	129.9500	 12.0641	115.1875	  1.8112
 20.3834	130.6250	 12.0476	114.6167	  1.8102
 20.3823	130.0083	 12.0621	115.9167	  1.8106
 20.3803	130.7958	 12.0622	114.6750	  1.8107
 20.3715	130.6333	 12.0594	115.4667	  1.8101
 20.3712	130.7417	 12.0611	115.5917	  1.8104
 20.3780	130.6958	 12.0729	115.5292	  1.8108
 20.3705	130.9333	 12.0605	114.5625	  1.8103
 20.3927	130.0667	 12.0627	114.9833	  1.8108
 20.3841	131.0792	 12.0607	115.0375	  1.8113
 20.3619	130.3750	 12.0654	114.9958	  1.8106
 20.3764	130.4417	 12.0672	115.6167	  1.8113
 20.3737	129.7833	 12.0574	115.5500	  1.8111
 20.3834	130.3083	 12.0573	114.8875	  1.8107
 20.3752	131.0000	 12.0618	115.2583	  1.8105
 20.3827	130.3875	 12.0630	115.5875	  1.8107
 20.3736	131.0042	 12.0604	115.2375	  1.8110
 20.3809	130.1667	 12.0670	115.4375	  1.8106
 20.3721	130.3208	 12.0607	115.1667	  1.8109
 20.3894	130.3000	 12.0589	115.5000	  1.8103
 20.3826	130.4625	 12.0361	115.0208	  1.8107
 20.3957	131.1167	 12.0468	115.2000	  1.8102
 20.3549	130.4542	 12.0491	115.2958	  1.8105
 20.3835	131.0875	 12.0560	114.6458	  1.8107
 20.3851	130.7875	 12.0614	115.0833	  1.8103
 20.3969	130.4917	 12.0638	114.9458	  1.8105
 20.3811	130.4167	 12.0540	115.4375	  1.8107
 20.3849	130.5875	 12.0759	115.4917	  1.8106
 20.3939	130.6083	 12.0577	115.2208	  1.8104
 20.3763	131.1042	 12.0472	115.1208	  1.8108
 20.3827	130.3708	 12.0771	115.1792	  1.8109
 20.3687	129.8542	 12.0525	115.7958	  1.8109
 20.3856	130.2083	 12.0636	115.3625	  1.8108
 20.3870	130.5958	 12.0391	115.6708	  1.8108
 20.3900	130.4750	 12.0573	114.9708	  1.8104
 20.3840	130.4375	 12.0552	114.5625	  1.8103
 20.3661	130.7583	 12.0589	115.1042	  1.8102
 20.3608	130.2708	 12.0430	115.2792	  1.8108
 20.3755	130.3542	 12.0589	115.3375	  1.8106
 20.3829	130.1667	 12.0568	115.2792	  1.8104
 20.3982	130.9000	 12.0654	115.7583	  1.8111
 20.3717	130.8417	 12.0468	114.9875	  1.8104
 20.3655	130.5917	 12.0501	114.9083	  1.8108
 20.3717	130.4292	 12.0631	115.0667	  1.8106
 20.3920	130.9542	 12.0597	114.8167	  1.8106
 20.3739	130.9167	 12.0531	115.4583	  1.8107
 20.3831	129.9625	 12.0645	114.7625	  1.8106
 20.3943	131.0917	 12.0431	115.1625	  1.8104
 20.3867	129.9208	 12.0485	115.7250	  1.8106
 20.3844	130.1042	 12.0329	115.0375	  1.8106
 20.3887	130.0125	 12.0542	115.6083	  1.8109
 20.4062	130.3417	 12.0553	115.4792	  1.8106
 20.3695	131.1958	 12.0659	115.6292	  1.8108
 20.3808	131.1083	 12.0619	115.8083	  1.8105
 20.3834	131.4833	 12.0654	115.3458	  1.8103
 20.3784	130.6292	 12.0634	115.8583	  1.8109
 20.3753	130.1583	 12.0577	115.2708	  1.8108
 20.3908	130.8958	 12.0395	115.3625	  1.8105
 20.4064	131.2125	 12.0599	115.5125	  1.8104
 20.3893	130.4125	 12.0594	115.8750	  1.8117
 20.4016	130.2208	 12.0411	115.5708	  1.8109
 20.3688	130.6500	 12.0575	115.1167	  1.8109
 20.3819	130.6167	 12.0610	115.0250	  1.8107
 20.3779	130.6542	 12.0587	114.9625	  1.8108
 20.3784	130.7000	 12.0455	114.9458	  1.8106
 20.3804	129.7375	 12.0533	115.5333	  1.8112
 20.3968	130.3917	 12.0711	115.3500	  1.8105
 20.4014	130.2250	 12.0574	115.2167	  1.8105
 20.3805	131.1000	 12.0494	115.6583	  1.8102
 20.3762	130.2458	 12.0542	115.0042	  1.8105
 20.3896	130.8000	 12.0617	115.4625	  1.8100
 20.3834	130.0500	 12.0370	114.9417	  1.8104
 20.3960	131.0250	 12.0571	115.6250	  1.8103
 20.3799	130.9667	 12.0554	115.6583	  1.8111
 20.3924	130.5333	 12.0641	114.8458	  1.8105
 20.3957	131.0167	 12.0615	115.0208	  1.8110
 20.3885	130.0667	 12.0684	115.6292	  1.8109
 20.3786	130.7125	 12.0518	114.9250	  1.8109
 20.3847	130.6333	 12.0368	115.5750	  1.8109
 20.3774	130.5792	 12.0413	115.3833	  1.8109
 20.3721	130.1625	 12.0529	114.8833	  1.8113
 20.3646	130.4792	 12.0597	115.5125	  1.8108
 20.3900	130.5875	 12.0402	115.6208	  1.8103
 20.3898	130.2875	 12.0653	115.5458	  1.8107
 20.3798	130.7917	 12.0492	115.4375	  1.8107
 20.3867	131.0708	 12.0539	115.3042	  1.8104
 20.3961	130.5750	 12.0806	115.4500	  1.8113
 20.4096	130.8875	 12.0567	115.2000	  1.8104
 20.3872	130.4000	 12.0516	115.7458	  1.8102
 20.4031	131.1042	 12.0538	115.5708	  1.8104
 20.3716	130.4917	 12.0681	115.3958	  1.8113
 20.3675	131.0125	 12.0493	115.3042	  1.8106
 20.3800	131.1375	 12.0399	115.5958	  1.8107
 20.3854	130.3500	 12.0472	115.3458	  1.8109
 20.3848	130.5208	 12.0623	114.6792	  1.8109
 20.3869	131.0708	 12.0401	115.5917	  1.8106
 20.3812	130.1542	 12.0642	115.3500	  1.8108
 20.3787	130.7500	 12.0687	115.3833	  1.8105
 20.3808	130.2667	 12.0494	115.5333	  1.8108
 20.3686	130.4750	 12.0689	115.1458	  1.8105
 20.3954	130.8167	 12.0603	115.0167	  1.8109
 20.3910	130.9042	 12.0540	115.2083	  1.8105
 20.3858	130.1792	 12.0621	115.4125	  1.8111
 20.3919	130.9792	 12.0386	115.2417	  1.8112
 20.3673	130.6667	 12.0640	115.2583	  1.8105
 20.3769	130.7208	 12.0566	115.8625	  1.8111
 20.3817	130.7375	 12.0766	115.1125	  1.8107
 20.3866	130.8292	 12.0392	115.1958	  1.8106
 20.3902	130.5167	 12.0557	115.1667	  1.8116
 20.3842	130.0667	 12.0563	115.2875	  1.8108
 20.3995	131.1125	 12.0760	115.6167	  1.8101
 20.3892	130.6417	 12.0592	115.2708	  1.8108
 20.3848	130.7958	 12.0609	115.7375	  1.8114
 20.3720	130.6708	 12.0616	115.0417	  1.8110
 20.3832	130.9000	 12.0746	114.6292	  1.8104
 20.3969	130.6875	 12.0707	114.8917	  1.8109
 20.3846	130.6333	 12.0545	115.7375	  1.8101
 20.3754	131.1000	 12.0660	115.5000	  1.8110
 20.3780	130.8542	 12.0620	115.5458	  1.8107
 20.3670	130.6750	 12.0518	114.8458	  1.8107
 20.3819	130.9250	 12.0516	115.4458	  1.8101
 20.3863	131.0792	 12.0455	115.5042	  1.8106
 20.3818	131.0917	 12.0443	115.3542	  1.8107
 20.3948	130.5167	 12.0589	115.1333	  1.8110
 20.3697	130.8417	 12.0656	115.7417	  1.8106
 20.3856	130.6000	 12.0495	115.0708	  1.8107
 20.3850	131.1042	 12.0661	114.4917	  1.8103
 20.4026	130.2917	 12.0660	115.2083	  1.8101
 20.3985	130.6042	 12.0434	115.3583	  1.8106
 20.3848	130.5375	 12.0705	115.1333	  1.8111
 20.3772	130.8083	 12.0666	115.5875	  1.8109
 20.3859	129.9250	 12.0420	115.6292	  1.8108
 20.3847	130.2792	 12.0436	115.5625	  1.8105
 20.3912	130.1083	 12.0590	114.8417	  1.8111
 20.3826	130.0042	 12.0637	115.3792	  1.8110
 20.3913	130.6958	 12.0518	115.8917	  1.8111
 20.3862	129.9708	 12.0638	115.4500	  1.8106
 20.3923	130.5958	 12.0688	115.7542	  1.8108
 20.3734	131.1250	 12.0566	115.7625	  1.8116
 20.3851	130.7250	 12.0741	114.9708	  1.8100
 20.3722	130.5083	 12.0390	115.3292	  1.8103
 20.3899	130.5833	 12.0560	115.2125	  1.8110
 20.3841	131.1792	 12.0566	114.9042	  1.8105
 20.3864	130.0958	 12.0581	115.5125	  1.8109
 20.3891	130.8375	 12.0319	115.7542	  1.8109
 20.3785	130.4167	 12.0740	114.6792	  1.8108
 20.3821	130.7375	 12.0594	115.4917	  1.8103
 20.4005	131.3083	 12.0597	115.7875	  1.8111
 20.3845	130.1500	 12.0581	115.1958	  1.8112
 20.3851	130.7917	 12.0671	114.7792	  1.8109
 20.3775	130.8917	 12.0537	115.7417	  1.8108
 20.3744	130.3000	 12.0550	115.7500	  1.8107
 20.3892	130.0667	 12.0567	115.0250	  1.8109
 20.3818	130.3292	 12.0713	114.7458	  1.8104
 20.4108	130.5500	 12.0521	114.5875	  1.8102
 20.3780	130.1542	 12.0538	114.9583	  1.8108
 20.3918	130.9083	 12.0642	115.5625	  1.8103
 20.3737	130.6208	 12.0484	115.4917	  1.8104
 20.3765	130.6750	 12.0498	115.2000	  1.8109
 20.3900	131.0667	 12.0648	115.4250	  1.8106
 20.4060	130.2042	 12.0603	115.4708	  1.8105
 20.3912	130.9625	 12.0475	114.8625	  1.8104
 20.3846	130.9708	 12.0770	115.5083	  1.8111
 20.3835	130.8625	 12.0615	115.6167	  1.8105
 20.3731	131.0375	 12.0743	115.5042	  1.8110
 20.3840	130.9625	 12.0558	114.9542	  1.8113
 20.3740	130.6833	 12.0724	115.1042	  1.8114
 20.3735	130.5250	 12.0609	114.9875	  1.8105
 20.3898	130.5417	 12.0496	115.0292	  1.8109
 20.3895	131.1208	 12.0695	115.4750	  1.8111
 20.3831	130.5208	 12.0547	115.5542	  1.8109
 20.3822	130.2458	 12.0466	114.6500	  1.8110
 20.3771	130.4833	 12.0707	116.3625	  1.8109
 20.3942	131.0417	 12.0714	115.5375	  1.8102
 20.3875	130.5625	 12.0650	115.5250	  1.8106
 20.4002	130.3333	 12.0643	115.0833	  1.8105
 20.3831	129.9833	 12.0480	115.4333	  1.8107
 20.3875	130.5417	 12.0515	115.0458	  1.8106
 20.3784	131.0542	 12.0467	114.9167	  1.8109
 20.3671	130.2542	 12.0527	115.7583	  1.8103
 20.3830	131.0000	 12.0508	115.5875	  1.8107
 20.3864	130.5542	 12.0505	115.1958	  1.8108
 20.3826	130.4917	 12.0559	114.6833	  1.8106
 20.4222	131.2125	 12.0542	115.3083	  1.8103
 20.3923	130.6875	 12.0724	115.0792	  1.8107
 20.3769	129.9375	 12.0459	115.5958	  1.8103
 20.3736	130.3625	 12.0512	115.6917	  1.8108
 20.3864	131.4875	 12.0612	115.2333	  1.8108
 20.3815	131.1333	 12.0647	115.5208	  1.8107
 20.3799	130.4583	 12.0435	115.2292	  1.8108
 20.3727	130.6083	 12.0574	115.2083	  1.8106
 20.3888	130.7042	 12.0467	115.3042	  1.8106
 20.3754	130.7083	 12.0562	115.6083	  1.8106
 20.3940	130.9167	 12.0489	115.1333	  1.8106
 20.3965	130.6833	 12.0538	115.7792	  1.8101
 20.4018	130.8833	 12.0667	115.3333	  1.8105
 20.3917	130.4583	 12.0609	115.4625	  1.8108
 20.3731	130.0792	 12.0426	115.1458	  1.8105
 20.3733	131.0208	 12.0560	114.8583	  1.8105
 20.3828	129.8625	 12.0558	115.3875	  1.8105
 20.3879	130.3125	 12.0609	115.1292	  1.8103
 20.3753	130.3458	 12.0548	115.2250	  1.8110
 20.3857	131.1583	 12.0619	115.4000	  1.8108
 20.3972	130.8375	 12.0677	115.6125	  1.8104
 20.3793	130.5083	 12.0707	114.9833	  1.8102
 20.3805	131.0000	 12.0580	115.5708	  1.8104
 20.3830	130.5708	 12.0732	115.5750	  1.8110
 20.3868	130.9375	 12.0599	115.1000	  1.8112
 20.3835	130.2792	 12.0604	115.0208	  1.8102
 20.3847	130.8458	 12.0594	115.6417	  1.8101
 20.3855	130.3958	 12.0465	115.1292	  1.8104
 20.3803	130.5583	 12.0446	115.0542	  1.8105
 20.3884	130.0375	 12.0501	115.5833	  1.8108
 20.3929	130.2875	 12.0536	115.0292	  1.8113
 20.3821	130.3458	 12.0615	115.5333	  1.8104
 20.3731	131.0458	 12.0535	115.2042	  1.8106
 20.3786	130.7625	 12.0659	115.4417	  1.8106
 20.3840	130.2208	 12.0619	115.0375	  1.8110
 20.3909	130.6875	 12.0785	115.2958	  1.8104
 20.3858	130.2458	 12.0683	114.9542	  1.8111
 20.3865	129.9750	 12.0471	115.2208	  1.8107
 20.3903	130.5750	 12.0591	115.3250	  1.8110
 20.3775	130.9542	 12.0489	114.8417	  1.8106
 20.3917	130.9000	 12.0553	115.5417	  1.8110
 20.3805	130.5875	 12.0509	114.8458	  1.8109
 20.3763	130.5708	 12.0560	115.3542	  1.8111
 20.3941	131.2250	 12.0689	115.4708	  1.8108
 20.3706	130.6750	 12.0489	115.1125	  1.8103
 20.3851	130.6208	 12.0571	115.6250	  1.8108
 20.3835	130.6125	 12.0677	114.8375	  1.8103
 20.3764	131.0792	 12.0675	115.7833	  1.8106
 20.3856	130.4417	 12.0684	115.1250	  1.8106
 20.3838	130.3042	 12.0615	115.3042	  1.8105
 20.3845	131.0167	 12.0641	115.2458	  1.8103
 20.3840	130.3708	 12.0410	115.3458	  1.8105
 20.3694	130.4083	 12.0488	114.7917	  1.8101
 20.3697	130.2375	 12.0507	114.6083	  1.8111
 20.3836	130.7000	 12.0526	115.5708	  1.8115
 20.3688	130.4583	 12.0554	115.3000	  1.8106
 20.3817	130.0292	 12.0614	114.8875	  1.8107
 20.3756	130.9958	 12.0558	114.9917	  1.8107
 20.3838	130.2625	 12.0590	115.6292	  1.8108
 20.3758	129.7458	 12.0670	115.1875	  1.8113
 20.3763	130.2750	 12.0604	115.8792	  1.8106
 20.3910	130.3167	 12.0391	114.9708	  1.8105
 20.3857	130.7292	 12.0395	115.1708	  1.8107
 20.3811	130.2792	 12.0712	115.3208	  1.8106
 20.3924	130.2542	 12.0633	115.0625	  1.8105
 20.3868	131.0333	 12.0579	115.0917	  1.8104
 20.3829	130.5542	 12.0561	115.6542	  1.8110
 20.3925	130.5208	 12.0716	115.2292	  1.8104
 20.4033	130.4542	 12.0591	114.7583	  1.8109
 20.3836	130.6375	 12.0571	115.4667	  1.8108
 20.3728	130.9042	 12.0586	115.1250	  1.8106
 20.3984	131.0792	 12.0584	115.0208	  1.8111
 20.3779	130.3625	 12.0721	115.1833	  1.8106
 20.3957	130.2833	 12.0416	115.2167	  1.8105
 20.3893	130.5917	 12.0500	115.2833	  1.8106
 20.3966	131.1708	 12.0784	115.1917	  1.8109
 20.3823	130.3792	 12.0517	114.7000	  1.8111
 20.3889	130.7333	 12.0712	115.0333	  1.8107
 20.4015	130.6583	 12.0614	115.1292	  1.8108
 20.4029	130.0875	 12.0549	114.9250	  1.8103
 20.3872	130.4833	 12.0440	115.2250	  1.8112
 20.3958	131.3917	 12.0435	115.0125	  1.8108
 20.3804	130.8125	 12.0504	114.9083	  1.8107
 20.4000	130.6875	 12.0455	115.0083	  1.8106
 20.3773	130.4417	 12.0473	115.5417	  1.8107
 20.3870	130.3917	 12.0480	115.6792	  1.8105
 20.3855	130.5750	 12.0647	115.0833	  1.8106
 20.3729	130.7833	 12.0464	114.9500	  1.8108
 20.3780	130.5125	 12.0555	115.4333	  1.8102
 20.3776	130.9833	 12.0525	115.3333	  1.8110
 20.3936	130.4500	 12.0605	114.5583	  1.8111
 20.3910	130.5958	 12.0515	115.4333	  1.8108
 20.3951	130.8458	 12.0554	115.5792	  1.8101
 20.3860	130.4833	 12.0719	114.9208	  1.8115
 20.3872	130.3625	 12.0603	115.0917	  1.8103
 20.3792	131.0125	 12.0543	115.4875	  1.8107
 20.3705	130.4875	 12.0599	115.6250	  1.8108
 20.4059	130.6542	 12.0721	114.6250	  1.8111
 20.3730	131.1917	 12.0384	115.2083	  1.8107
 20.3918	130.5500	 12.0752	114.6167	  1.8105
 20.3729	131.2208	 12.0729	115.3250	  1.8112
 20.3834	131.1375	 12.0525	115.3417	  1.8109
 20.3822	130.7792	 12.0522	114.9000	  1.8109
 20.3843	130.5958	 12.0470	114.9042	  1.8106
 20.3819	130.9125	 12.0590	115.4208	  1.8110
 20.4007	130.6417	 12.0626	114.9667	  1.8109
 20.3926	130.3167	 12.0681	115.5250	  1.8108
 20.3921	130.6208	 12.0521	114.8708	  1.8100
 20.4157	130.7417	 12.0428	114.7333	  1.8103
 20.3834	130.8167	 12.0592	115.1917	  1.8106
 20.3750	130.2167	 12.0513	114.7792	  1.8112
 20.3872	130.4167	 12.0770	115.4792	  1.8102
 20.3783	130.1708	 12.0431	114.5875	  1.8108
 20.3890	130.0875	 12.0571	115.0333	  1.8101
 20.3712	130.9292	 12.0479	115.1542	  1.8107
 20.3694	130.5708	 12.0513	114.9417	  1.8105
 20.3969	130.6583	 12.0803	114.8000	  1.8104
 20.3792	130.6208	 12.0498	115.6250	  1.8106
 20.3962	130.8208	 12.0581	115.0542	  1.8107
 20.3901	130.4333	 12.0536	115.1292	  1.8107
 20.3735	130.8250	 12.0578	115.3000	  1.8105
 20.3889	130.3208	 12.0572	115.7167	  1.8109
 20.3951	130.6125	 12.0437	114.9958	  1.8108
 20.3793	130.7000	 12.0458	115.7208	  1.8108
 20.3706	130.9125	 12.0593	115.3083	  1.8106
 20.3769	130.7167	 12.0491	116.2000	  1.8108
 20.3956	129.9625	 12.0493	114.9542	  1.8111
 20.3786	130.4208	 12.0450	115.5042	  1.8104
 20.3976	130.7958	 12.0554	115.1417	  1.8101
 20.3865	130.3667	 12.0706	115.3208	  1.8105
 20.3856	131.0833	 12.0404	115.3708	  1.8102
 20.3901	130.7542	 12.0408	115.1917	  1.8105
 20.3737	130.2917	 12.0693	115.4042	  1.8106
 20.3895	130.5208	 12.0452	114.8333	  1.8102
 20.3918	130.4625	 12.0523	115.6708	  1.8106
 20.3978	130.6375	 12.0619	114.5750	  1.8108
 20.3742	130.3333	 12.0585	115.8000	  1.8108
 20.3659	130.6792	 12.0414	114.5792	  1.8103
 20.4042	130.5000	 12.0470	114.9750	  1.8106
 20.3853	130.7083	 12.0596	115.3125	  1.8106
 20.4086	130.5583	 12.0563	115.4708	  1.8108
 20.3960	130.2042	 12.0475	115.4542	  1.8105
 20.4048	130.6333	 12.0497	115.1458	  1.8104
 20.3669	130.1917	 12.0507	114.9167	  1.8107
 20.3966	130.5708	 12.0459	115.4333	  1.8111
 20.3901	130.6167	 12.0711	115.0375	  1.8106
 20.3860	130.1708	 12.0576	114.8542	  1.8103
 20.3954	130.8667	 12.0538	114.8875	  1.8105
 20.3969	130.4083	 12.0594	115.3125	  1.8109
 20.3804	130.3417	 12.0462	115.3250	  1.8108
 20.3903	130.6333	 12.0601	115.3208	  1.8106
 20.3956	130.2042	 12.0632	115.5250	  1.8111
 20.3827	130.3875	 12.0582	115.3833	  1.8110
 20.3804	130.6667	 12.0451	115.6333	  1.8105
 20.3823	130.9208	 12.0710	115.4500	  1.8105
 20.3763	130.5500	 12.0542	114.9500	  1.8105
 20.3797	130.5583	 12.0523	115.1375	  1.8113
 20.3834	130.5333	 12.0677	115.2750	  1.8116
 20.3930	130.6208	 12.0598	115.0375	  1.8108
 20.3840	130.3167	 12.0532	114.8708	  1.8105
 20.3936	130.4375	 12.0675	115.5833	  1.8109
 20.3941	130.9750	 12.0562	115.5583	  1.8109
 20.3785	130.8292	 12.0603	115.3125	  1.8104
 20.3877	130.5500	 12.0569	115.3167	  1.8108
 20.3851	130.4958	 12.0673	114.9083	  1.8104
 20.3869	130.9083	 12.0658	115.3167	  1.8106
 20.3858	130.8833	 12.0533	115.6208	  1.8105
 20.3805	130.2042	 12.0558	114.7583	  1.8098
 20.3809	130.5042	 12.0601	115.7292	  1.8102
 20.3913	130.6833	 12.0535	115.0917	  1.8105
 20.3854	130.9833	 12.0457	115.4333	  1.8115
 20.4162	130.1958	 12.0350	115.0917	  1.8103
 20.3986	130.9000	 12.0654	115.6500	  1.8107
 20.3967	130.5250	 12.0443	114.9833	  1.8110
 20.3591	130.6042	 12.0609	114.7292	  1.8108
 20.3990	130.4375	 12.0608	115.2375	  1.8108
 20.3848	130.9750	 12.0631	115.3542	  1.8105
 20.3934	130.2458	 12.0588	114.9000	  1.8102
 20.3945	130.5375	 12.0511	114.9542	  1.8112
 20.3890	130.3625	 12.0486	115.3417	  1.8107
 20.3910	130.6375	 12.0437	115.5125	  1.8103
 20.3992	130.2625	 12.0583	114.7500	  1.8101
 20.3939	130.6250	 12.0530	114.9875	  1.8114
 20.3970	129.9708	 12.0612	115.6417	  1.8106
 20.4014	130.5542	 12.0719	115.3917	  1.8106
 20.3780	130.6833	 12.0624	115.1083	  1.8111
 20.3912	130.9708	 12.0521	115.0458	  1.8106
 20.3811	130.7417	 12.0537	115.9417	  1.8111
 20.3882	130.6583	 12.0390	115.5667	  1.8104
 20.3815	130.9292	 12.0580	115.0500	  1.8106
 20.3722	130.4292	 12.0398	114.9292	  1.8105
 20.3811	129.9667	 12.0513	115.1750	  1.8111
 20.3938	130.2875	 12.0467	115.2375	  1.8102
 20.3757	130.8917	 12.0372	115.1000	  1.8107
 20.3862	130.3875	 12.0611	114.6458	  1.8101
 20.3927	130.6875	 12.0603	115.8042	  1.8101
 20.3692	130.6500	 12.0468	115.0917	  1.8109
 20.3787	130.2208	 12.0609	115.4625	  1.8107
 20.3726	130.6250	 12.0536	114.6542	  1.8102
 20.3810	130.7292	 12.0523	114.6500	  1.8108
 20.3953	130.4250	 12.0442	114.8167	  1.8109
 20.3968	130.8375	 12.0394	115.1875	  1.8102
 20.3592	130.9333	 12.0566	115.3292	  1.8110
 20.3903	130.5750	 12.0630	115.3792	  1.8109
 20.3798	130.9917	 12.0621	115.1958	  1.8106
 20.3903	130.6958	 12.0532	115.0667	  1.8101
 20.3692	130.3292	 12.0498	115.5125	  1.8108
 20.3923	130.7292	 12.0493	114.5667	  1.8102
 20.3865	131.1208	 12.0575	115.3583	  1.8108
 20.3769	131.4292	 12.0636	115.3875	  1.8104
 20.4102	130.2875	 12.0548	115.0583	  1.8106
 20.3627	130.4833	 12.0531	115.0083	  1.8103
 20.3758	130.7500	 12.0614	115.7750	  1.8109
 20.3863	130.5042	 12.0533	115.4375	  1.8105
 20.3917	130.9833	 12.0680	114.5333	  1.8103
 20.3773	130.4750	 12.0584	115.1542	  1.8109
 20.3828	130.7750	 12.0526	115.6083	  1.8106
 20.3769	129.8875	 12.0489	116.1167	  1.8109
 20.3798	130.9708	 12.0520	115.0875	  1.8108
 20.3713	130.3750	 12.0608	115.6250	  1.8105
 20.3932	130.1792	 12.0495	114.7500	  1.8109
 20.3845	130.3083	 12.0554	115.6208	  1.8106
 20.3875	130.8125	 12.0599	114.9583	  1.8105
 20.3826	130.8333	 12.0648	115.7083	  1.8098
 20.3921	130.0375	 12.0533	115.6917	  1.8107
 20.3962	130.7750	 12.0494	115.1917	  1.8109
 20.3835	130.0000	 12.0564	115.5500	  1.8108
 20.3805	130.5083	 12.0449	115.5458	  1.8104
 20.3876	130.5958	 12.0575	115.4042	  1.8107
 20.3936	130.9208	 12.0594	115.1458	  1.8098
 20.3776	130.9750	 12.0535	115.0250	  1.8106
 20.3934	130.8458	 12.0513	115.4125	  1.8106
 20.3864	130.5958	 12.0603	115.0583	  1.8108
 20.3679	130.1917	 12.0530	115.3292	  1.8109
 20.3996	130.5917	 12.0806	115.6125	  1.8106
 20.3789	130.7375	 12.0378	115.4500	  1.8109
 20.3684	131.0292	 12.0788	114.9917	  1.8102
 20.4054	130.3792	 12.0643	115.4000	  1.8107
 20.3790	130.3667	 12.0474	115.6792	  1.8106
 20.3662	130.4208	 12.0612	115.2667	  1.8106
 20.3923	130.8833	 12.0756	114.9375	  1.8105
 20.3892	130.1000	 12.0637	115.0917	  1.8104
 20.3791	130.7167	 12.0620	115.2292	  1.8108
 20.3717	130.5833	 12.0644	115.0542	  1.8105
 20.3746	130.8833	 12.0570	115.3792	  1.8108
 20.3895	131.1208	 12.0570	114.8833	  1.8109
 20.3811	130.6542	 12.0462	115.2958	  1.8102
 20.4167	130.6792	 12.0436	114.8917	  1.8105
 20.3961	130.5292	 12.0515	115.5042	  1.8103
 20.3657	131.0458	 12.0574	115.5917	  1.8102
 20.3972	130.7708	 12.0550	115.4042	  1.8104
 20.3893	130.6542	 12.0510	115.3000	  1.8109
 20.3845	130.2292	 12.0575	115.0417	  1.8103
 20.3934	130.7708	 12.0369	115.4083	  1.8109
 20.3909	130.2500	 12.0443	114.8500	  1.8109
 20.3898	130.5958	 12.0535	115.1792	  1.8103
 20.3938	130.5500	 12.0560	114.7667	  1.8104
 20.3764	130.7083	 12.0454	115.8583	  1.8110
 20.3742	130.5333	 12.0629	115.1958	  1.8107
 20.3974	130.4417	 12.0491	115.4000	  1.8111
 20.3770	130.4625	 12.0731	116.1625	  1.8105
 20.3886	130.6000	 12.0671	115.2125	  1.8106
 20.3820	130.6542	 12.0573	115.3083	  1.8105
 20.3894	130.6333	 12.0637	115.3375	  1.8106
 20.3776	130.1667	 12.0399	115.1208	  1.8109
 20.4038	130.6750	 12.0470	115.1000	  1.8111
 20.4030	130.6500	 12.0455	115.2500	  1.8108
 20.3757	130.8333	 12.0562	114.8542	  1.8103
 20.3727	130.5542	 12.0444	115.9917	  1.8112
 20.3829	130.3667	 12.0783	115.3583	  1.8110
 20.3903	130.6333	 12.0556	115.1625	  1.8103
 20.3868	130.4042	 12.0469	115.3542	  1.8106
 20.4025	130.8625	 12.0540	115.5667	  1.8106
 20.3649	130.5917	 12.0618	115.6375	  1.8104
 20.3908	130.4542	 12.0654	115.6333	  1.8107
 20.3784	131.0875	 12.0409	115.6792	  1.8109
 20.4001	130.4542	 12.0709	115.2458	  1.8110
 20.3907	130.7833	 12.0766	115.4792	  1.8111
 20.3850	130.8833	 12.0625	115.4042	  1.8095
 20.3863	130.6000	 12.0643	115.2625	  1.8109
 20.3901	130.4542	 12.0613	115.1667	  1.8104
 20.3901	130.9958	 12.0613	115.3375	  1.8103
 20.3881	130.3417	 12.0536	115.5250	  1.8106
 20.3667	130.1958	 12.0611	115.5667	  1.8104
 20.3901	130.4917	 12.0550	114.9458	  1.8110
 20.3712	130.2833	 12.0466	115.3833	  1.8102
 20.3890	130.9542	 12.0380	115.0583	  1.8112
 20.3726	129.8375	 12.0547	114.6792	  1.8100
 20.3849	130.6542	 12.0662	114.8417	  1.8099
 20.3782	130.1250	 12.0326	115.4667	  1.8105
 20.3737	130.5250	 12.0488	115.0333	  1.8105
 20.3639	131.4083	 12.0579	114.5958	  1.8111
 20.3875	130.5625	 12.0564	115.0917	  1.8106
 20.3931	129.9417	 12.0744	115.0417	  1.8107
 20.3765	130.7875	 12.0565	115.2875	  1.8104
 20.3972	130.3167	 12.0693	115.1375	  1.8105
 20.3793	130.0792	 12.0722	114.7458	  1.8106
 20.3898	131.1375	 12.0494	115.1792	  1.8109
 20.3863	130.6292	 12.0490	115.5083	  1.8110
 20.3920	130.7292	 12.0542	114.9625	  1.8098
 20.3967	130.7375	 12.0652	115.0250	  1.8110
 20.3747	130.4792	 12.0563	115.1875	  1.8108
 20.3782	130.2458	 12.0490	114.7667	  1.8107
 20.3773	130.4708	 12.0586	114.8500	  1.8106
 20.3932	130.7917	 12.0608	115.4417	  1.8105
 20.4087	130.1958	 12.0604	115.3083	  1.8105
 20.3713	130.6000	 12.0569	115.4583	  1.8097
 20.3905	130.7292	 12.0618	115.2625	  1.8101
 20.3961	130.3375	 12.0575	115.4875	  1.8108
 20.3990	130.5292	 12.0486	114.9500	  1.8097
 20.3834	130.7542	 12.0549	115.5083	  1.8103
 20.3904	130.9333	 12.0417	115.1083	  1.8105
 20.3690	130.8083	 12.0318	115.0917	  1.8106
 20.3863	130.2833	 12.0652	115.4542	  1.8104
 20.3778	130.5667	 12.0659	115.9083	  1.8107
 20.3960	130.4167	 12.0626	115.3125	  1.8107
 20.3819	130.4083	 12.0619	115.7250	  1.8107
 20.3869	130.1875	 12.0565	115.5167	  1.8101
 20.3921	129.9042	 12.0456	114.8208	  1.8100
 20.3783	130.8292	 12.0640	115.0875	  1.8102
 20.3700	130.5792	 12.0529	115.2500	  1.8107
 20.3840	131.0833	 12.0456	116.1000	  1.8109
 20.3986	130.5958	 12.0517	115.0917	  1.8100
 20.3875	130.2750	 12.0776	114.6625	  1.8109
 20.3900	130.4208	 12.0563	115.1667	  1.8108
 20.3881	130.7125	 12.0394	114.6917	  1.8105
 20.3989	130.8458	 12.0547	115.5667	  1.8102
 20.3913	130.4625	 12.0407	114.8583	  1.8108
 20.3862	130.7000	 12.0661	115.1208	  1.8103
 20.3779	130.5333	 12.0739	115.5125	  1.8103
 20.3881	130.6792	 12.0627	115.6167	  1.8105
 20.3748	131.0125	 12.0522	115.0333	  1.8107
 20.3660	130.0958	 12.0515	115.2042	  1.8110
 20.3821	130.8083	 12.0715	114.5333	  1.8104
 20.3961	130.8208	 12.0716	115.2000	  1.8105
 20.3677	130.8042	 12.0648	115.3042	  1.8108
 20.3808	130.1083	 12.0516	115.4167	  1.8102
 20.3650	130.4708	 12.0468	115.3458	  1.8101
 20.3663	130.5458	 12.0616	115.3500	  1.8106
 20.3829	130.0583	 12.0544	115.5708	  1.8105
 20.3869	130.5875	 12.0541	114.9250	  1.8102
 20.3862	130.1667	 12.0751	115.4542	  1.8100
 20.3816	130.4250	 12.0491	115.5875	  1.8108
 20.3989	130.7667	 12.0691	114.4417	  1.8101
 20.3845	130.8208	 12.0431	115.7500	  1.8106
 20.3848	130.5458	 12.0698	115.4208	  1.8106
 20.3811	130.1500	 12.0616	115.4333	  1.8104
 20.3825	130.8083	 12.0518	115.3458	  1.8098
 20.3973	130.3833	 12.0565	115.3417	  1.8108
 20.3781	130.3708	 12.0593	115.3667	  1.8107
 20.3995	130.1333	 12.0407	115.8542	  1.8104
 20.3953	131.0167	 12.0615	115.3500	  1.8108
 20.3740	130.8000	 12.0557	115.0333	  1.8105
 20.3848	130.8250	 12.0552	114.8917	  1.8103
 20.3936	130.6458	 12.0748	115.6750	  1.8109
 20.3927	130.6083	 12.0552	115.1500	  1.8104
 20.3850	130.2708	 12.0487	115.1583	  1.8107
 20.3922	130.7667	 12.0682	115.5125	  1.8101
 20.3934	130.7500	 12.0775	115.8208	  1.8105
 20.3792	130.0375	 12.0490	115.1292	  1.8103
 20.3891	130.8292	 12.0700	114.9333	  1.8102
 20.3827	130.4333	 12.0506	115.0042	  1.8099
 20.3878	130.5917	 12.0496	115.2083	  1.8102
 20.3629	130.5292	 12.0548	114.8625	  1.8111
 20.4103	130.2875	 12.0500	115.2542	  1.8105
 20.3989	130.5708	 12.0565	114.8958	  1.8106
 20.3775	130.3750	 12.0615	115.0250	  1.8106
 20.4094	130.7708	 12.0708	116.0708	  1.8109
 20.3829	130.2458	 12.0498	115.1708	  1.8110
 20.3859	131.1292	 12.0774	115.3458	  1.8106
 20.3893	130.5333	 12.0601	115.7917	  1.8110
 20.4029	130.3167	 12.0568	115.3208	  1.8110
 20.3887	131.2542	 12.0614	115.5500	  1.8104
 20.3942	130.8917	 12.0480	114.9250	  1.8107
 20.3654	130.1292	 12.0703	115.0208	  1.8108
 20.3948	130.3667	 12.0555	114.8542	  1.8105
 20.3973	130.5292	 12.0601	114.9125	  1.8109
 20.3971	130.5375	 12.0514	115.2667	  1.8099
 20.3690	130.8208	 12.0474	115.5458	  1.8105
 20.3827	130.8708	 12.0661	114.8792	  1.8099
 20.3827	130.2292	 12.0515	115.5625	  1.8107
 20.3958	130.1792	 12.0510	114.6833	  1.8111
 20.3852	130.4167	 12.0490	115.0458	  1.8107
 20.4027	130.0833	 12.0409	114.7542	  1.8107
 20.3762	130.6125	 12.0513	115.2667	  1.8101
 20.3793	130.7500	 12.0548	115.3667	  1.8102
 20.3910	131.0708	 12.0672	115.2625	  1.8103
 20.3868	129.7125	 12.0625	114.6208	  1.8100
 20.3780	130.6500	 12.0705	115.4500	  1.8107
 20.3874	130.5542	 12.0555	115.1083	  1.8103
 20.3796	130.9292	 12.0608	114.5708	  1.8104
 20.3586	130.5667	 12.0809	115.5500	  1.8101
 20.3822	131.2542	 12.0517	114.9333	  1.8105
 20.3920	130.1792	 12.0574	115.1167	  1.8102
 20.4026	130.0167	 12.0581	115.6625	  1.8106
 20.3846	130.5042	 12.0487	115.5917	  1.8100
 20.3818	130.3667	 12.0647	115.1583	  1.8109
 20.3856	130.5417	 12.0511	115.6417	  1.8109
 20.3787	130.3042	 12.0695	114.6708	  1.8110
 20.3888	130.4000	 12.0626	115.4583	  1.8102
 20.3906	130.3375	 12.0736	115.0375	  1.8104
 20.3998	130.8458	 12.0546	115.0583	  1.8108
 20.3983	130.2083	 12.0479	114.9625	  1.8114
 20.3919	130.3833	 12.0593	115.4542	  1.8108
 20.3899	130.1875	 12.0442	115.6917	  1.8106
 20.3795	130.8125	 12.0509	115.0042	  1.8103
 20.3838	130.7583	 12.0574	115.3583	  1.8103
 20.3854	130.5292	 12.0602	115.1792	  1.8100
 20.3844	130.3500	 12.0662	115.1708	  1.8108
 20.3820	130.6500	 12.0458	115.5083	  1.8112
 20.3878	130.6875	 12.0868	115.0875	  1.8107
 20.3865	130.0958	 12.0671	116.0542	  1.8114
 20.3897	131.1958	 12.0693	115.3542	  1.8109
 20.3970	130.3875	 12.0516	115.1792	  1.8108
 20.3766	130.4958	 12.0573	115.4250	  1.8103
 20.3966	130.4333	 12.0554	115.3750	  1.8104
 20.3888	130.9667	 12.0505	115.3583	  1.8109
 20.3677	130.3125	 12.0597	115.6375	  1.8108
 20.4034	130.0000	 12.0645	114.8917	  1.8104
 20.3743	130.2792	 12.0445	115.5375	  1.8109
 20.3804	130.7833	 12.0758	115.3208	  1.8105
 20.3958	130.5958	 12.0468	114.6208	  1.8101
 20.4075	130.0458	 12.0563	115.4500	  1.8106
 20.3937	130.9625	 12.0367	114.7875	  1.8104
 20.3779	130.5958	 12.0387	115.8167	  1.8100
 20.3837	130.6958	 12.0446	115.7583	  1.8103
 20.3581	130.8833	 12.0486	114.9500	  1.8104
 20.3640	130.5000	 12.0480	115.6292	  1.8101
 20.3855	130.5750	 12.0551	114.7875	  1.8101
 20.3626	130.6792	 12.0519	115.6708	  1.8103
 20.3904	130.6042	 12.0643	115.1708	  1.8112
 20.3873	130.6542	 12.0675	115.3625	  1.8103
 20.3848	130.9750	 12.0448	114.8375	  1.8107
 20.3715	130.2958	 12.0770	115.9500	  1.8108
 20.3941	130.3542	 12.0615	115.5792	  1.8102
 20.3824	130.3292	 12.0560	115.4500	  1.8105
 20.3849	130.5917	 12.0603	115.0167	  1.8108
 20.3890	130.3375	 12.0578	114.9708	  1.8102
 20.3903	130.7083	 12.0500	114.9708	  1.8109
 20.3786	130.7708	 12.0607	115.7000	  1.8104
 20.3714	130.4833	 12.0667	114.8333	  1.8104
 20.3917	130.5708	 12.0537	115.3375	  1.8104
 20.3740	130.7542	 12.0544	115.1375	  1.8100
 20.3908	130.1833	 12.0469	115.9292	  1.8106
 20.3901	130.3292	 12.0510	114.9792	  1.8109
 20.3873	130.4125	 12.0544	115.4042	  1.8106
 20.3855	130.6917	 12.0371	115.1458	  1.8112
 20.3861	130.3375	 12.0630	114.6875	  1.8107
 20.3787	130.7625	 12.0366	115.1250	  1.8103
 20.3822	130.8833	 12.0479	114.7208	  1.8105
 20.3929	130.5583	 12.0453	114.7167	  1.8100
 20.3890	130.7708	 12.0522	115.3208	  1.8105
 20.3912	130.4167	 12.0552	115.4333	  1.8101
 20.3743	130.6292	 12.0624	115.1333	  1.8103
 20.3863	130.4333	 12.0454	115.4958	  1.8102
 20.3852	130.6333	 12.0616	115.1333	  1.8097
 20.3902	130.5375	 12.0629	115.4375	  1.8102
 20.3763	130.6458	 12.0639	115.1917	  1.8104
 20.4007	130.6500	 12.0495	114.8667	  1.8111
 20.3966	130.3875	 12.0631	115.4792	  1.8108
 20.3648	130.6750	 12.0670	115.8458	  1.8109
 20.3904	130.6583	 12.0561	114.8375	  1.8101
 20.3763	130.4917	 12.0691	115.1958	  1.8111
 20.3777	130.6375	 12.0584	114.5792	  1.8105
 20.3681	130.8250	 12.0573	115.5792	  1.8112
 20.3849	130.4375	 12.0688	115.4625	  1.8109
 20.3804	130.4167	 12.0631	115.1375	  1.8106
 20.3782	130.5417	 12.0502	115.2875	  1.8106
 20.3835	130.9958	 12.0584	114.7875	  1.8107
 20.3986	130.2417	 12.0559	115.0542	  1.8105
 20.3811	130.9375	 12.0545	115.2583	  1.8105
 20.3913	130.8667	 12.0536	114.6333	  1.8110
 20.4122	130.0750	 12.0436	115.4958	  1.8104
 20.3967	130.9208	 12.0472	115.5333	  1.8111
 20.3912	130.4083	 12.0469	115.5250	  1.8106
 20.3841	130.5375	 12.0529	115.4458	  1.8110
 20.3877	130.8042	 12.0735	114.6625	  1.8104
 20.3889	130.2792	 12.0603	115.4750	  1.8110
 20.3710	130.3000	 12.0824	114.7875	  1.8104
 20.3880	131.2542	 12.0706	115.3167	  1.8102
 20.3917	130.4708	 12.0578	115.4000	  1.8106
 20.3833	130.6667	 12.0586	115.4208	  1.8106
 20.3859	131.4167	 12.0696	115.5833	  1.8105
 20.3824	130.5000	 12.0588	115.1542	  1.8102
 20.3862	130.6292	 12.0528	114.7708	  1.8103
 20.3848	130.3750	 12.0567	114.6125	  1.8106
 20.3946	130.6792	 12.0598	115.4208	  1.8110
 20.4050	131.0667	 12.0545	115.1042	  1.8108
 20.3811	130.3083	 12.0616	114.6917	  1.8101
 20.3836	130.4792	 12.0398	115.7708	  1.8100
 20.3654	130.4750	 12.0512	115.1292	  1.8102
 20.3944	130.0458	 12.0596	115.5583	  1.8106
 20.3863	130.6667	 12.0621	115.5667	  1.8108
 20.3833	130.8500	 12.0602	114.8000	  1.8099
 20.3848	130.5375	 12.0644	115.3708	  1.8107
 20.3953	130.9250	 12.0449	114.9875	  1.8107
 20.4004	130.6042	 12.0746	115.0625	  1.8106
 20.3845	130.6917	 12.0540	115.0167	  1.8105
 20.3886	130.4625	 12.0555	115.8958	  1.8105
 20.3905	130.5917	 12.0568	115.1542	  1.8105
 20.3889	130.5083	 12.0475	115.2875	  1.8106
 20.3718	130.6250	 12.0717	114.7750	  1.8104
 20.3994	130.1417	 12.0679	115.4292	  1.8109
 20.3898	131.0000	 12.0494	114.8375	  1.8105
 20.4029	130.6042	 12.0491	114.8458	  1.8103
 20.3852	130.9208	 12.0590	115.5292	  1.8100
 20.3852	130.8792	 12.0623	115.7125	  1.8105
 20.3757	130.7000	 12.0639	115.4750	  1.8109
 20.3811	130.2292	 12.0548	115.0792	  1.8103
 20.3859	131.1250	 12.0606	115.1250	  1.8106
 20.3934	130.2292	 12.0439	115.5583	  1.8111
 20.3620	130.8542	 12.0492	114.6458	  1.8106
 20.3681	130.7208	 12.0570	115.8500	  1.8105
 20.3766	129.9750	 12.0635	115.5750	  1.8106
 20.3739	130.8958	 12.0714	114.9500	  1.8100
 20.3816	130.4083	 12.0462	114.9708	  1.8105
 20.3823	131.1125	 12.0406	115.1958	  1.8105
 20.3899	130.8458	 12.0340	114.7833	  1.8108
 20.3767	130.3208	 12.0576	114.6417	  1.8111
 20.3841	130.3375	 12.0778	115.1833	  1.8105
 20.3837	130.4625	 12.0533	114.9167	  1.8106
 20.3754	130.4917	 12.0640	115.4792	  1.8109
 20.3951	131.0917	 12.0471	115.3667	  1.8105
 20.3916	130.4625	 12.0605	115.6583	  1.8109
 20.3822	130.1667	 12.0682	115.1625	  1.8110
 20.4046	130.1250	 12.0629	115.3000	  1.8109
 20.3696	130.7083	 12.0476	115.4417	  1.8107
 20.3835	130.2625	 12.0526	114.7667	  1.8102
 20.3737	130.5000	 12.0540	115.2292	  1.8100
 20.3763	131.0625	 12.0620	114.9875	  1.8104
 20.3840	130.5792	 12.0610	115.6125	  1.8107
 20.3845	130.1750	 12.0626	115.1375	  1.8109
 20.3979	130.6000	 12.0455	114.7667	  1.8103
 20.3854	130.2958	 12.0533	114.5125	  1.8103
 20.3841	131.1292	 12.0356	115.2875	  1.8105
 20.3847	130.8542	 12.0557	115.0250	  1.8106
 20.3973	130.6625	 12.0502	114.7167	  1.8100
 20.3766	130.7875	 12.0455	114.9542	  1.8111
 20.3962	130.3583	 12.0545	114.7625	  1.8106
 20.4125	130.7208	 12.0481	115.5167	  1.8106
 20.3773	131.2833	 12.0613	115.1042	  1.8107
 20.3791	130.6958	 12.0427	114.8417	  1.8102
 20.3981	130.3875	 12.0578	115.3667	  1.8107
 20.3910	130.7583	 12.0465	115.5208	  1.8104
 20.3626	130.8417	 12.0598	115.3708	  1.8101
 20.3770	130.9750	 12.0442	115.0292	  1.8102
 20.3787	130.5500	 12.0571	115.1042	  1.8104
 20.3940	130.4750	 12.0447	115.5750	  1.8110
 20.3815	131.0042	 12.0343	115.6250	  1.8109
 20.4006	130.5417	 12.0610	114.7583	  1.8107
 20.3641	130.4000	 12.0551	115.3292	  1.8106
 20.3671	130.2708	 12.0518	115.0000	  1.8107
 20.3675	130.4458	 12.0662	114.9208	  1.8100
 20.3742	130.4917	 12.0612	114.9500	  1.8103
 20.3916	130.8458	 12.0556	115.4042	  1.8108
 20.3846	130.3917	 12.0510	115.7792	  1.8100
 20.3945	130.7583	 12.0471	115.2500	  1.8100
 20.3968	130.9458	 12.0695	115.5958	  1.8103
 20.3834	130.6333	 12.0482	115.1917	  1.8101
 20.3880	129.6875	 12.0531	115.2833	  1.8106
 20.3898	130.2333	 12.0477	115.4417	  1.8105
 20.3733	130.9375	 12.0760	115.7667	  1.8103
 20.3758	129.9042	 12.0616	115.3542	  1.8110
 20.3871	130.7833	 12.0618	115.5875	  1.8101
 20.4057	130.8875	 12.0365	115.9042	  1.8101
 20.4031	130.8208	 12.0524	114.8458	  1.8107
 20.3904	130.3333	 12.0478	115.4333	  1.8102
 20.3758	130.5958	 12.0429	115.6208	  1.8103
 20.3981	130.7375	 12.0530	115.0083	  1.8106
 20.3854	130.8333	 12.0461	115.5250	  1.8109
 20.3842	130.8625	 12.0594	115.4833	  1.8106
 20.3982	130.7500	 12.0652	115.3542	  1.8106
 20.3974	130.8833	 12.0630	115.0083	  1.8102
 20.3955	130.4625	 12.0450	115.6542	  1.8101
 20.3825	130.7292	 12.0592	115.2833	  1.8100
 20.3776	129.8333	 12.0332	115.0833	  1.8108
 20.3907	130.7917	 12.0457	115.4333	  1.8111
 20.3865	130.6125	 12.0573	115.2292	  1.8101
 20.3690	130.6833	 12.0666	115.0667	  1.8103
 20.3904	130.6667	 12.0546	115.9208	  1.8102
 20.3907	130.9125	 12.0417	114.9750	  1.8100
 20.3693	130.9083	 12.0609	114.7167	  1.8107
 20.3805	130.5042	 12.0382	115.0875	  1.8109
 20.3990	130.6667	 12.0624	115.0667	  1.8110
 20.3871	130.9917	 12.0483	115.1875	  1.8106
 20.3934	131.0833	 12.0564	114.8583	  1.8106
 20.3966	130.3667	 12.0575	115.4042	  1.8100
 20.3781	130.7542	 12.0556	114.5792	  1.8104
 20.3822	130.6542	 12.0665	115.1750	  1.8101
 20.3812	130.6292	 12.0501	115.6833	  1.8107
 20.3742	130.1875	 12.0616	115.0625	  1.8107
 20.3836	130.3750	 12.0617	115.4167	  1.8104
 20.3876	130.6833	 12.0567	114.9625	  1.8106
 20.3813	130.6167	 12.0509	115.4708	  1.8106
 20.3865	130.7250	 12.0583	114.6958	  1.8103
 20.3859	130.9083	 12.0338	114.7625	  1.8105
 20.3946	130.4250	 12.0612	115.6042	  1.8102
 20.3747	130.8583	 12.0700	115.6083	  1.8099
 20.3992	130.2417	 12.0542	114.9125	  1.8105
 20.3831	130.4667	 12.0484	114.9583	  1.8106
 20.3899	130.7792	 12.0573	114.8083	  1.8101
 20.3902	130.3875	 12.0494	115.4458	  1.8102
 20.3723	130.5083	 12.0605	115.2250	  1.8100
 20.3780	130.8583	 12.0651	114.7958	  1.8107
 20.3895	130.2125	 12.0612	115.6667	  1.8101
 20.3814	130.1500	 12.0660	115.3917	  1.8100
 20.3933	130.2667	 12.0538	114.5250	  1.8103
 20.3624	130.1875	 12.0701	114.8458	  1.8102
 20.3719	130.5042	 12.0586	115.9042	  1.8099
 20.3993	131.3625	 12.0651	115.3250	  1.8102
 20.3880	130.1125	 12.0522	115.1875	  1.8102
 20.3638	130.8208	 12.0483	115.6042	  1.8097
 20.3919	130.0500	 12.0654	114.8917	  1.8107
 20.3757	130.2500	 12.0773	115.5750	  1.8103
 20.3796	130.4583	 12.0435	114.6167	  1.8103
 20.3734	130.7792	 12.0627	115.5292	  1.8100
 20.3677	131.0417	 12.0657	115.2083	  1.8103
 20.3882	130.4667	 12.0619	114.9292	  1.8101
 20.3683	130.0375	 12.0569	116.3583	  1.8106
 20.3895	130.8458	 12.0652	115.2583	  1.8105
 20.3871	130.3792	 12.0685	116.0125	  1.8104
 20.3830	130.1833	 12.0759	115.1583	  1.8110
 20.3806	130.4917	 12.0532	115.4917	  1.8102
 20.3925	130.4333	 12.0528	114.8583	  1.8101
 20.3872	130.3167	 12.0509	114.8333	  1.8099
 20.3843	130.8750	 12.0618	116.0500	  1.8102
 20.4006	131.0375	 12.0490	115.0417	  1.8108
 20.3850	130.4708	 12.0459	115.2583	  1.8108
 20.3843	130.3208	 12.0662	114.8542	  1.8108
 20.3730	130.8792	 12.0643	114.6542	  1.8107
 20.3934	130.9375	 12.0490	115.5375	  1.8103
 20.3740	129.9917	 12.0563	114.9875	  1.8107
 20.3778	130.7167	 12.0473	115.3833	  1.8104
 20.3789	130.7375	 12.0496	114.9833	  1.8107
 20.3951	130.4292	 12.0603	115.5125	  1.8105
 20.3860	131.4042	 12.0580	114.9250	  1.8106
 20.3897	130.7917	 12.0488	114.9042	  1.8101
 20.3846	130.4542	 12.0658	115.2625	  1.8106
 20.3987	130.5292	 12.0727	115.0833	  1.8110
 20.3759	130.6083	 12.0647	115.4458	  1.8099
 20.3861	130.3958	 12.0709	115.5125	  1.8103
 20.3828	130.0083	 12.0457	115.2792	  1.8106
 20.3980	130.5583	 12.0499	114.8083	  1.8100
 20.3649	130.7167	 12.0530	115.0125	  1.8109
 20.3975	130.1542	 12.0591	114.5958	  1.8102
 20.3712	130.4167	 12.0474	115.2583	  1.8109
 20.4093	130.3917	 12.0558	115.2333	  1.8099
 20.3828	129.8417	 12.0451	115.3500	  1.8102
 20.3915	131.4083	 12.0652	115.1708	  1.8101
 20.3951	130.2000	 12.0643	114.8167	  1.8107
 20.3926	130.3625	 12.0563	114.9625	  1.8110
 20.3799	130.5875	 12.0694	115.3375	  1.8102
 20.3915	130.4042	 12.0572	115.6375	  1.8108
 20.3809	130.4375	 12.0501	115.9625	  1.8106
 20.3898	130.8417	 12.0613	115.3333	  1.8103
 20.3797	130.4000	 12.0674	114.6208	  1.8107
 20.4062	130.5042	 12.0710	115.1208	  1.8107
 20.4027	130.3208	 12.0466	115.2417	  1.8103
 20.3798	130.9000	 12.0468	114.6042	  1.8104
 20.3995	130.6750	 12.0527	114.5958	  1.8101
 20.3662	130.4625	 12.0671	115.4542	  1.8102
 20.3833	130.1000	 12.0660	115.2958	  1.8104
 20.3899	130.7042	 12.0526	116.2583	  1.8101
 20.3758	130.5250	 12.0516	114.9208	  1.8101
 20.3882	130.9208	 12.0493	115.2917	  1.8102
 20.3954	130.6292	 12.0557	114.7292	  1.8106
 20.3857	130.3417	 12.0603	115.2375	  1.8106
 20.3878	130.6708	 12.0393	115.2833	  1.8105
 20.3939	130.0042	 12.0493	115.3958	  1.8106
 20.4054	130.5042	 12.0490	115.3958	  1.8112
 20.4028	130.5125	 12.0621	114.6917	  1.8103
 20.3690	130.9250	 12.0826	115.3292	  1.8102
 20.3770	130.0625	 12.0511	114.8208	  1.8106
 20.3676	130.4375	 12.0571	115.2875	  1.8109
 20.4008	130.6500	 12.0487	114.7042	  1.8102
 20.3774	130.2042	 12.0602	115.3250	  1.8099
 20.3950	130.4417	 12.0658	114.9750	  1.8107
 20.3802	130.7917	 12.0602	114.4792	  1.8100
 20.3972	130.4958	 12.0607	114.7958	  1.8102
 20.3775	130.7458	 12.0596	114.7750	  1.8097
 20.3922	130.4958	 12.0517	115.0208	  1.8102
 20.3809	130.6750	 12.0604	115.1833	  1.8104
 20.3863	130.4042	 12.0753	115.2583	  1.8103
 20.3740	130.5208	 12.0477	115.6042	  1.8105
 20.3605	130.4500	 12.0420	115.4667	  1.8103
 20.3850	131.2333	 12.0512	115.2292	  1.8108
 20.3827	130.5750	 12.0544	114.8333	  1.8112
 20.3679	130.7708	 12.0674	115.4292	  1.8107
 20.3926	130.6125	 12.0557	115.3500	  1.8107
 20.3734	130.5875	 12.0470	115.7917	  1.8107
 20.3823	130.5625	 12.0575	115.2292	  1.8104
 20.3823	130.3917	 12.0565	115.4167	  1.8100
 20.4045	130.6125	 12.0550	115.5583	  1.8106
 20.3803	130.6458	 12.0715	115.4792	  1.8102
 20.3657	130.5000	 12.0645	115.1167	  1.8102
 20.3871	130.6708	 12.0727	115.4333	  1.8105
 20.3973	130.2292	 12.0535	115.3875	  1.8107
 20.4093	130.2833	 12.0700	115.7208	  1.8103
 20.3743	131.1417	 12.0623	115.4208	  1.8107
 20.3795	130.5708	 12.0618	115.6375	  1.8107
 20.3846	130.3750	 12.0484	115.7750	  1.8105
 20.3863	130.4042	 12.0535	114.7542	  1.8104
 20.3943	130.7375	 12.0619	114.9333	  1.8105
 20.3894	131.0625	 12.0526	115.2083	  1.8104
 20.3928	130.1625	 12.0840	115.4875	  1.8106
 20.3888	130.8125	 12.0492	115.0542	  1.8102
 20.3802	130.5083	 12.0620	114.8125	  1.8107
 20.3694	130.7292	 12.0537	114.6708	  1.8102
 20.3831	130.6958	 12.0475	115.4500	  1.8105
 20.3810	130.0958	 12.0690	115.0208	  1.8109
 20.4030	129.9625	 12.0474	115.5500	  1.8102
 20.4039	131.0417	 12.0355	115.3833	  1.8099
 20.3753	130.4333	 12.0640	115.3542	  1.8109
 20.3860	130.6000	 12.0598	114.9500	  1.8109
 20.4058	130.6167	 12.0530	114.9958	  1.8106
 20.3885	130.4542	 12.0479	115.5833	  1.8105
 20.3730	129.8792	 12.0675	114.9250	  1.8108
 20.3938	130.4875	 12.0500	115.2500	  1.8102
 20.3865	130.5167	 12.0607	114.4167	  1.8103
 20.3823	131.1083	 12.0651	115.2708	  1.8103
 20.3802	130.3292	 12.0575	115.2917	  1.8104
 20.3728	130.6917	 12.0563	114.4792	  1.8109
 20.3849	131.1208	 12.0611	115.5458	  1.8106
 20.3827	130.8042	 12.0474	115.4667	  1.8104
 20.3885	130.9042	 12.0621	115.2750	  1.8104
 20.3846	130.1542	 12.0419	115.2125	  1.8097
 20.3874	130.6375	 12.0650	115.3000	  1.8103
 20.3839	129.4458	 12.0664	115.1625	  1.8102
 20.3796	130.7875	 12.0616	115.6000	  1.8107
 20.3871	131.0417	 12.0674	114.9125	  1.8104
 20.3729	130.6958	 12.0600	115.5583	  1.8100
 20.3753	131.1208	 12.0399	115.2708	  1.8103
 20.3975	130.4500	 12.0659	115.1250	  1.8099
 20.3892	130.2833	 12.0600	115.2833	  1.8107
 20.3963	130.7917	 12.0440	115.3583	  1.8100
 20.3792	130.9167	 12.0527	115.3792	  1.8101
 20.3899	130.8292	 12.0604	115.1000	  1.8110
 20.3659	130.0792	 12.0610	115.1917	  1.8104
 20.3741	130.6583	 12.0647	115.0458	  1.8105
 20.3879	130.6083	 12.0634	115.3875	  1.8100
 20.3891	130.6500	 12.0612	115.3167	  1.8099
 20.3891	130.5167	 12.0560	115.6625	  1.8099
 20.3851	130.1458	 12.0553	115.3042	  1.8101
 20.3874	130.5625	 12.0566	115.1917	  1.8104
 20.3776	130.9917	 12.0445	115.1250	  1.8103
 20.3824	130.6875	 12.0464	115.3458	  1.8104
 20.3784	130.4458	 12.0583	115.2042	  1.8111
 20.3923	130.8750	 12.0662	115.4375	  1.8101
 20.3785	130.7083	 12.0512	115.1208	  1.8107
 20.3873	130.4625	 12.0675	115.7208	  1.8103
 20.3964	130.3083	 12.0420	115.3625	  1.8103
 20.4089	130.9292	 12.0516	115.0958	  1.8102
 20.3873	130.4750	 12.0546	114.7167	  1.8105
 20.4014	130.6083	 12.0587	115.1875	  1.8107
 20.3882	131.2417	 12.0617	115.5458	  1.8105
 20.3855	130.9625	 12.0606	114.6250	  1.8102
 20.4093	130.2500	 12.0538	115.1458	  1.8106
 20.3870	130.1875	 12.0557	115.0167	  1.8099
 20.3778	130.7542	 12.0600	115.5667	  1.8097
 20.3977	130.5625	 12.0557	115.6958	  1.8104
 20.3939	131.3833	 12.0657	115.0708	  1.8102
 20.3970	129.8792	 12.0602	115.1417	  1.8101
 20.3793	130.8375	 12.0651	115.4375	  1.8103
 20.3840	130.6292	 12.0756	114.9292	  1.8104
 20.3707	130.8667	 12.0534	115.4583	  1.8102
 20.3881	129.7333	 12.0548	114.9750	  1.8104
 20.3756	130.6917	 12.0681	115.2792	  1.8107
 20.4022	130.7292	 12.0467	115.2708	  1.8101
 20.3860	129.9917	 12.0615	115.3167	  1.8104
 20.3734	130.6958	 12.0510	115.8583	  1.8100
 20.4009	130.5458	 12.0611	114.9792	  1.8102
 20.3894	130.3208	 12.0592	115.4500	  1.8105
 20.3802	130.5583	 12.0495	115.2292	  1.8105
 20.3713	130.7417	 12.0436	115.0250	  1.8103
 20.3799	130.9167	 12.0629	115.0875	  1.8102
 20.3711	130.7708	 12.0628	114.5708	  1.8102
 20.3736	131.4333	 12.0447	114.9042	  1.8101
 20.3895	130.8292	 12.0639	115.7000	  1.8107
 20.3965	130.4958	 12.0546	115.1833	  1.8100
 20.3845	130.7458	 12.0605	115.3708	  1.8107
 20.3785	130.5458	 12.0622	114.9917	  1.8105
 20.4013	130.8667	 12.0666	114.5417	  1.8107
 20.3999	130.3500	 12.0431	115.2083	  1.8105
 20.3873	130.8667	 12.0485	114.7500	  1.8104
 20.3926	130.8583	 12.0435	115.5167	  1.8100
 20.3894	130.0333	 12.0501	114.9625	  1.8104
 20.3737	130.6583	 12.0553	115.2500	  1.8108
 20.3950	130.9208	 12.0524	115.6042	  1.8106
 20.3823	130.2708	 12.0642	114.9625	  1.8104
 20.3952	130.6292	 12.0546	115.1875	  1.8101
 20.4020	131.0750	 12.0615	115.4708	  1.8103
 20.3966	130.8333	 12.0710	115.4875	  1.8109
 20.3868	130.7833	 12.0549	115.2333	  1.8106
 20.3760	130.4208	 12.0521	115.5833	  1.8098
 20.3889	130.8917	 12.0543	115.9375	  1.8104
 20.3919	130.5375	 12.0655	114.9167	  1.8102
 20.3973	130.3208	 12.0635	115.0333	  1.8105
 20.3998	131.0458	 12.0467	115.2750	  1.8102
 20.3822	130.6375	 12.0471	115.0417	  1.8104
 20.3989	131.0292	 12.0471	115.5250	  1.8104
 20.3690	130.4708	 12.0534	115.5500	  1.8098
 20.3805	130.5417	 12.0548	115.2667	  1.8099
 20.4010	131.1292	 12.0578	115.5000	  1.8107
 20.3984	130.7083	 12.0666	115.4917	  1.8104
 20.3775	130.5458	 12.0493	115.0333	  1.8109
 20.3821	130.5542	 12.0522	115.0875	  1.8104
 20.4018	131.0375	 12.0663	115.7500	  1.8102
 20.3773	130.6292	 12.0582	115.0750	  1.8105
 20.4031	130.5125	 12.0437	115.1042	  1.8109
 20.3915	130.5458	 12.0613	115.2208	  1.8103
 20.3772	130.1542	 12.0537	114.9625	  1.8103
 20.3747	130.2833	 12.0561	115.0583	  1.8104
 20.3948	130.6417	 12.0651	115.2042	  1.8098
 20.4005	130.9917	 12.0671	114.7792	  1.8100
 20.3873	130.2708	 12.0729	115.4625	  1.8103
 20.3899	130.7542	 12.0450	115.4333	  1.8098
 20.3968	130.4333	 12.0553	114.9500	  1.8095
 20.3832	130.8875	 12.0671	115.6875	  1.8106
 20.3993	130.5917	 12.0390	115.3542	  1.8102
 20.3879	130.8292	 12.0547	115.2792	  1.8100
 20.3728	131.2708	 12.0623	115.1000	  1.8106
 20.3846	130.4625	 12.0612	115.0875	  1.8103
 20.3789	130.0792	 12.0595	115.7500	  1.8104
 20.3823	130.8917	 12.0478	115.1042	  1.8107
 20.3757	130.3958	 12.0622	115.5958	  1.8105
 20.3864	130.8042	 12.0497	115.2625	  1.8099
 20.3872	131.0792	 12.0567	115.2833	  1.8101
 20.3788	130.3542	 12.0414	115.2833	  1.8103
 20.3799	130.8917	 12.0409	115.6042	  1.8104
 20.3892	130.1958	 12.0390	115.0458	  1.8102
 20.3763	130.8625	 12.0519	116.0583	  1.8100
 20.3886	131.0167	 12.0640	115.4458	  1.8099
 20.3791	130.5333	 12.0402	114.8750	  1.8107
 20.3848	130.9583	 12.0563	114.5917	  1.8101
 20.3827	129.9167	 12.0589	115.8000	  1.8103
 20.3855	130.4917	 12.0660	115.6375	  1.8110
 20.4054	130.7542	 12.0740	115.6625	  1.8105
 20.3993	130.9458	 12.0592	115.5375	  1.8097
 20.3891	130.1167	 12.0631	115.2042	  1.8104
 20.3988	130.3583	 12.0544	115.0750	  1.8107
 20.3821	131.0625	 12.0484	115.2375	  1.8103
 20.3746	130.5583	 12.0695	115.1833	  1.8106
 20.3797	130.3000	 12.0620	115.2125	  1.8102
 20.3712	131.1125	 12.0636	115.5833	  1.8102
 20.3989	130.4583	 12.0429	114.8958	  1.8097
 20.3804	130.5208	 12.0585	115.1500	  1.8103
 20.3731	130.4333	 12.0468	115.2042	  1.8104
 20.3840	130.4625	 12.0443	114.3292	  1.8104
 20.3811	130.4750	 12.0660	115.2583	  1.8103
 20.3875	129.9083	 12.0598	114.9125	  1.8107
 20.3888	131.2250	 12.0552	115.1500	  1.8103
 20.3840	130.4333	 12.0705	115.4250	  1.8096
 20.3850	130.4375	 12.0655	115.2250	  1.8100
 20.3871	130.0167	 12.0617	114.8917	  1.8101
 20.3912	130.9708	 12.0679	115.3792	  1.8105
 20.4019	130.4625	 12.0567	115.4375	  1.8104
 20.3709	129.9500	 12.0678	115.5375	  1.8104
 20.3870	130.3375	 12.0648	114.9625	  1.8101
 20.3853	130.3958	 12.0657	115.0417	  1.8097
 20.3990	130.7833	 12.0658	115.2208	  1.8100
 20.3831	130.2250	 12.0686	114.7833	  1.8101
 20.3907	130.1000	 12.0444	115.5750	  1.8103
 20.3899	130.6875	 12.0542	115.5208	  1.8101
 20.3960	130.2167	 12.0780	115.0667	  1.8104
 20.3782	130.3750	 12.0728	115.6167	  1.8105
 20.3676	130.8375	 12.0505	114.7583	  1.8108
 20.3738	130.7125	 12.0696	115.2875	  1.8105
 20.3716	130.4833	 12.0292	115.0542	  1.8102
 20.3873	130.6917	 12.0483	115.4583	  1.8104
 20.3780	130.7458	 12.0445	115.1583	  1.8106
 20.3988	130.6125	 12.0659	115.5500	  1.8097
 20.3994	130.6792	 12.0685	115.0458	  1.8101
 20.3865	130.8208	 12.0617	115.3875	  1.8105
 20.3749	130.8375	 12.0674	115.7667	  1.8103
 20.4004	130.9042	 12.0747	114.6417	  1.8102
 20.3839	130.1875	 12.0641	115.4500	  1.8104
 20.3999	130.7583	 12.0661	115.6667	  1.8103
 20.3698	130.3625	 12.0533	115.2917	  1.8101
 20.3844	130.8958	 12.0382	115.1750	  1.8110
 20.3904	130.1833	 12.0638	115.0125	  1.8100
 20.3833	130.6000	 12.0536	115.3917	  1.8107
 20.3759	130.4917	 12.0551	115.4292	  1.8102
 20.4011	130.7667	 12.0640	114.8167	  1.8101
 20.3735	130.4667	 12.0589	115.4458	  1.8103
 20.3774	130.9208	 12.0511	114.9958	  1.8106
 20.3801	130.3333	 12.0603	115.4625	  1.8098
 20.3728	130.5250	 12.0585	114.8917	  1.8108
 20.3796	130.0625	 12.0457	115.4708	  1.8105
 20.3936	130.1750	 12.0685	115.6333	  1.8112
 20.3901	130.7583	 12.0628	115.6500	  1.8102
 20.3757	130.7167	 12.0499	115.2333	  1.8102
 20.3777	130.3375	 12.0382	115.2417	  1.8098
 20.3764	130.6250	 12.0306	114.7250	  1.8097
 20.3823	130.7208	 12.0541	114.9292	  1.8104
 20.3864	130.4958	 12.0479	115.2292	  1.8104
 20.3712	130.6375	 12.0540	115.6875	  1.8106
 20.3623	130.4958	 12.0558	115.1042	  1.8106
 20.3662	130.6750	 12.0539	115.4375	  1.8097
 20.3839	130.7292	 12.0601	115.1458	  1.8110
 20.3855	130.0667	 12.0406	115.0333	  1.8100
 20.3861	130.7292	 12.0459	115.3583	  1.8105
 20.3821	130.4583	 12.0517	115.1333	  1.8104
 20.3886	130.5667	 12.0541	114.9500	  1.8101
 20.3912	130.4708	 12.0622	115.2792	  1.8102
 20.3842	129.9542	 12.0544	114.5333	  1.8100
 20.3903	130.9125	 12.0496	114.5667	  1.8102
 20.3669	130.4667	 12.0583	114.7083	  1.8099
 20.3870	130.8000	 12.0772	114.8625	  1.8097
 20.3776	130.6667	 12.0549	114.5500	  1.8096
 20.3923	130.7292	 12.0350	115.0458	  1.8100
 20.3896	130.5250	 12.0523	115.6958	  1.8106
 20.3891	130.9167	 12.0641	115.4792	  1.8107
 20.3792	130.0750	 12.0471	114.7375	  1.8101
 20.3723	130.7625	 12.0525	114.7833	  1.8109
 20.3995	130.6667	 12.0536	114.9667	  1.8101
 20.3859	130.3167	 12.0556	115.1042	  1.8103
 20.3864	130.3458	 12.0611	115.4458	  1.8100
 20.3957	131.3833	 12.0615	115.0792	  1.8100
 20.3863	130.5542	 12.0550	115.2042	  1.8100
 20.3923	131.1667	 12.0686	114.9875	  1.8102
 20.3870	130.3958	 12.0613	115.2375	  1.8101
 20.3813	130.4375	 12.0520	114.5958	  1.8104
 20.3834	130.4708	 12.0448	115.2250	  1.8105
 20.3756	129.9708	 12.0438	115.1458	  1.8101
 20.3843	130.3042	 12.0530	115.3917	  1.8102
 20.3893	130.0250	 12.0503	115.6917	  1.8106
 20.3862	130.4542	 12.0690	114.9917	  1.8105
 20.3997	130.6625	 12.0531	115.1000	  1.8108
 20.3887	130.5083	 12.0682	115.2375	  1.8107
 20.3973	130.8583	 12.0522	115.7833	  1.8101
 20.3673	130.4208	 12.0661	114.9792	  1.8104
 20.3811	130.4917	 12.0552	115.7458	  1.8104
 20.3804	130.4917	 12.0595	115.3333	  1.8105
 20.3780	130.1417	 12.0472	115.3500	  1.8099
 20.3871	130.4750	 12.0586	115.5083	  1.8105
 20.3917	130.5167	 12.0674	115.3875	  1.8100
 20.3950	130.6792	 12.0474	114.9458	  1.8105
 20.3982	130.9125	 12.0660	115.5125	  1.8100
 20.3984	130.7708	 12.0673	115.2542	  1.8104
 20.4133	130.4875	 12.0486	115.0875	  1.8102
 20.3891	130.2500	 12.0586	115.3292	  1.8106
 20.3969	130.7583	 12.0517	115.1500	  1.8103
 20.3845	130.2292	 12.0356	115.1083	  1.8100
 20.3930	130.4583	 12.0631	115.5125	  1.8105
 20.3822	130.5667	 12.0578	114.9792	  1.8099
 20.3761	130.3083	 12.0563	115.1250	  1.8105
 20.3899	130.4917	 12.0538	115.1792	  1.8101
 20.3784	130.5750	 12.0478	115.1042	  1.8101
 20.3909	130.3000	 12.0455	116.1208	  1.8106
 20.3962	130.9208	 12.0768	115.0958	  1.8102
 20.3912	130.9542	 12.0653	115.7833	  1.8101
 20.3903	130.8333	 12.0504	115.5167	  1.8101
 20.3877	130.2375	 12.0543	114.8042	  1.8099
 20.3827	129.8375	 12.0600	114.9083	  1.8104
 20.3686	130.1625	 12.0424	115.2625	  1.8102
 20.3778	130.8792	 12.0455	115.8083	  1.8098
 20.3762	130.7708	 12.0604	116.1833	  1.8099
 20.3866	130.9208	 12.0450	115.2000	  1.8103
 20.3815	130.4875	 12.0514	115.3208	  1.8103
 20.3868	130.3833	 12.0526	115.2667	  1.8107
 20.3918	130.8125	 12.0733	115.4875	  1.8100
 20.3989	130.1250	 12.0757	114.9750	  1.8103
 20.3911	130.0500	 12.0521	115.5042	  1.8105
 20.3973	130.6000	 12.0725	115.6542	  1.8101
 20.4027	130.3250	 12.0651	115.0292	  1.8107
 20.3896	130.4583	 12.0547	115.2292	  1.8105
 20.3904	130.7583	 12.0518	114.9375	  1.8106
 20.3804	130.6792	 12.0521	115.2458	  1.8104
 20.3965	130.5208	 12.0541	115.5750	  1.8099
 20.3813	130.2833	 12.0585	115.2750	  1.8107
 20.3840	130.1375	 12.0653	115.5417	  1.8102
 20.3856	130.3833	 12.0555	115.1500	  1.8106
 20.4022	130.7250	 12.0534	115.0750	  1.8099
 20.3809	130.6833	 12.0595	115.7500	  1.8096
 20.4065	130.1208	 12.0597	115.4958	  1.8108
 20.3817	130.7542	 12.0654	115.6500	  1.8104
 20.3799	130.0750	 12.0650	115.1750	  1.8101
 20.3956	130.3375	 12.0542	115.2417	  1.8104
 20.3872	130.4667	 12.0597	115.8625	  1.8105
 20.3835	130.7375	 12.0388	114.9917	  1.8106
 20.3853	130.4833	 12.0451	115.2458	  1.8101
 20.3707	130.6167	 12.0411	115.5083	  1.8098
 20.3874	130.1750	 12.0582	115.4250	  1.8102
 20.3904	130.8208	 12.0589	115.4042	  1.8103
 20.3848	130.5583	 12.0592	115.6125	  1.8102
 20.3963	130.3333	 12.0574	115.5333	  1.8101
 20.3881	130.3833	 12.0707	115.6250	  1.8107
 20.3760	130.5167	 12.0543	115.2000	  1.8106
 20.3921	130.1042	 12.0480	115.0125	  1.8102
 20.3657	130.3625	 12.0638	115.2708	  1.8105
 20.3837	129.7542	 12.0367	115.4250	  1.8099
 20.3833	130.4458	 12.0393	115.6125	  1.8102
 20.3697	130.7958	 12.0743	115.1958	  1.8105
 20.3745	130.6375	 12.0477	115.6167	  1.8101
 20.3847	130.7750	 12.0483	115.4625	  1.8106
 20.3864	130.6125	 12.0466	115.1125	  1.8103
 20.3756	130.4542	 12.0616	115.0083	  1.8101
 20.3844	130.2625	 12.0587	115.2208	  1.8102
 20.3796	130.2042	 12.0750	115.6833	  1.8098
 20.3863	130.9167	 12.0505	115.1625	  1.8103
 20.3807	130.9917	 12.0526	115.5792	  1.8102
 20.3896	130.9000	 12.0543	115.7250	  1.8109
 20.3738	130.8792	 12.0616	115.1000	  1.8102
 20.3963	129.8042	 12.0650	115.6958	  1.8102
 20.3785	130.4125	 12.0602	115.1250	  1.8100
 20.3629	130.4375	 12.0455	115.2000	  1.8099
 20.3855	130.7500	 12.0664	114.9292	  1.8104
 20.3738	130.0917	 12.0677	115.3625	  1.8108
 20.3927	130.4083	 12.0613	115.1333	  1.8109
 20.3820	130.8833	 12.0645	115.5000	  1.8102
 20.3885	130.5542	 12.0656	114.9417	  1.8102
 20.3869	130.5875	 12.0609	114.9792	  1.8101
 20.3732	131.0292	 12.0629	115.4708	  1.8111
 20.3875	130.7167	 12.0542	114.7750	  1.8099
 20.3850	130.4625	 12.0432	115.6208	  1.8097
 20.3849	130.8125	 12.0613	116.0542	  1.8105
 20.3786	130.5500	 12.0564	115.5167	  1.8093
 20.3791	130.8500	 12.0493	114.9667	  1.8100
 20.3912	130.5708	 12.0584	114.9250	  1.8101
 20.3736	130.8542	 12.0729	115.0417	  1.8101
 20.3849	130.3875	 12.0571	115.7167	  1.8104
 20.3798	130.6625	 12.0604	114.9750	  1.8101
 20.3882	130.0333	 12.0516	114.8792	  1.8097
 20.3768	130.8958	 12.0618	114.8500	  1.8106
 20.3903	130.7375	 12.0560	114.9500	  1.8098
 20.3788	130.7833	 12.0516	115.5042	  1.8103
 20.4019	130.6458	 12.0392	115.2042	  1.8096
 20.3915	130.4000	 12.0448	114.8208	  1.8106
 20.3785	131.0667	 12.0530	115.9125	  1.8101
 20.3860	130.2250	 12.0468	115.1875	  1.8101
 20.3716	130.2042	 12.0647	115.0542	  1.8105
 20.3752	130.5125	 12.0665	115.2708	  1.8103
 20.3922	130.5125	 12.0647	115.1042	  1.8096
 20.3646	130.1500	 12.0594	115.4042	  1.8104
 20.3827	130.5833	 12.0233	114.8500	  1.8105
 20.3900	130.9625	 12.0486	115.8042	  1.8104
 20.3832	130.2417	 12.0745	114.9667	  1.8105
 20.3928	130.7917	 12.0470	114.9667	  1.8097
 20.3854	130.7417	 12.0663	115.6542	  1.8098
 20.3851	130.9750	 12.0498	115.0750	  1.8105
 20.3782	130.8458	 12.0702	115.3458	  1.8102
 20.3889	131.4042	 12.0522	115.4833	  1.8105
 20.3712	130.9125	 12.0701	115.7042	  1.8102
 20.3887	130.5083	 12.0461	115.1250	  1.8103
 20.3856	130.8500	 12.0552	115.3125	  1.8099
 20.3999	130.6208	 12.0617	115.4958	  1.8100
 20.4015	130.5875	 12.0635	114.4833	  1.8105
 20.3893	130.3750	 12.0598	115.4750	  1.8105
 20.3835	130.3708	 12.0651	115.3583	  1.8104
 20.3768	130.4875	 12.0512	115.7792	  1.8097
 20.3888	130.5250	 12.0460	115.3083	  1.8098
 20.3645	130.7333	 12.0627	115.1042	  1.8100
 20.3845	130.7625	 12.0480	115.0083	  1.8099
 20.4151	129.9542	 12.0573	115.1125	  1.8103
 20.3818	130.3833	 12.0554	115.3458	  1.8100
 20.3970	130.3167	 12.0660	115.2250	  1.8104
 20.3704	130.2208	 12.0590	115.0167	  1.8107
 20.3891	130.6583	 12.0588	115.6958	  1.8102
 20.3720	130.3750	 12.0415	115.1667	  1.8100
 20.3812	130.2583	 12.0489	115.5083	  1.8095
 20.3712	131.0292	 12.0474	115.0000	  1.8105
 20.3850	130.3125	 12.0607	115.0875	  1.8105
 20.3706	130.1500	 12.0758	115.3792	  1.8098
 20.3909	130.3875	 12.0606	114.8750	  1.8099
 20.3930	130.3333	 12.0648	115.3542	  1.8099
 20.3892	130.3083	 12.0519	115.1333	  1.8104
 20.3965	130.3208	 12.0671	115.5917	  1.8096
 20.3915	130.1542	 12.0400	114.5958	  1.8098
 20.3913	130.8625	 12.0476	115.3667	  1.8095
 20.3662	130.7000	 12.0542	115.6625	  1.8099
 20.3906	130.8458	 12.0582	115.2667	  1.8103
 20.3939	130.3458	 12.0689	115.4917	  1.8107
 20.3835	130.6083	 12.0583	115.1042	  1.8104
 20.3788	130.7833	 12.0614	114.9250	  1.8105
 20.3846	130.9625	 12.0649	115.4958	  1.8103
 20.3775	130.3917	 12.0541	115.3458	  1.8108
 20.4004	130.4792	 12.0516	115.3625	  1.8098
 20.3966	130.6625	 12.0547	115.5125	  1.8100
 20.3991	130.8167	 12.0722	114.9417	  1.8101
 20.3876	130.5875	 12.0536	115.2958	  1.8104
 20.3704	130.7625	 12.0724	115.3417	  1.8097
 20.4012	130.7875	 12.0530	114.8292	  1.8097
 20.3955	130.5500	 12.0354	115.5167	  1.8104
 20.4069	130.8875	 12.0646	115.0958	  1.8101
 20.4115	130.2458	 12.0546	115.3875	  1.8104
 20.3823	130.7875	 12.0521	115.0667	  1.8099
 20.3649	130.8250	 12.0535	115.7375	  1.8102
 20.3775	130.0333	 12.0554	115.9083	  1.8110
 20.3604	131.0667	 12.0601	115.2875	  1.8105
 20.3745	130.7583	 12.0610	115.2917	  1.8101
 20.3878	130.6167	 12.0591	115.1333	  1.8102
 20.3851	130.7042	 12.0644	115.3000	  1.8104
 20.4001	130.8125	 12.0484	114.7417	  1.8102
 20.4001	130.4708	 12.0644	115.3083	  1.8104
 20.3912	130.6542	 12.0484	115.3125	  1.8102
 20.3800	130.8042	 12.0703	114.9833	  1.8101
 20.3858	130.4792	 12.0555	114.6667	  1.8103
 20.3832	131.0667	 12.0559	114.8875	  1.8094
 20.3948	130.4208	 12.0534	114.9125	  1.8103
 20.4038	130.3875	 12.0781	115.1875	  1.8099
 20.4080	130.7875	 12.0651	115.3417	  1.8101
 20.3863	130.5833	 12.0523	115.5792	  1.8095
 20.3767	130.2083	 12.0662	114.7250	  1.8096
 20.3912	130.7333	 12.0411	115.6375	  1.8100
 20.3817	130.2708	 12.0394	115.3333	  1.8091
 20.3819	130.6792	 12.0700	115.4458	  1.8103
 20.3829	130.5583	 12.0636	115.3083	  1.8103
 20.3981	130.4292	 12.0657	114.8542	  1.8104
 20.3780	130.7375	 12.0456	115.3042	  1.8108
 20.3702	130.0125	 12.0458	115.7792	  1.8102
 20.3856	130.0500	 12.0824	115.0167	  1.8101
 20.3862	130.5458	 12.0416	114.4333	  1.8102
 20.3849	130.6792	 12.0615	115.0958	  1.8102
 20.3900	131.4125	 12.0596	116.2458	  1.8104
 20.3849	130.3792	 12.0386	115.2292	  1.8097
 20.3954	130.3625	 12.0526	115.5917	  1.8104
 20.3889	130.7708	 12.0527	115.4125	  1.8108
 20.3815	130.9125	 12.0404	114.5583	  1.8103
 20.3969	130.6958	 12.0509	115.1542	  1.8104
 20.3915	131.1958	 12.0599	115.4208	  1.8101
 20.3905	130.6458	 12.0553	115.2542	  1.8104
 20.3837	130.4542	 12.0589	115.0000	  1.8105
 20.3944	130.0167	 12.0493	115.1792	  1.8102
 20.3839	131.0042	 12.0416	114.9292	  1.8101
 20.3788	130.5167	 12.0571	115.4125	  1.8099
 20.3897	130.3583	 12.0554	115.3083	  1.8103
 20.3795	130.7750	 12.0555	115.1500	  1.8104
 20.3895	130.1917	 12.0459	115.1875	  1.8103
 20.3868	130.2792	 12.0643	115.3042	  1.8100
 20.3880	129.8375	 12.0523	114.4292	  1.8100
 20.3856	131.1167	 12.0643	114.8333	  1.8103
 20.3644	130.4792	 12.0698	115.4417	  1.8101
 20.3808	130.2792	 12.0557	115.4167	  1.8101
 20.3970	130.0667	 12.0608	114.4917	  1.8101
 20.3913	130.9750	 12.0466	114.9875	  1.8103
 20.3951	130.6333	 12.0555	115.5208	  1.8105
 20.4065	131.1083	 12.0620	115.9208	  1.8109
 20.3925	130.3000	 12.0602	114.9500	  1.8104
 20.3919	130.7083	 12.0641	115.0875	  1.8100
 20.3796	130.7333	 12.0595	115.1208	  1.8101
 20.3938	130.1917	 12.0547	114.4000	  1.8104
 20.3668	130.5000	 12.0648	114.9583	  1.8100
 20.3682	131.0792	 12.0575	115.1125	  1.8107
 20.3934	131.0167	 12.0618	115.3917	  1.8105
 20.3843	130.5792	 12.0775	115.2125	  1.8104
 20.3743	130.5542	 12.0564	115.3583	  1.8102
 20.3837	130.3458	 12.0663	114.8042	  1.8104
 20.3851	130.7167	 12.0596	115.4583	  1.8105
 20.3742	130.5333	 12.0525	115.4125	  1.8100
 20.3853	130.7792	 12.0558	115.0375	  1.8101
 20.3923	130.3167	 12.0586	114.7125	  1.8099
 20.3751	130.9542	 12.0331	114.8250	  1.8100
 20.3756	130.6333	 12.0451	115.1083	  1.8108
 20.3850	130.5083	 12.0560	115.3333	  1.8101
 20.3539	130.1500	 12.0717	115.2292	  1.8103
 20.3861	130.6667	 12.0509	115.0667	  1.8103
 20.3855	130.7333	 12.0526	114.5417	  1.8100
 20.3733	130.4333	 12.0593	114.9917	  1.8111
 20.3824	130.3667	 12.0658	115.2917	  1.8099
 20.3822	130.3542	 12.0520	115.2708	  1.8101
 20.3925	131.1583	 12.0446	115.5417	  1.8101
 20.3623	130.8042	 12.0421	114.8583	  1.8107
 20.3926	130.9667	 12.0549	115.4750	  1.8107
 20.3896	131.0875	 12.0477	115.5625	  1.8102
 20.3856	130.7667	 12.0644	115.5333	  1.8096
 20.3989	130.3875	 12.0510	114.8292	  1.8106
 20.3911	130.0875	 12.0490	115.0333	  1.8097
 20.3806	130.6625	 12.0755	115.1750	  1.8107
 20.3796	130.3792	 12.0569	115.3708	  1.8096
 20.3828	130.8500	 12.0516	115.3500	  1.8103
 20.3955	130.6250	 12.0505	115.7417	  1.8106
 20.3848	130.3208	 12.0545	114.9792	  1.8104
 20.3834	129.7042	 12.0698	114.7292	  1.8104
 20.3695	130.2000	 12.0576	115.2000	  1.8112
 20.3967	131.0667	 12.0641	114.9250	  1.8101
 20.3911	130.4125	 12.0432	115.6417	  1.8109
 20.3821	130.0708	 12.0514	115.0458	  1.8101
 20.3896	130.3958	 12.0687	116.4167	  1.8101
 20.3975	129.8792	 12.0576	115.5083	  1.8098
 20.3872	130.9167	 12.0539	115.4125	  1.8106
 20.4036	130.6708	 12.0559	115.6417	  1.8101
 20.3898	130.6208	 12.0461	115.0625	  1.8100
 20.3993	130.9833	 12.0517	115.1875	  1.8101
 20.3866	130.2708	 12.0534	115.4333	  1.8105
 20.3972	130.3958	 12.0582	115.4250	  1.8098
 20.3701	130.2167	 12.0603	115.1542	  1.8102
 20.3676	130.5583	 12.0534	115.1333	  1.8100
 20.3763	130.5750	 12.0544	115.0000	  1.8102
 20.3818	130.9125	 12.0553	115.2917	  1.8102
 20.3673	130.8750	 12.0765	115.0833	  1.8098
 20.3817	130.5458	 12.0589	115.4625	  1.8104
 20.3986	130.3083	 12.0574	115.3417	  1.8097
 20.3864	130.6833	 12.0548	115.0417	  1.8102
 20.3845	130.5375	 12.0498	114.8333	  1.8105
 20.3805	130.4292	 12.0437	115.5375	  1.8103
 20.3627	130.8000	 12.0474	115.4917	  1.8097
 20.3953	131.1417	 12.0597	115.3000	  1.8099
 20.3837	130.8250	 12.0520	114.9875	  1.8104
 20.3890	130.7542	 12.0587	114.8500	  1.8100
 20.3997	130.8000	 12.0632	114.8417	  1.8095
 20.4011	130.7000	 12.0614	115.4042	  1.8104
 20.3930	130.8958	 12.0765	115.2750	  1.8108
 20.3875	130.9917	 12.0559	115.1458	  1.8102
 20.4000	130.7042	 12.0574	115.7708	  1.8105
 20.3991	129.8958	 12.0616	115.1667	  1.8104
 20.3888	130.6042	 12.0502	115.0792	  1.8103
 20.3978	131.0750	 12.0443	115.2875	  1.8104
 20.3859	130.7125	 12.0603	114.9750	  1.8103
 20.3736	130.6042	 12.0617	115.0917	  1.8100
 20.3751	130.2417	 12.0527	115.0583	  1.8103
 20.3909	130.5333	 12.0560	115.5417	  1.8102
 20.3887	130.1833	 12.0462	114.9500	  1.8103
 20.3881	130.2125	 12.0559	115.2250	  1.8102
 20.3827	130.5333	 12.0482	115.2292	  1.8103
 20.4029	130.1292	 12.0475	115.6083	  1.8100
 20.3752	130.4625	 12.0628	115.4583	  1.8102
 20.3834	130.6042	 12.0586	114.8083	  1.8100
 20.3923	131.0917	 12.0693	115.1375	  1.8108
 20.3726	129.9375	 12.0486	114.9542	  1.8103
 20.3870	131.1625	 12.0675	115.8583	  1.8101
 20.3767	130.2625	 12.0531	114.9583	  1.8104
 20.3731	130.2583	 12.0520	115.8583	  1.8103
 20.3887	130.8625	 12.0626	115.0917	  1.8100
 20.3952	130.6542	 12.0533	114.4958	  1.8100
 20.3814	130.1042	 12.0657	114.6917	  1.8098
 20.3794	131.0208	 12.0713	115.7458	  1.8102
 20.3975	130.5083	 12.0595	115.2083	  1.8107
 20.3961	130.3458	 12.0418	115.0917	  1.8102
 20.3766	130.8417	 12.0550	115.3083	  1.8108
 20.3706	130.4792	 12.0575	114.7542	  1.8097
 20.3952	130.5917	 12.0523	115.0500	  1.8097
 20.3830	130.2542	 12.0541	115.7250	  1.8095
 20.3813	130.3833	 12.0620	115.0125	  1.8101
 20.3947	130.2250	 12.0536	115.1958	  1.8105
 20.3885	130.7500	 12.0541	116.5250	  1.8102
 20.4116	130.6208	 12.0748	115.6333	  1.8100
 20.3946	130.5250	 12.0503	115.5583	  1.8102
 20.3741	130.6875	 12.0525	115.6375	  1.8099
 20.3948	130.3875	 12.0528	115.6583	  1.8100
 20.4049	130.3333	 12.0666	114.9292	  1.8104
 20.3771	130.3917	 12.0523	115.2958	  1.8108
 20.3790	130.7250	 12.0699	115.1375	  1.8104
 20.3625	130.5458	 12.0479	115.0208	  1.8106
 20.3960	131.1333	 12.0673	115.0083	  1.8097
 20.3904	130.8458	 12.0672	115.1250	  1.8099
 20.3741	131.2083	 12.0538	115.6417	  1.8098
 20.3844	130.5375	 12.0651	114.8125	  1.8104
 20.3953	130.7167	 12.0617	115.0167	  1.8102
 20.3829	130.2458	 12.0502	114.9708	  1.8099
 20.3878	130.6792	 12.0579	114.9958	  1.8099
 20.3781	130.3667	 12.0628	115.3917	  1.8100
 20.3900	129.8833	 12.0626	114.5958	  1.8103
 20.3887	130.3458	 12.0458	115.4458	  1.8108
 20.3886	131.1792	 12.0574	114.7917	  1.8105
 20.3805	130.9583	 12.0496	115.1208	  1.8102
 20.3824	130.0917	 12.0569	115.5958	  1.8103
 20.3903	130.8625	 12.0534	115.2500	  1.8100
 20.3700	130.2667	 12.0500	114.8750	  1.8099
 20.3863	130.4667	 12.0542	115.5042	  1.8103
 20.3844	131.0667	 12.0592	115.1750	  1.8103
 20.4062	130.7333	 12.0618	115.7083	  1.8095
 20.3990	130.5125	 12.0617	114.6667	  1.8106
 20.3794	130.6750	 12.0550	114.9792	  1.8101
 20.3922	130.4083	 12.0466	115.1208	  1.8100
 20.3977	130.7083	 12.0506	115.0667	  1.8102
 20.4054	130.9500	 12.0528	115.1250	  1.8100
 20.3952	130.9667	 12.0660	114.9042	  1.8096
 20.3892	130.6792	 12.0503	115.3292	  1.8100
 20.3870	130.7792	 12.0591	115.2542	  1.8102
 20.3749	129.9292	 12.0529	115.2625	  1.8100
 20.3839	130.1500	 12.0720	115.1458	  1.8105
 20.3921	130.7792	 12.0544	115.3542	  1.8103
 20.3811	130.4083	 12.0563	114.8083	  1.8101
 20.3906	130.8000	 12.0602	115.0708	  1.8105
 20.3770	130.7750	 12.0582	115.0958	  1.8103
 20.3745	130.8750	 12.0495	115.5333	  1.8102
 20.3806	130.6167	 12.0528	114.8708	  1.8104
 20.3858	130.4958	 12.0533	115.3750	  1.8101
 20.3902	130.4125	 12.0513	115.2875	  1.8104
 20.3749	130.8083	 12.0585	115.1875	  1.8103
 20.3665	130.1792	 12.0503	115.4333	  1.8094
 20.3970	130.5000	 12.0569	115.4000	  1.8101
 20.3872	130.9458	 12.0485	114.9042	  1.8098
 20.3896	130.5042	 12.0643	115.1458	  1.8100
 20.3840	130.9625	 12.0634	115.4708	  1.8103
 20.3735	130.3083	 12.0534	114.7042	  1.8099
 20.3922	130.5208	 12.0634	115.9250	  1.8105
 20.3835	130.5708	 12.0651	114.9500	  1.8103
 20.3836	130.2708	 12.0552	114.7792	  1.8100
 20.3629	131.0667	 12.0629	115.1458	  1.8105
 20.3795	130.7167	 12.0511	114.7042	  1.8099
 20.3914	130.3542	 12.0524	115.4458	  1.8099
 20.3957	130.8292	 12.0417	114.8708	  1.8101
 20.3979	130.3958	 12.0620	115.1292	  1.8101
 20.3716	130.1708	 12.0560	115.5000	  1.8104
 20.3795	130.4458	 12.0652	114.7375	  1.8098
 20.3900	130.6167	 12.0556	114.7625	  1.8106
 20.3719	130.2667	 12.0561	115.2958	  1.8103
 20.4052	130.6708	 12.0587	115.0333	  1.8101
 20.3810	130.7833	 12.0475	115.1167	  1.8104
 20.3780	130.0375	 12.0637	114.8958	  1.8098
 20.3737	130.5167	 12.0612	115.5292	  1.8101
 20.3975	130.2042	 12.0464	115.2000	  1.8098
 20.4030	130.5333	 12.0420	115.6167	  1.8101
 20.3896	130.4833	 12.0446	115.4125	  1.8105
 20.3896	130.3500	 12.0595	115.3250	  1.8101
 20.3965	130.4250	 12.0668	115.4000	  1.8101
 20.3688	130.5250	 12.0464	115.2167	  1.8103
 20.3841	130.5583	 12.0597	115.6458	  1.8100
 20.3874	130.2000	 12.0495	115.3458	  1.8101
 20.3889	130.6458	 12.0559	115.1292	  1.8099
 20.3812	130.3458	 12.0565	115.3167	  1.8102
 20.3849	130.1375	 12.0755	115.0958	  1.8096
 20.4037	130.6583	 12.0604	115.2833	  1.8101
 20.3791	130.9458	 12.0524	115.0667	  1.8105
 20.3897	130.6583	 12.0628	115.2417	  1.8098
 20.4007	131.2208	 12.0551	115.7917	  1.8103
 20.3732	130.5042	 12.0481	114.8000	  1.8101
 20.3786	130.2750	 12.0566	114.9208	  1.8104
 20.3821	131.2833	 12.0625	115.9000	  1.8101
 20.3886	130.6792	 12.0579	115.3083	  1.8104
 20.3956	130.6875	 12.0584	115.4333	  1.8102
 20.3831	130.2750	 12.0523	114.8333	  1.8101
 20.3800	129.9958	 12.0515	115.4625	  1.8103
 20.3808	130.9000	 12.0482	114.9417	  1.8101
 20.3728	130.9625	 12.0542	115.3875	  1.8101
 20.3877	130.0750	 12.0523	115.1875	  1.8104
 20.3991	130.9917	 12.0447	115.5583	  1.8103
 20.3891	130.6625	 12.0496	115.8167	  1.8095
 20.3791	130.2500	 12.0500	115.0083	  1.8106
 20.3753	130.8375	 12.0572	114.3750	  1.8100
 20.4099	130.1583	 12.0698	115.4833	  1.8097
 20.3716	130.3917	 12.0683	115.0417	  1.8106
 20.3752	130.5792	 12.0595	115.6083	  1.8099
 20.3964	130.9750	 12.0546	115.0542	  1.8103
 20.3826	130.7125	 12.0769	114.7833	  1.8099
 20.4141	130.4167	 12.0466	115.0750	  1.8107
 20.4012	130.1833	 12.0588	114.9625	  1.8102
 20.3869	130.6958	 12.0389	115.3792	  1.8100
 20.3915	131.1167	 12.0645	114.9708	  1.8102
 20.3963	130.6458	 12.0547	115.2000	  1.8103
 20.3993	130.2000	 12.0564	115.4333	  1.8106
 20.3904	130.2750	 12.0790	115.2625	  1.8095
 20.3974	130.3083	 12.0422	114.8958	  1.8103
 20.3678	130.6083	 12.0659	115.1583	  1.8096
 20.3886	130.6250	 12.0600	116.1375	  1.8102
 20.3939	130.2042	 12.0564	114.8667	  1.8102
 20.3966	130.8375	 12.0580	115.5208	  1.8105
 20.3981	130.3333	 12.0600	115.4000	  1.8098
 20.3962	130.7917	 12.0475	115.2458	  1.8102
 20.3921	130.2875	 12.0584	114.7083	  1.8096
 20.3983	130.2583	 12.0596	115.1417	  1.8103
 20.3900	131.1292	 12.0459	115.6250	  1.8102
 20.3855	130.5125	 12.0516	114.8958	  1.8103
 20.3806	130.2083	 12.0555	115.3625	  1.8104
 20.3922	130.9875	 12.0505	115.4125	  1.8103
 20.3802	130.1667	 12.0578	115.2750	  1.8100
 20.3864	131.0250	 12.0620	115.4292	  1.8102
 20.3812	130.5042	 12.0651	114.6583	  1.8098
 20.3906	130.4292	 12.0527	115.0000	  1.8098
 20.3873	130.2333	 12.0591	115.2833	  1.8100
 20.4054	130.4750	 12.0583	114.9292	  1.8107
 20.3663	130.4500	 12.0675	115.4375	  1.8101
 20.3815	130.7625	 12.0601	115.2708	  1.8097
 20.3849	130.6833	 12.0612	115.4167	  1.8110
 20.3813	131.0958	 12.0449	115.3958	  1.8101
 20.3804	130.5125	 12.0519	115.2000	  1.8098
 20.3923	131.0500	 12.0694	114.7000	  1.8099
 20.3912	130.6958	 12.0638	115.1500	  1.8098
 20.4111	130.6542	 12.0562	115.2708	  1.8095
 20.4009	130.6792	 12.0565	116.3042	  1.8098
 20.3811	130.2625	 12.0429	115.1125	  1.8104
 20.3986	130.8500	 12.0667	115.1208	  1.8101
 20.3842	130.4333	 12.0524	115.5292	  1.8097
 20.3938	130.4250	 12.0524	115.5542	  1.8103
 20.3978	130.5833	 12.0475	115.6458	  1.8101
 20.3775	131.4958	 12.0345	115.3000	  1.8097
 20.3831	130.2042	 12.0596	115.5417	  1.8103
 20.3848	130.7458	 12.0692	115.2375	  1.8104
 20.3965	130.1458	 12.0588	114.7417	  1.8097
 20.3781	130.3833	 12.0552	115.0333	  1.8105
 20.3922	130.9042	 12.0449	115.6792	  1.8097
 20.3756	130.4375	 12.0578	115.4875	  1.8099
 20.3820	130.6458	 12.0451	115.2125	  1.8101
 20.3595	131.2417	 12.0520	115.6000	  1.8098
 20.3881	130.3958	 12.0659	115.3208	  1.8100
 20.3932	131.0000	 12.0511	115.5958	  1.8102
 20.3775	130.8708	 12.0555	115.0667	  1.8106
 20.3896	130.7375	 12.0576	115.4583	  1.8100
 20.3883	130.7167	 12.0556	115.0208	  1.8098
 20.3972	130.3208	 12.0547	115.3708	  1.8096
 20.3866	130.9833	 12.0531	115.4375	  1.8098
 20.3538	129.8458	 12.0533	115.1083	  1.8101
 20.3845	130.3625	 12.0638	114.9542	  1.8099
 20.3803	130.7958	 12.0598	115.2792	  1.8101
 20.3906	130.6250	 12.0555	115.2833	  1.8099
 20.3939	130.3750	 12.0714	115.1333	  1.8099
 20.3713	130.3458	 12.0438	115.0583	  1.8102
 20.3927	130.0708	 12.0700	114.7500	  1.8101
 20.3858	130.9792	 12.0456	115.1167	  1.8104
 20.3873	130.8125	 12.0723	115.4250	  1.8104
 20.3952	130.7167	 12.0523	115.4833	  1.8103
 20.3960	130.2708	 12.0579	114.8292	  1.8100
 20.3969	130.5083	 12.0468	115.4500	  1.8100
 20.3795	130.4958	 12.0591	115.4792	  1.8104
 20.3846	130.2500	 12.0506	115.5875	  1.8096
 20.4085	130.5583	 12.0576	115.0125	  1.8096
 20.3807	130.5042	 12.0545	115.2042	  1.8098
 20.3835	129.7042	 12.0575	115.1750	  1.8105
 20.3791	130.8542	 12.0714	115.4875	  1.8104
 20.3791	130.7917	 12.0493	114.9625	  1.8098
 20.3935	130.2417	 12.0561	115.1833	  1.8103
 20.3763	130.7833	 12.0499	115.7333	  1.8093
 20.3643	131.2625	 12.0604	115.6167	  1.8099
 20.3866	130.6000	 12.0536	115.3708	  1.8095
 20.3900	131.0375	 12.0487	114.7875	  1.8100
 20.3724	130.3833	 12.0669	115.5042	  1.8101
 20.3870	130.7000	 12.0689	114.9250	  1.8101
 20.3872	130.5417	 12.0618	115.1208	  1.8097
 20.3870	131.4250	 12.0487	114.6792	  1.8095
 20.3815	129.8875	 12.0527	115.2333	  1.8099
 20.3835	130.2833	 12.0362	115.1042	  1.8105
 20.3872	130.8708	 12.0570	115.8958	  1.8099
 20.3966	130.5292	 12.0488	114.7500	  1.8100
 20.3792	130.8792	 12.0481	115.2333	  1.8106
 20.3925	131.0083	 12.0370	115.3375	  1.8098
 20.3845	130.1958	 12.0759	115.1500	  1.8096
 20.3860	130.5417	 12.0540	115.1375	  1.8101
 20.3956	131.2083	 12.0515	115.0917	  1.8096
 20.3684	130.4542	 12.0593	114.7125	  1.8098
 20.3867	130.4542	 12.0642	115.4542	  1.8094
 20.3881	130.6792	 12.0398	115.0708	  1.8101
 20.3824	130.6167	 12.0522	115.0958	  1.8100
 20.3725	130.9750	 12.0575	115.5375	  1.8099
 20.3781	130.7083	 12.0607	115.2042	  1.8100
 20.3810	130.7042	 12.0663	115.6000	  1.8100
 20.3965	130.5458	 12.0723	115.0000	  1.8095
 20.3742	130.7583	 12.0565	114.6333	  1.8097
 20.3831	130.4792	 12.0572	115.5375	  1.8099
 20.3916	130.8292	 12.0566	115.0792	  1.8098
 20.3861	130.8833	 12.0664	115.2333	  1.8096
 20.3836	130.5917	 12.0476	115.6000	  1.8098
 20.3980	130.5375	 12.0619	115.6792	  1.8100
 20.3798	130.3583	 12.0321	115.3375	  1.8103
 20.3933	130.7167	 12.0598	115.5042	  1.8101
 20.3751	130.7417	 12.0712	114.6083	  1.8099
 20.3903	130.3583	 12.0483	115.0500	  1.8101
 20.3822	130.6417	 12.0601	115.3083	  1.8102
 20.3877	130.4792	 12.0488	114.8875	  1.8096
 20.3984	130.8792	 12.0443	115.2667	  1.8101
 20.3687	130.6375	 12.0591	116.2167	  1.8102
 20.3910	130.7250	 12.0628	115.5917	  1.8101
 20.3780	130.9042	 12.0442	115.7000	  1.8105
 20.3742	130.2792	 12.0613	115.6417	  1.8096
 20.3718	130.2542	 12.0658	115.2792	  1.8102
 20.3849	130.1542	 12.0611	115.0792	  1.8100
 20.3791	130.5250	 12.0624	115.4375	  1.8096
 20.3953	131.2875	 12.0514	115.4667	  1.8100
 20.3874	130.2125	 12.0670	115.3375	  1.8100
 20.4061	130.5542	 12.0541	115.5792	  1.8102
 20.3949	131.1292	 12.0553	114.9917	  1.8100
 20.3689	130.4625	 12.0684	115.7500	  1.8103
 20.3775	130.0167	 12.0607	115.1125	  1.8098
 20.3621	130.8542	 12.0464	115.0958	  1.8106
 20.3954	129.8833	 12.0532	115.3000	  1.8103
 20.3892	130.3792	 12.0510	115.2125	  1.8112
 20.3731	130.4583	 12.0537	114.8708	  1.8107
 20.3716	130.2167	 12.0454	115.0083	  1.8099
 20.3840	130.3958	 12.0503	115.3750	  1.8099
 20.3853	130.3542	 12.0577	115.1583	  1.8101
 20.3857	130.5417	 12.0522	115.3583	  1.8098
 20.3723	131.5583	 12.0669	115.1875	  1.8098
 20.3931	130.2500	 12.0666	115.3500	  1.8100
 20.3994	130.3042	 12.0664	114.7458	  1.8103
 20.3963	130.4667	 12.0404	115.7625	  1.8097
 20.3775	130.9000	 12.0476	115.3417	  1.8103
 20.3869	130.8583	 12.0570	115.3417	  1.8102
 20.4030	130.3792	 12.0713	115.5875	  1.8105
 20.3930	130.6542	 12.0531	115.2792	  1.8098
 20.3776	130.7208	 12.0594	115.5583	  1.8099
 20.3929	131.0500	 12.0451	115.8167	  1.8094
 20.3942	131.0792	 12.0657	115.3958	  1.8097
 20.3795	130.5292	 12.0460	114.4458	  1.8104
 20.3986	130.0625	 12.0408	115.6292	  1.8099
 20.3834	130.6417	 12.0491	115.1417	  1.8103
 20.3905	130.4042	 12.0892	114.8958	  1.8103
 20.3884	130.5042	 12.0648	114.9583	  1.8100
 20.3869	130.3167	 12.0524	115.0417	  1.8097
 20.3669	130.5125	 12.0517	115.6292	  1.8103
 20.3798	130.7042	 12.0534	115.0833	  1.8099
 20.3837	130.8083	 12.0483	115.1083	  1.8100
 20.3877	131.0042	 12.0499	115.3333	  1.8101
 20.3724	130.2333	 12.0441	115.3708	  1.8096
 20.3748	130.1375	 12.0656	115.9875	  1.8102
 20.3996	131.1333	 12.0570	115.3250	  1.8102
 20.3788	130.2458	 12.0539	115.1667	  1.8101
 20.3947	130.1917	 12.0576	115.2083	  1.8103
 20.3841	130.6500	 12.0634	115.1750	  1.8101
 20.3758	130.4583	 12.0471	115.1625	  1.8102
 20.3987	130.7917	 12.0581	115.2708	  1.8097
 20.3987	130.5125	 12.0499	115.1000	  1.8097
 20.3841	131.2000	 12.0526	115.3792	  1.8104
 20.3699	130.8500	 12.0590	115.7667	  1.8097
 20.3871	130.6417	 12.0697	115.3958	  1.8102
 20.3779	131.0667	 12.0687	114.8708	  1.8105
 20.3884	130.9000	 12.0572	114.8875	  1.8101
 20.3907	130.2667	 12.0701	115.1500	  1.8101
 20.3958	130.2167	 12.0546	115.3542	  1.8100
 20.3854	130.9792	 12.0381	115.3625	  1.8104
 20.3803	130.9542	 12.0530	114.8292	  1.8104
 20.3902	130.4625	 12.0635	114.9833	  1.8105
 20.3906	131.0667	 12.0527	115.1375	  1.8102
 20.3725	130.7042	 12.0387	115.3917	  1.8098
 20.3932	130.5000	 12.0612	115.1458	  1.8097
 20.3876	130.0542	 12.0536	115.2417	  1.8106
 20.3796	131.0000	 12.0684	114.8792	  1.8106
 20.3799	130.5917	 12.0538	115.1083	  1.8095
 20.3798	130.4458	 12.0583	115.4542	  1.8096
 20.3784	130.9292	 12.0624	115.8750	  1.8100
 20.3871	130.8083	 12.0475	115.1292	  1.8095
 20.3718	130.6292	 12.0658	115.6333	  1.8095
 20.3838	131.3125	 12.0394	115.1083	  1.8096
 20.3755	130.5958	 12.0465	114.9750	  1.8097
 20.3936	130.7250	 12.0374	115.1417	  1.8096
 20.3664	131.0167	 12.0575	115.1167	  1.8100
 20.3911	130.6250	 12.0533	115.1208	  1.8104
 20.3990	129.8042	 12.0684	115.0625	  1.8103
 20.3598	130.4833	 12.0799	115.0083	  1.8100
 20.3959	130.6875	 12.0687	114.8000	  1.8101
 20.3912	130.8292	 12.0433	116.1708	  1.8100
 20.3779	131.1792	 12.0469	115.3875	  1.8101
 20.3988	131.0000	 12.0477	115.3583	  1.8097
 20.4020	130.5042	 12.0553	115.0042	  1.8103
 20.3996	130.8917	 12.0683	114.2833	  1.8097
 20.3781	130.2667	 12.0710	115.3708	  1.8101
 20.3891	130.2417	 12.0634	115.5375	  1.8103
 20.4045	130.3292	 12.0624	115.3625	  1.8098
 20.3827	130.1958	 12.0568	115.4375	  1.8097
 20.3708	131.2750	 12.0811	115.2167	  1.8099
 20.3848	130.6917	 12.0593	114.8417	  1.8096
 20.3686	130.4000	 12.0415	115.1000	  1.8100
 20.3884	130.3917	 12.0440	115.6333	  1.8102
 20.3917	131.0500	 12.0500	115.4542	  1.8100
 20.3789	130.2667	 12.0540	115.0000	  1.8099
 20.3737	130.9417	 12.0597	115.1208	  1.8100
 20.3757	130.1792	 12.0676	115.2000	  1.8102
 20.3848	131.0417	 12.0579	115.7917	  1.8099
 20.3913	130.2833	 12.0506	115.0708	  1.8107
 20.3913	130.9292	 12.0502	115.6083	  1.8095
 20.3874	131.0458	 12.0619	115.8667	  1.8095
 20.3805	130.5542	 12.0596	114.6833	  1.8102
 20.3922	130.6083	 12.0611	115.1583	  1.8098
 20.4030	130.4750	 12.0520	114.6417	  1.8094
 20.3883	130.6542	 12.0493	115.3542	  1.8100
 20.3804	130.4667	 12.0473	115.4667	  1.8098
 20.3824	130.4708	 12.0495	114.9208	  1.8098
 20.3896	130.4458	 12.0487	115.2667	  1.8097
 20.3794	130.0917	 12.0544	114.9458	  1.8100
 20.3836	130.9542	 12.0605	115.4292	  1.8100
 20.3839	130.8750	 12.0533	115.5750	  1.8103
 20.4001	130.7458	 12.0489	114.9792	  1.8093
 20.4046	130.8167	 12.0663	115.0042	  1.8106
 20.3862	130.9167	 12.0390	116.2083	  1.8094
 20.3696	130.6375	 12.0477	115.6542	  1.8101
 20.3723	130.4708	 12.0521	115.0583	  1.8101
 20.3748	130.7667	 12.0524	114.5958	  1.8100
 20.3918	129.9333	 12.0676	115.0750	  1.8101
 20.3842	130.6125	 12.0612	115.4958	  1.8101
 20.3756	130.4792	 12.0710	115.3375	  1.8104
 20.4041	130.7333	 12.0510	115.4500	  1.8103
 20.3790	130.7250	 12.0563	115.6125	  1.8098
 20.3792	130.4542	 12.0534	115.1125	  1.8099
 20.3989	130.7625	 12.0496	115.0167	  1.8104
 20.3718	130.3208	 12.0573	115.3417	  1.8100
 20.3825	130.6083	 12.0477	115.6292	  1.8102
 20.3798	130.4542	 12.0559	115.4208	  1.8093
 20.3948	130.8125	 12.0479	115.2292	  1.8103
 20.3795	130.2083	 12.0648	114.9667	  1.8096
 20.3911	130.2083	 12.0600	116.1792	  1.8098
 20.3857	130.5667	 12.0538	115.2042	  1.8096
 20.3954	130.5208	 12.0622	115.3083	  1.8104
 20.3857	130.0708	 12.0550	114.9417	  1.8102
 20.3600	130.4792	 12.0661	115.5333	  1.8102
 20.3830	130.4958	 12.0609	115.6542	  1.8093
 20.4029	130.1417	 12.0695	115.4667	  1.8103
 20.4047	130.2125	 12.0799	115.4042	  1.8101
 20.3928	130.5083	 12.0483	115.8958	  1.8092
 20.3981	130.2917	 12.0507	115.4500	  1.8096
 20.3835	130.4917	 12.0568	115.4792	  1.8095
 20.3845	130.7333	 12.0456	115.0458	  1.8098
 20.3881	130.7250	 12.0561	115.3292	  1.8109
 20.3870	130.6500	 12.0640	115.1917	  1.8097
 20.3789	130.6458	 12.0559	115.5750	  1.8098
 20.4079	130.2583	 12.0656	115.1917	  1.8100
 20.3857	130.2250	 12.0653	115.0333	  1.8089
 20.3755	130.5792	 12.0562	114.9583	  1.8101
 20.3709	130.4125	 12.0520	115.6042	  1.8094
 20.3885	130.4667	 12.0715	114.9708	  1.8102
 20.3840	130.3750	 12.0480	115.5875	  1.8103
 20.3873	130.6083	 12.0747	115.8125	  1.8095
 20.3840	130.8875	 12.0497	115.5458	  1.8107
 20.3780	130.8625	 12.0723	114.7958	  1.8110
 20.3930	130.1167	 12.0693	114.8083	  1.8095
 20.3884	130.8458	 12.0434	115.3292	  1.8097
 20.3983	130.2792	 12.0458	114.8917	  1.8098
 20.3916	130.4667	 12.0479	115.5458	  1.8095
 20.3852	130.7958	 12.0559	115.1167	  1.8100
 20.3820	130.4833	 12.0599	115.2708	  1.8093
 20.3893	130.3333	 12.0534	115.0625	  1.8105
 20.3926	130.4667	 12.0447	114.9500	  1.8095
 20.4059	130.7250	 12.0737	115.3958	  1.8098
 20.3917	130.1417	 12.0499	114.6667	  1.8099
 20.3743	130.8250	 12.0675	115.1250	  1.8101
 20.3829	129.9583	 12.0732	115.2500	  1.8098
 20.3802	131.1458	 12.0443	114.6833	  1.8095
 20.3931	130.4542	 12.0541	115.4167	  1.8101
 20.3968	130.9250	 12.0650	115.3958	  1.8096
 20.3955	130.0417	 12.0571	115.1375	  1.8104
 20.3846	130.3708	 12.0688	115.1333	  1.8098
 20.3974	130.5458	 12.0719	115.6917	  1.8101
 20.3762	130.3958	 12.0595	115.0792	  1.8105
 20.3803	130.9458	 12.0590	115.1583	  1.8104
 20.3744	130.8417	 12.0451	115.2000	  1.8101
 20.3634	131.9667	 12.0436	114.6292	  1.8100
 20.3813	130.3333	 12.0536	115.4750	  1.8101
 20.3893	130.6167	 12.0426	115.5083	  1.8098
 20.3809	130.6042	 12.0578	115.4458	  1.8099
 20.3760	131.1875	 12.0522	115.3917	  1.8103
 20.3829	130.5958	 12.0744	115.0125	  1.8093
 20.3878	130.5667	 12.0447	115.2958	  1.8101
 20.3842	130.5333	 12.0525	115.2292	  1.8095
 20.3909	130.4583	 12.0519	115.0625	  1.8100
 20.3676	130.0750	 12.0558	115.2292	  1.8098
 20.3810	131.0125	 12.0588	115.2833	  1.8100
 20.3859	130.5417	 12.0511	115.7792	  1.8097
 20.3905	130.3750	 12.0569	115.3750	  1.8100
 20.3884	130.3458	 12.0653	114.9667	  1.8098
 20.3924	130.4458	 12.0502	115.2583	  1.8097
 20.4026	131.0667	 12.0550	115.3917	  1.8097
 20.3811	130.1750	 12.0693	115.7375	  1.8091
 20.3804	131.0542	 12.0558	114.6708	  1.8098
 20.3865	130.5125	 12.0713	114.8000	  1.8103
 20.4004	130.5750	 12.0518	115.1125	  1.8099
 20.3754	130.6917	 12.0679	114.9792	  1.8095
 20.4026	130.4792	 12.0645	115.2375	  1.8098
 20.3883	130.9000	 12.0679	114.4000	  1.8104
 20.3841	130.4500	 12.0574	115.7667	  1.8092
 20.3961	130.4542	 12.0537	115.4208	  1.8094
 20.3741	130.3875	 12.0719	115.3833	  1.8092
 20.3739	131.0875	 12.0586	115.3500	  1.8100
 20.3903	130.6667	 12.0684	115.4625	  1.8104
 20.3789	131.2583	 12.0619	115.9667	  1.8099
 20.3949	131.0250	 12.0694	114.9708	  1.8092
 20.3807	130.3708	 12.0525	115.5708	  1.8098
 20.3786	130.5667	 12.0489	115.4917	  1.8098
 20.3812	130.4458	 12.0581	115.3875	  1.8101
 20.3816	131.1125	 12.0618	115.1000	  1.8099
 20.4037	130.5125	 12.0454	115.7750	  1.8096
 20.3769	130.5917	 12.0568	115.6417	  1.8101
 20.3731	130.4708	 12.0807	114.9917	  1.8101
 20.3940	130.7500	 12.0507	115.0125	  1.8098
 20.3954	130.3792	 12.0467	115.5917	  1.8104
 20.3808	130.5583	 12.0613	114.8083	  1.8103
 20.4134	130.6875	 12.0576	115.5250	  1.8101
 20.4001	131.0833	 12.0477	114.6875	  1.8103
 20.4031	130.4833	 12.0522	114.8458	  1.8098
 20.3824	131.3417	 12.0697	115.4500	  1.8099
 20.3794	130.9458	 12.0668	115.6333	  1.8102
 20.3931	130.6167	 12.0366	115.7250	  1.8097
 20.3805	130.3167	 12.0670	114.9500	  1.8104
 20.3920	130.8792	 12.0630	115.0125	  1.8101
 20.3844	129.7333	 12.0538	115.3583	  1.8104
 20.4038	130.2250	 12.0527	115.0875	  1.8097
 20.3969	130.5417	 12.0484	114.8375	  1.8097
 20.3733	130.8500	 12.0628	115.0208	  1.8102
 20.3899	130.0208	 12.0459	114.7042	  1.8097
