P8010116.462835
GADANKI 01/01/1980 16:45:28 01/01/1980 16:46:28 0350 0079.2 0013.4 00
0000000 0020 0001200 0020 05
1 0 2 02000 1 0000 0030 00532.o 0 0 00 000 14 001200 0.100 BT0
1 1 2 02000 1 0000 0030 00532.o 0 0 00 000 00 001200 0.0000 BC0
1 0 2 02000 1 0000 0030 00532.p 0 0 00 000 14 001200 0.100 BT1
1 1 2 02000 1 0000 0030 00532.p 0 0 00 000 00 001200 0.0000 BC1
1 0 2 02000 1 0000 0030 01064.o 0 0 00 000 14 001200 0.100 BT2
532.000 .o analog 0 	532.000 .o photon 0 	532.000 .p analog 1 	532.000 .p photon 1 	1064.000 .o analog 2 
 19.6214	109.2917	  9.7761	 92.1250	  1.8080
 21.0995	148.0292	 11.1411	127.1167	  1.8085
 98.3258	144.9000	 72.8432	126.1792	  1.8098
 99.9749	142.1750	 37.5344	125.2292	  1.8091
 90.9454	138.9625	 30.4548	123.6375	  1.8090
 64.3148	137.8875	 23.4348	122.9167	  1.8088
 48.6200	136.6042	 18.8230	122.6833	  1.8087
 39.4870	134.7125	 16.0732	121.9083	  1.8089
 33.8044	134.3792	 14.3713	121.2542	  1.8098
 30.1091	133.9000	 13.1975	121.3458	  1.8090
 27.6086	133.5125	 12.4156	119.9167	  1.8088
 25.8302	133.0542	 11.8693	120.2583	  1.8090
 24.5808	133.0958	 11.4878	119.6500	  1.8091
 23.6435	132.7833	 11.1601	119.3042	  1.8093
 22.9390	132.3208	 10.9056	119.5708	  1.8091
 22.3599	132.2375	 10.7316	119.4458	  1.8094
 21.9361	132.4625	 10.6000	119.3125	  1.8096
 21.5938	132.0417	 10.4540	119.1875	  1.8091
 21.3303	132.1458	 10.3530	119.4375	  1.8088
 21.0778	132.3667	 10.3074	119.4667	  1.8090
 20.8974	131.9375	 10.2036	118.6750	  1.8090
 20.7336	130.9125	 10.1572	119.1542	  1.8091
 20.6252	131.6875	 10.1483	119.0167	  1.8091
 20.5457	130.8458	 10.1168	118.4417	  1.8090
 20.4449	131.6000	 10.0780	119.2333	  1.8090
 20.3406	131.0083	 10.0296	118.9667	  1.8092
 20.2238	132.0042	  9.9777	119.1792	  1.8087
 20.1589	131.7208	  9.9553	119.0250	  1.8097
 20.1004	131.6000	  9.9496	118.5167	  1.8089
 20.0373	131.3208	  9.9263	118.4208	  1.8088
 19.9866	130.8625	  9.8997	118.8625	  1.8091
 19.9269	130.9083	  9.8792	118.2583	  1.8090
 19.8959	131.2667	  9.8740	118.6083	  1.8089
 19.8571	131.7208	  9.8595	118.8292	  1.8085
 19.8569	131.0750	  9.8463	119.2000	  1.8091
 19.8238	131.3083	  9.8510	119.8833	  1.8093
 19.7979	131.3792	  9.8254	118.9167	  1.8091
 19.7931	131.4875	  9.8436	118.4000	  1.8090
 19.7586	131.2750	  9.8374	117.6542	  1.8093
 19.7254	131.1500	  9.7890	118.6250	  1.8093
 19.6754	131.0583	  9.7893	118.7667	  1.8093
 19.6798	131.3000	  9.7840	118.2625	  1.8094
 19.6613	130.9458	  9.7855	118.7792	  1.8091
 19.6394	131.6167	  9.7841	119.2125	  1.8087
 19.6282	131.2250	  9.7717	119.0083	  1.8091
 19.6144	131.4458	  9.7644	118.9042	  1.8090
 19.6143	130.7375	  9.7477	118.9458	  1.8094
 19.6145	131.3083	  9.7832	118.6208	  1.8096
 19.6213	131.3417	  9.7625	118.3083	  1.8092
 19.6396	131.5625	  9.7622	118.7875	  1.8089
 19.6268	131.2083	  9.7789	119.1125	  1.8092
 19.6108	131.0167	  9.7560	118.6667	  1.8092
 19.6416	130.9875	  9.7751	119.0083	  1.8095
 19.6255	131.5625	  9.7621	118.8625	  1.8089
 19.6279	131.6417	  9.7634	118.3667	  1.8093
 19.6132	131.2167	  9.7606	119.0708	  1.8087
 19.6084	131.4625	  9.7662	118.5833	  1.8089
 19.6187	131.5042	  9.7734	118.9208	  1.8094
 19.6068	130.8750	  9.7807	118.4500	  1.8091
 19.6141	131.5917	  9.7439	118.8792	  1.8097
 19.6120	131.0417	  9.7576	118.2583	  1.8092
 19.6012	131.6750	  9.7460	118.7792	  1.8087
 19.6074	131.1125	  9.7603	118.3792	  1.8092
 19.5931	130.8750	  9.7593	118.6833	  1.8094
 19.6005	131.3083	  9.7683	118.1333	  1.8092
 19.6052	131.3667	  9.7672	118.3042	  1.8091
 19.6023	130.8667	  9.7544	118.9875	  1.8092
 19.6123	130.7042	  9.7571	118.7708	  1.8088
 19.6072	131.9292	  9.7614	118.7125	  1.8090
 19.6085	130.9167	  9.7683	119.3958	  1.8090
 19.6009	131.2833	  9.7673	118.3333	  1.8095
 19.5963	130.6375	  9.7624	119.3292	  1.8089
 19.6168	130.7292	  9.7613	118.5958	  1.8093
 19.5906	130.9000	  9.7372	118.8542	  1.8094
 19.5958	131.2375	  9.7613	118.9333	  1.8088
 19.6129	131.7958	  9.7711	118.8792	  1.8089
 19.5982	130.6875	  9.7688	118.7083	  1.8091
 19.6095	131.3375	  9.7623	119.1708	  1.8087
 19.6020	131.1583	  9.7526	118.8167	  1.8092
 19.5946	131.1708	  9.7575	118.8458	  1.8093
 19.6111	130.8583	  9.7543	118.9208	  1.8088
 19.6082	130.8208	  9.7590	118.8208	  1.8094
 19.6095	131.2958	  9.7601	118.3750	  1.8093
 19.6086	131.2708	  9.7474	119.4208	  1.8089
 19.6041	130.9000	  9.7579	118.4167	  1.8095
 19.6209	132.0500	  9.7271	118.5000	  1.8093
 19.5950	131.6250	  9.7447	118.4625	  1.8091
 19.6166	131.3667	  9.7500	118.9208	  1.8093
 19.6069	130.9542	  9.7422	118.4917	  1.8094
 19.5950	131.1792	  9.7594	118.9375	  1.8085
 19.5921	131.0833	  9.7627	118.6667	  1.8089
 19.5974	131.2042	  9.7608	118.3875	  1.8084
 19.5904	130.8833	  9.7659	118.5250	  1.8089
 19.5851	131.5625	  9.7664	118.2917	  1.8087
 19.5936	131.7583	  9.7715	118.5583	  1.8089
 19.5943	131.2875	  9.7711	118.2042	  1.8091
 19.5865	131.3208	  9.7587	118.7125	  1.8091
 19.6082	131.4125	  9.7515	119.0083	  1.8090
 19.6206	131.7125	  9.7625	118.5583	  1.8093
 19.5851	131.3208	  9.7379	119.0500	  1.8092
 19.6098	131.2875	  9.7822	118.8292	  1.8094
 19.6050	130.9833	  9.7488	118.3208	  1.8090
 19.6046	131.3792	  9.7516	118.6125	  1.8087
 19.6034	131.1625	  9.7425	118.4583	  1.8085
 19.6092	131.4500	  9.7647	118.5750	  1.8091
 19.5948	130.7083	  9.7614	118.8250	  1.8094
 19.6002	131.4750	  9.7401	118.1375	  1.8091
 19.5950	131.2792	  9.7538	118.8583	  1.8089
 19.6180	131.5042	  9.7523	118.5250	  1.8086
 19.6049	131.4833	  9.7775	118.5750	  1.8089
 19.6074	130.8167	  9.7610	118.3250	  1.8090
 19.5948	131.0833	  9.7599	118.5792	  1.8096
 19.6152	131.1500	  9.7688	118.3917	  1.8086
 19.5955	130.7292	  9.7441	119.3083	  1.8089
 19.5999	131.3417	  9.7661	118.7917	  1.8092
 19.6238	131.6708	  9.7628	117.9083	  1.8086
 19.6171	130.7083	  9.7460	118.6000	  1.8091
 19.6168	131.1792	  9.7722	118.2917	  1.8090
 19.5892	131.3875	  9.7553	118.6750	  1.8095
 19.6070	130.8125	  9.7566	118.8333	  1.8094
 19.6161	131.5458	  9.7536	118.6875	  1.8088
 19.5854	131.0125	  9.7521	118.5542	  1.8091
 19.5924	130.6583	  9.7462	118.9333	  1.8096
 19.6052	131.8625	  9.7676	119.0000	  1.8090
 19.5936	131.0083	  9.7623	118.5417	  1.8097
 19.5852	130.8167	  9.7442	118.6292	  1.8098
 19.5852	131.6958	  9.7637	118.9750	  1.8094
 19.5916	131.1542	  9.7459	118.3667	  1.8093
 19.5882	131.6000	  9.7417	118.5917	  1.8086
 19.6084	131.4667	  9.7370	119.0958	  1.8086
 19.5987	131.3500	  9.7499	118.9167	  1.8091
 19.6099	131.1458	  9.7322	118.3875	  1.8088
 19.5903	131.4292	  9.7572	118.5833	  1.8091
 19.5964	131.4583	  9.7518	118.7375	  1.8094
 19.6136	131.5250	  9.7588	118.5833	  1.8096
 19.5919	131.0042	  9.7636	119.3458	  1.8098
 19.5966	131.0333	  9.7497	118.8208	  1.8094
 19.6083	131.5417	  9.7593	118.4292	  1.8089
 19.6131	131.4667	  9.7703	117.8708	  1.8087
 19.6146	131.8125	  9.7644	118.6750	  1.8096
 19.5905	130.8750	  9.7726	118.6083	  1.8089
 19.6174	131.4375	  9.7637	118.2708	  1.8090
 19.6142	131.4292	  9.7633	118.4833	  1.8094
 19.6158	130.7583	  9.7523	118.7958	  1.8091
 19.6065	131.7417	  9.7729	118.7125	  1.8092
 19.5962	130.8167	  9.7696	118.7083	  1.8093
 19.5871	131.6875	  9.7729	119.1667	  1.8095
 19.5710	131.4917	  9.7701	118.9417	  1.8095
 19.6092	131.4208	  9.7586	118.9667	  1.8092
 19.6015	131.9042	  9.7720	118.9500	  1.8088
 19.6063	131.2292	  9.7545	118.9125	  1.8095
 19.6079	131.7042	  9.7837	118.3708	  1.8086
 19.5938	131.6667	  9.7583	118.6292	  1.8091
 19.5975	131.5833	  9.7547	117.8583	  1.8094
 19.6069	131.7750	  9.7621	119.0333	  1.8095
 19.6080	131.2250	  9.7524	118.5292	  1.8091
 19.6081	131.0833	  9.7495	118.7833	  1.8091
 19.6107	130.2167	  9.7678	118.7750	  1.8087
 19.6017	130.9458	  9.7509	117.9708	  1.8093
 19.5954	131.0625	  9.7657	118.7000	  1.8094
 19.5993	130.7125	  9.7649	118.6000	  1.8089
 19.6050	131.5125	  9.7312	118.4583	  1.8087
 19.6096	131.6750	  9.7713	118.7250	  1.8093
 19.6191	131.1125	  9.7534	118.6708	  1.8092
 19.5936	130.6792	  9.7481	118.9792	  1.8095
 19.6006	130.8958	  9.7581	118.9375	  1.8092
 19.5917	132.2875	  9.7564	119.0083	  1.8088
 19.5954	131.2000	  9.7423	118.7417	  1.8093
 19.6201	131.5083	  9.7494	118.6333	  1.8093
 19.6184	130.8875	  9.7564	118.4583	  1.8088
 19.6020	131.1625	  9.7624	118.7375	  1.8091
 19.6032	130.9333	  9.7592	118.4208	  1.8091
 19.6040	131.2417	  9.7511	118.2542	  1.8095
 19.6269	131.2542	  9.7620	119.1000	  1.8097
 19.5980	130.7542	  9.7731	118.9542	  1.8090
 19.6084	131.6167	  9.7607	119.1292	  1.8097
 19.5999	131.2167	  9.7730	118.6708	  1.8089
 19.6103	131.4375	  9.7597	118.7542	  1.8092
 19.6064	131.3125	  9.7511	118.5625	  1.8090
 19.6012	131.1917	  9.7566	118.8417	  1.8093
 19.6183	131.7542	  9.7805	118.2750	  1.8094
 19.5958	131.7875	  9.7579	118.3667	  1.8094
 19.5901	131.8917	  9.7558	118.4625	  1.8091
 19.6175	131.5750	  9.7582	118.7542	  1.8086
 19.5878	131.0583	  9.7508	117.9875	  1.8089
 19.5902	131.1833	  9.7652	118.8917	  1.8091
 19.6077	131.2000	  9.7691	118.2750	  1.8088
 19.6023	130.3000	  9.7528	118.9667	  1.8088
 19.5940	131.4167	  9.7492	118.6500	  1.8094
 19.6013	130.9292	  9.7618	118.4917	  1.8088
 19.6079	131.2375	  9.7387	118.7083	  1.8092
 19.6220	131.4250	  9.7441	118.2875	  1.8090
 19.6143	131.2250	  9.7470	118.8042	  1.8090
 19.6176	130.9958	  9.7632	118.7083	  1.8087
 19.6071	130.7000	  9.7491	118.2375	  1.8090
 19.5909	131.6250	  9.7485	118.4583	  1.8094
 19.6173	131.5125	  9.7614	118.5833	  1.8088
 19.6255	131.1958	  9.7430	118.9208	  1.8094
 19.6117	131.0958	  9.7649	118.0083	  1.8087
 19.6127	131.6667	  9.7543	118.3250	  1.8087
 19.6034	131.3833	  9.7626	118.2542	  1.8085
 19.6247	131.4333	  9.7628	118.5500	  1.8090
 19.6032	130.9458	  9.7639	117.9708	  1.8096
 19.6163	131.2875	  9.7569	118.7500	  1.8089
 19.6120	131.3250	  9.7705	118.9167	  1.8087
 19.5813	131.3667	  9.7667	118.9833	  1.8088
 19.5923	131.3458	  9.7366	118.2458	  1.8093
 19.6003	131.5125	  9.7603	118.9125	  1.8089
 19.5946	130.8875	  9.7498	118.7708	  1.8088
 19.5998	130.6333	  9.7637	118.5583	  1.8094
 19.6018	131.2750	  9.7520	118.5458	  1.8092
 19.6232	131.6458	  9.7602	118.2958	  1.8091
 19.6154	131.2958	  9.7679	118.7667	  1.8087
 19.6087	131.9750	  9.7638	118.7958	  1.8094
 19.5989	131.4708	  9.7463	118.6833	  1.8092
 19.6212	131.5833	  9.7727	118.7125	  1.8083
 19.5917	131.3458	  9.7575	117.8792	  1.8090
 19.6038	131.6583	  9.7722	118.9792	  1.8092
 19.6106	131.6000	  9.7732	118.4208	  1.8092
 19.6089	131.1708	  9.7407	118.4917	  1.8092
 19.5851	130.9500	  9.7434	118.7875	  1.8091
 19.6086	130.7708	  9.7576	118.7250	  1.8090
 19.5974	131.4250	  9.7573	118.7708	  1.8084
 19.6154	131.1833	  9.7559	118.6417	  1.8092
 19.6177	131.7417	  9.7648	118.7208	  1.8092
 19.6043	131.6333	  9.7664	119.0708	  1.8090
 19.6237	130.7708	  9.7455	118.4625	  1.8087
 19.6054	131.6792	  9.7617	118.9292	  1.8086
 19.6022	130.6625	  9.7469	118.9625	  1.8090
 19.5955	131.1458	  9.7610	118.5375	  1.8087
 19.6048	131.5208	  9.7648	118.7542	  1.8083
 19.6243	130.6167	  9.7488	119.2083	  1.8095
 19.6102	131.5208	  9.7708	118.1375	  1.8091
 19.6091	131.1833	  9.7717	118.4292	  1.8098
 19.6098	131.3542	  9.7421	118.7208	  1.8090
 19.6062	131.0958	  9.7658	118.9625	  1.8090
 19.6048	131.2333	  9.7349	119.1833	  1.8089
 19.5961	131.1875	  9.7449	118.1833	  1.8095
 19.6059	131.1500	  9.7570	118.7542	  1.8092
 19.5997	130.8750	  9.7424	118.6250	  1.8088
 19.6053	131.1542	  9.7589	118.2792	  1.8096
 19.5975	131.3792	  9.7415	118.7167	  1.8090
 19.6073	131.3333	  9.7617	119.1042	  1.8086
 19.6237	131.8333	  9.7612	118.3500	  1.8095
 19.6100	130.9375	  9.7668	118.9542	  1.8089
 19.6172	131.6375	  9.7595	118.8667	  1.8088
 19.6058	131.0250	  9.7513	118.8708	  1.8084
 19.5959	131.0125	  9.7398	118.5292	  1.8091
 19.6015	131.0250	  9.7550	118.9292	  1.8086
 19.6106	130.7583	  9.7597	118.1333	  1.8095
 19.6105	131.2750	  9.7656	118.7042	  1.8089
 19.6107	131.2792	  9.7781	118.7292	  1.8084
 19.6075	131.4708	  9.7390	118.6583	  1.8090
 19.5961	131.1458	  9.7592	118.8375	  1.8084
 19.6231	131.3125	  9.7697	118.6583	  1.8094
 19.6093	131.3417	  9.7580	119.4917	  1.8078
 19.6155	130.9000	  9.7558	118.5542	  1.8099
 19.6101	131.5792	  9.7696	118.8542	  1.8089
 19.6148	131.4667	  9.7513	119.0042	  1.8090
 19.6064	131.6708	  9.7478	118.5000	  1.8089
 19.5870	131.3500	  9.7494	117.7125	  1.8086
 19.6015	130.9708	  9.7422	118.5417	  1.8090
 19.6067	131.1333	  9.7666	118.4292	  1.8086
 19.6194	131.2375	  9.7889	119.1542	  1.8082
 19.6171	131.1542	  9.7450	118.4583	  1.8091
 19.6183	130.9333	  9.7554	118.8917	  1.8086
 19.6041	132.1167	  9.7416	118.8417	  1.8093
 19.6001	131.1375	  9.7592	118.4875	  1.8094
 19.6245	131.8750	  9.7470	118.5083	  1.8085
 19.6232	131.0833	  9.7741	119.3833	  1.8092
 19.6121	131.3375	  9.7538	119.2333	  1.8089
 19.6241	132.0375	  9.7590	118.1792	  1.8090
 19.6039	130.9333	  9.7691	118.4208	  1.8089
 19.6096	130.8583	  9.7454	118.4833	  1.8090
 19.5915	130.5167	  9.7353	118.9000	  1.8090
 19.6241	131.6917	  9.7453	118.4125	  1.8088
 19.5987	131.5083	  9.7553	118.9583	  1.8091
 19.6043	131.1917	  9.7723	118.6000	  1.8089
 19.5847	131.1292	  9.7470	118.3083	  1.8089
 19.6017	130.7667	  9.7848	118.6208	  1.8093
 19.6161	131.6833	  9.7577	118.0667	  1.8087
 19.6038	131.6125	  9.7592	118.8333	  1.8091
 19.6051	131.4083	  9.7558	118.3833	  1.8096
 19.6112	131.4708	  9.7621	118.6958	  1.8087
 19.6275	130.6750	  9.7472	118.8958	  1.8086
 19.6011	130.8125	  9.7416	118.5333	  1.8097
 19.6118	130.7167	  9.7474	118.3292	  1.8087
 19.6009	131.2542	  9.7667	118.1333	  1.8090
 19.5959	131.2250	  9.7264	118.0708	  1.8088
 19.6037	131.2917	  9.7627	118.5292	  1.8088
 19.6057	131.4875	  9.7534	118.5458	  1.8083
 19.6064	131.1917	  9.7533	118.7708	  1.8084
 19.6097	131.8375	  9.7455	118.3625	  1.8085
 19.5974	131.0250	  9.7517	117.9500	  1.8091
 19.6231	130.8542	  9.7477	118.5875	  1.8088
 19.6237	130.3417	  9.7569	119.1083	  1.8096
 19.6112	131.4292	  9.7535	118.4458	  1.8093
 19.5912	131.3208	  9.7432	118.2250	  1.8090
 19.5988	131.4375	  9.7619	118.3583	  1.8091
 19.6021	131.3000	  9.7562	118.9125	  1.8089
 19.6105	131.2583	  9.7415	119.2042	  1.8084
 19.6156	130.7167	  9.7446	118.5167	  1.8091
 19.6204	131.0083	  9.7736	118.7250	  1.8088
 19.5999	131.2500	  9.7543	119.2333	  1.8091
 19.6066	131.4958	  9.7603	118.4125	  1.8084
 19.6125	131.2542	  9.7511	119.0875	  1.8082
 19.6119	131.7583	  9.7848	118.2750	  1.8081
 19.6026	131.5000	  9.7641	118.8000	  1.8086
 19.5926	131.0375	  9.7545	118.8125	  1.8092
 19.6010	131.2042	  9.7506	119.0125	  1.8089
 19.6307	131.0375	  9.7794	118.3958	  1.8090
 19.5996	131.6375	  9.7611	119.3958	  1.8088
 19.6086	130.6625	  9.7534	119.0958	  1.8086
 19.6087	130.9125	  9.7511	118.9958	  1.8085
 19.6071	131.0500	  9.7501	118.8667	  1.8089
 19.6109	131.3583	  9.7502	118.2708	  1.8091
 19.5954	131.5042	  9.7726	118.7542	  1.8093
 19.5999	131.1625	  9.7500	118.7542	  1.8091
 19.6016	131.2083	  9.7480	119.2542	  1.8084
 19.6141	130.7792	  9.7604	118.0958	  1.8083
 19.6061	131.1708	  9.7681	118.5625	  1.8091
 19.6055	131.1458	  9.7826	118.1792	  1.8089
 19.6115	130.7458	  9.7585	118.8333	  1.8084
 19.6069	131.8208	  9.7557	118.3625	  1.8087
 19.6032	130.9833	  9.7403	118.3458	  1.8090
 19.5973	130.8875	  9.7491	118.5708	  1.8086
 19.6134	131.4292	  9.7564	119.3167	  1.8085
 19.6105	131.3583	  9.7696	118.8667	  1.8088
 19.5931	131.7875	  9.7505	118.9208	  1.8088
 19.6052	131.0625	  9.7519	118.7708	  1.8095
 19.5991	131.2583	  9.7495	118.2958	  1.8087
 19.6064	131.2292	  9.7498	118.4500	  1.8087
 19.6049	131.1625	  9.7625	119.0958	  1.8088
 19.6085	131.3125	  9.7628	119.0208	  1.8090
 19.6145	131.9500	  9.7448	118.1625	  1.8091
 19.5983	131.7917	  9.7723	118.6250	  1.8091
 19.6120	131.0333	  9.7452	118.4417	  1.8088
 19.6217	131.4875	  9.7587	118.8417	  1.8091
 19.6093	130.9208	  9.7576	118.8000	  1.8085
 19.5996	131.4500	  9.7669	118.6708	  1.8090
 19.6018	131.5792	  9.7626	118.8208	  1.8089
 19.5932	131.3500	  9.7443	118.6250	  1.8088
 19.5920	131.2083	  9.7435	118.6042	  1.8090
 19.5946	131.1958	  9.7335	119.0125	  1.8093
 19.6179	131.1750	  9.7538	118.9208	  1.8090
 19.6034	131.0500	  9.7439	119.1375	  1.8089
 19.5968	131.4750	  9.7408	118.3167	  1.8088
 19.6033	131.0208	  9.7723	118.6583	  1.8089
 19.5954	131.3958	  9.7734	119.0250	  1.8085
 19.5915	131.1625	  9.7573	119.1667	  1.8090
 19.6107	131.6583	  9.7470	118.5917	  1.8087
 19.6279	131.8833	  9.7546	118.1750	  1.8085
 19.5863	131.0167	  9.7623	118.4125	  1.8089
 19.6151	130.7792	  9.7585	118.5542	  1.8086
 19.5995	131.2958	  9.7512	118.6458	  1.8089
 19.6023	131.4167	  9.7493	118.5792	  1.8090
 19.5950	130.7583	  9.7703	118.9458	  1.8092
 19.6204	131.3583	  9.7620	118.5375	  1.8086
 19.6059	131.0542	  9.7680	118.3583	  1.8089
 19.6229	131.1125	  9.7588	118.2875	  1.8087
 19.6058	130.9250	  9.7467	118.4333	  1.8093
 19.6305	131.4958	  9.7584	118.2417	  1.8092
 19.6021	131.4083	  9.7554	118.6792	  1.8090
 19.6150	131.0417	  9.7426	118.6625	  1.8091
 19.5983	131.2500	  9.7607	118.3125	  1.8084
 19.6094	131.3208	  9.7365	118.5792	  1.8086
 19.6025	130.6833	  9.7351	118.5083	  1.8093
 19.6306	131.2750	  9.7494	119.4667	  1.8092
 19.6154	131.2917	  9.7590	118.8375	  1.8097
 19.5903	131.6958	  9.7502	119.2208	  1.8090
 19.6020	131.3625	  9.7734	118.7042	  1.8086
 19.6017	131.1458	  9.7567	119.2542	  1.8091
 19.6056	131.5833	  9.7494	118.6417	  1.8093
 19.6002	131.1417	  9.7628	118.5792	  1.8089
 19.6127	130.9917	  9.7720	117.8417	  1.8088
 19.6200	131.7875	  9.7517	118.4708	  1.8090
 19.6237	131.5667	  9.7574	118.3750	  1.8082
 19.6096	131.2417	  9.7649	118.6667	  1.8088
 19.6182	131.4000	  9.7666	118.8917	  1.8087
 19.5967	131.1667	  9.7824	118.5042	  1.8088
 19.6084	131.2667	  9.7424	118.5625	  1.8096
 19.6004	131.3542	  9.7490	118.7500	  1.8090
 19.6019	131.0167	  9.7417	118.5208	  1.8088
 19.6200	130.9417	  9.7461	118.7375	  1.8086
 19.6178	131.7750	  9.7612	118.7375	  1.8089
 19.5990	130.8333	  9.7630	119.1083	  1.8093
 19.6114	131.7542	  9.7677	118.3000	  1.8085
 19.6116	131.4625	  9.7462	118.6750	  1.8089
 19.6123	131.0042	  9.7543	119.1125	  1.8090
 19.6035	131.6292	  9.7806	118.9875	  1.8094
 19.6044	130.8417	  9.7735	118.9500	  1.8090
 19.6107	130.7583	  9.7540	118.7833	  1.8092
 19.6374	131.7625	  9.7446	118.4375	  1.8087
 19.6046	130.7583	  9.7531	118.8667	  1.8084
 19.6081	130.8792	  9.7758	118.4375	  1.8093
 19.5936	131.2000	  9.7590	118.4458	  1.8089
 19.6303	130.7042	  9.7364	118.6875	  1.8092
 19.6061	131.4500	  9.7441	119.0583	  1.8092
 19.6108	131.2167	  9.7325	118.9250	  1.8093
 19.5910	131.6583	  9.7705	118.5250	  1.8094
 19.6173	131.2958	  9.7599	118.5708	  1.8089
 19.5970	130.6167	  9.7647	118.2250	  1.8088
 19.6054	131.7333	  9.7456	117.7667	  1.8085
 19.6276	130.8792	  9.7553	118.8417	  1.8090
 19.6250	131.4458	  9.7523	119.2000	  1.8092
 19.6034	131.2250	  9.7473	119.0250	  1.8082
 19.5939	131.6958	  9.7571	118.3667	  1.8093
 19.6177	131.1000	  9.7498	118.8833	  1.8089
 19.6082	131.1625	  9.7484	119.0833	  1.8094
 19.5978	131.0708	  9.7440	118.4583	  1.8087
 19.5930	131.5833	  9.7308	118.8083	  1.8082
 19.6062	131.1917	  9.7579	118.1500	  1.8090
 19.5827	131.1792	  9.7366	118.1917	  1.8092
 19.6220	131.1167	  9.7748	118.3417	  1.8084
 19.6136	131.2250	  9.7650	118.7583	  1.8089
 19.6047	131.1917	  9.7457	118.7292	  1.8088
 19.6256	130.9750	  9.7531	118.8292	  1.8091
 19.6012	131.7542	  9.7505	118.9083	  1.8095
 19.5949	131.7042	  9.7749	118.8250	  1.8086
 19.6038	131.6292	  9.7552	118.7167	  1.8085
 19.6270	130.6333	  9.7333	119.5083	  1.8087
 19.6239	130.9375	  9.7425	118.3042	  1.8089
 19.6027	130.9708	  9.7724	118.9417	  1.8085
 19.6179	131.2667	  9.7457	118.7292	  1.8089
 19.6006	131.3083	  9.7614	118.8625	  1.8089
 19.6082	131.2875	  9.7601	118.6333	  1.8090
 19.5887	131.6000	  9.7576	118.1958	  1.8093
 19.6061	131.2958	  9.7656	119.2458	  1.8089
 19.6120	130.9083	  9.7561	118.4125	  1.8092
 19.6107	131.9458	  9.7489	118.9917	  1.8085
 19.6158	131.2667	  9.7625	118.8250	  1.8086
 19.6125	131.1000	  9.7909	118.4917	  1.8091
 19.6064	131.4500	  9.7671	119.1042	  1.8091
 19.6031	130.8625	  9.7490	118.7042	  1.8086
 19.6100	131.2833	  9.7571	118.7083	  1.8087
 19.6029	130.9750	  9.7733	118.4875	  1.8087
 19.6049	130.9125	  9.7794	118.9750	  1.8095
 19.6013	130.7667	  9.7474	118.8417	  1.8088
 19.6140	131.4083	  9.7567	118.8125	  1.8096
 19.6173	131.3042	  9.7589	118.8042	  1.8089
 19.6275	131.0500	  9.7569	118.9417	  1.8093
 19.5971	131.3417	  9.7518	118.9500	  1.8093
 19.6207	131.5583	  9.7682	118.4917	  1.8092
 19.6054	130.7417	  9.7433	118.7542	  1.8089
 19.6210	130.9500	  9.7568	118.9000	  1.8090
 19.6174	130.6208	  9.7623	118.3792	  1.8089
 19.6227	130.3833	  9.7478	119.2542	  1.8094
 19.6147	131.5125	  9.7529	118.9083	  1.8087
 19.6028	131.0042	  9.7501	117.8333	  1.8084
 19.6076	130.8750	  9.7527	118.7125	  1.8089
 19.6022	130.7125	  9.7437	118.4417	  1.8089
 19.6000	131.4667	  9.7497	118.3833	  1.8089
 19.6176	131.4625	  9.7424	118.4958	  1.8091
 19.6236	131.3750	  9.7483	118.9417	  1.8082
 19.5849	131.3667	  9.7651	118.8250	  1.8092
 19.6100	131.0792	  9.7702	118.3417	  1.8089
 19.6046	131.2833	  9.7477	118.3500	  1.8087
 19.6079	131.4292	  9.7604	118.6958	  1.8089
 19.6153	131.2958	  9.7253	117.8833	  1.8086
 19.5996	131.4667	  9.7407	119.4042	  1.8090
 19.6211	131.5708	  9.7446	118.2625	  1.8089
 19.6211	131.2708	  9.7635	118.7958	  1.8094
 19.6179	130.7958	  9.7578	118.7333	  1.8087
 19.6127	130.6667	  9.7324	118.0250	  1.8093
 19.5982	131.3083	  9.7652	119.5458	  1.8086
 19.5966	131.0958	  9.7682	118.3500	  1.8091
 19.6157	131.1000	  9.7476	118.8458	  1.8088
 19.6191	131.5333	  9.7737	118.3292	  1.8089
 19.6105	131.8583	  9.7591	119.1750	  1.8091
 19.6047	131.6208	  9.7711	118.4458	  1.8088
 19.6026	130.7375	  9.7571	119.2625	  1.8093
 19.6023	131.4458	  9.7389	119.0875	  1.8090
 19.6139	131.0708	  9.7522	118.8833	  1.8094
 19.6062	131.3583	  9.7746	117.7042	  1.8090
 19.6092	131.4917	  9.7478	118.3917	  1.8095
 19.6115	130.8083	  9.7447	119.1083	  1.8091
 19.6145	130.8417	  9.7335	118.8000	  1.8091
 19.6159	131.7750	  9.7642	118.7042	  1.8090
 19.6194	131.4458	  9.7592	118.7292	  1.8095
 19.6148	130.6833	  9.7461	118.2667	  1.8091
 19.6065	131.2083	  9.7640	118.7000	  1.8090
 19.6104	131.7083	  9.7750	118.8042	  1.8086
 19.6100	131.8292	  9.7532	118.1333	  1.8090
 19.6176	131.0333	  9.7426	118.3625	  1.8081
 19.6014	131.0625	  9.7481	119.1458	  1.8090
 19.6058	130.5125	  9.7542	118.5250	  1.8089
 19.6093	131.1250	  9.7601	118.8375	  1.8086
 19.6276	131.1625	  9.7746	118.9458	  1.8088
 19.5971	131.0875	  9.7553	118.6250	  1.8091
 19.6076	131.0000	  9.7493	118.8083	  1.8087
 19.5885	131.4375	  9.7637	118.7542	  1.8086
 19.5988	131.5458	  9.7555	119.4250	  1.8093
 19.6146	131.3167	  9.7573	119.5250	  1.8092
 19.5998	131.4250	  9.7596	118.8792	  1.8086
 19.5827	130.8333	  9.7671	118.4875	  1.8080
 19.6035	130.8375	  9.7582	118.6708	  1.8088
 19.5861	131.3125	  9.7453	118.3958	  1.8086
 19.6032	130.9833	  9.7604	119.3833	  1.8084
 19.6039	131.3792	  9.7396	118.7667	  1.8082
 19.6015	130.7292	  9.7638	118.6500	  1.8083
 19.6106	131.0083	  9.7402	118.6167	  1.8090
 19.6042	130.5708	  9.7619	118.9000	  1.8087
 19.5997	131.8458	  9.7475	119.1792	  1.8089
 19.6073	131.3167	  9.7451	118.5500	  1.8090
 19.5910	130.7208	  9.7625	118.1792	  1.8091
 19.6011	131.7750	  9.7689	119.0167	  1.8086
 19.6124	131.1875	  9.7528	118.4125	  1.8087
 19.6005	130.9708	  9.7462	118.6375	  1.8088
 19.5985	131.4750	  9.7687	118.5250	  1.8086
 19.6218	131.3250	  9.7702	118.4917	  1.8092
 19.5867	131.4875	  9.7308	118.7750	  1.8087
 19.6104	130.8792	  9.7505	118.7125	  1.8091
 19.6267	131.3167	  9.7417	118.5875	  1.8081
 19.6108	130.9750	  9.7507	119.5208	  1.8097
 19.6095	131.3958	  9.7544	118.6125	  1.8089
 19.6346	131.8500	  9.7679	118.6125	  1.8091
 19.6024	131.5125	  9.7571	118.7125	  1.8086
 19.5952	131.2792	  9.7608	118.8583	  1.8084
 19.6264	131.3458	  9.7545	118.5875	  1.8096
 19.6275	131.3625	  9.7372	118.6000	  1.8090
 19.6244	131.2000	  9.7554	119.0250	  1.8096
 19.6038	130.8250	  9.7625	118.5083	  1.8090
 19.6157	131.0292	  9.7513	118.6667	  1.8090
 19.6092	131.9542	  9.7614	118.2167	  1.8088
 19.6127	131.0875	  9.7471	118.4458	  1.8086
 19.6060	130.6583	  9.7595	118.3583	  1.8087
 19.6203	131.0042	  9.7642	118.7125	  1.8088
 19.5933	131.1458	  9.7466	118.7375	  1.8086
 19.6024	131.6542	  9.7587	119.1958	  1.8088
 19.6009	131.5625	  9.7630	118.2083	  1.8091
 19.5911	131.4292	  9.7664	118.2583	  1.8089
 19.6164	131.4792	  9.7497	119.0833	  1.8086
 19.6017	131.6500	  9.7795	119.0708	  1.8091
 19.6101	131.2125	  9.7480	119.3583	  1.8085
 19.6021	131.6042	  9.7622	119.1500	  1.8090
 19.6194	131.5125	  9.7708	118.4625	  1.8089
 19.5929	131.5208	  9.7680	118.8250	  1.8085
 19.6045	130.7625	  9.7617	119.1083	  1.8095
 19.6119	130.8458	  9.7789	118.5667	  1.8091
 19.5898	131.6458	  9.7672	118.8667	  1.8090
 19.6180	131.1458	  9.7726	118.5333	  1.8089
 19.5996	131.7167	  9.7522	118.3250	  1.8092
 19.6279	131.4750	  9.7486	118.6542	  1.8095
 19.5890	131.0000	  9.7705	118.5917	  1.8088
 19.6049	130.7833	  9.7412	118.9375	  1.8083
 19.6118	131.0708	  9.7533	119.3208	  1.8096
 19.6218	131.7875	  9.7565	118.6500	  1.8093
 19.6161	131.0833	  9.7603	118.6750	  1.8089
 19.6004	131.3417	  9.7589	118.8667	  1.8092
 19.6100	130.9000	  9.7609	118.9208	  1.8092
 19.6030	131.4958	  9.7594	118.6458	  1.8090
 19.5785	131.1875	  9.7431	118.5375	  1.8088
 19.6093	131.5583	  9.7349	118.3958	  1.8087
 19.6075	131.2250	  9.7792	119.1250	  1.8084
 19.6144	131.2542	  9.7439	118.8625	  1.8083
 19.6054	130.6333	  9.7628	118.7542	  1.8091
 19.6104	131.3417	  9.7604	118.9000	  1.8088
 19.6161	131.5875	  9.7554	118.7000	  1.8091
 19.6060	131.2000	  9.7576	119.1917	  1.8082
 19.6072	131.1750	  9.7438	118.6125	  1.8080
 19.5971	131.0667	  9.7404	117.7458	  1.8093
 19.6170	130.6875	  9.7517	118.8917	  1.8091
 19.6112	130.7375	  9.7614	118.6958	  1.8089
 19.5976	131.1250	  9.7592	118.7750	  1.8088
 19.6013	131.3875	  9.7490	118.9375	  1.8091
 19.5948	131.6542	  9.7656	118.5250	  1.8086
 19.5962	130.8625	  9.7582	118.5083	  1.8090
 19.6067	131.6375	  9.7591	118.8083	  1.8088
 19.6098	130.4958	  9.7742	118.6292	  1.8086
 19.5976	131.7625	  9.7359	118.5417	  1.8085
 19.5892	131.1667	  9.7479	118.1083	  1.8086
 19.6083	131.1583	  9.7544	118.6750	  1.8084
 19.6000	131.2833	  9.7637	118.6875	  1.8090
 19.5705	131.1417	  9.7555	119.3167	  1.8090
 19.6193	130.8083	  9.7596	118.7667	  1.8088
 19.5966	131.8000	  9.7640	118.2542	  1.8088
 19.6126	131.4333	  9.7719	118.9167	  1.8085
 19.6113	131.2125	  9.7477	118.6917	  1.8087
 19.6007	131.9583	  9.7654	118.5958	  1.8088
 19.6133	130.9292	  9.7472	118.0875	  1.8086
 19.6109	131.2042	  9.7597	118.6333	  1.8082
 19.6020	131.2750	  9.7451	118.6292	  1.8087
 19.6166	131.2333	  9.7573	118.5875	  1.8087
 19.5958	130.7958	  9.7517	118.1083	  1.8087
 19.6227	131.0500	  9.7564	118.8000	  1.8089
 19.6049	130.8500	  9.7559	118.7750	  1.8085
 19.6018	131.4833	  9.7546	118.5917	  1.8082
 19.6201	131.3583	  9.7490	119.2250	  1.8088
 19.6126	131.4792	  9.7880	118.8208	  1.8091
 19.6070	130.7958	  9.7563	119.0917	  1.8092
 19.6044	131.1625	  9.7726	118.6208	  1.8088
 19.6103	131.7833	  9.7545	118.8542	  1.8085
 19.6180	131.3583	  9.7687	119.0583	  1.8088
 19.5981	131.0208	  9.7897	118.6667	  1.8084
 19.6068	131.4583	  9.7477	119.2500	  1.8084
 19.6116	130.7042	  9.7556	118.9500	  1.8087
 19.6097	131.4250	  9.7578	118.5542	  1.8094
 19.6035	132.0292	  9.7653	118.5917	  1.8089
 19.6033	131.0292	  9.7654	119.2875	  1.8088
 19.6178	130.9375	  9.7630	119.4250	  1.8090
 19.6172	131.4042	  9.7495	118.4708	  1.8089
 19.6135	130.8250	  9.7694	119.2500	  1.8089
 19.6047	131.4667	  9.7584	118.3083	  1.8090
 19.5897	131.3000	  9.7498	118.1708	  1.8084
 19.6024	131.7667	  9.7516	118.3500	  1.8091
 19.6185	131.3458	  9.7403	119.4333	  1.8092
 19.5953	131.4500	  9.7456	118.9125	  1.8088
 19.6104	131.5583	  9.7678	118.0958	  1.8089
 19.6008	131.6125	  9.7554	117.8958	  1.8087
 19.6210	131.5500	  9.7631	119.1042	  1.8089
 19.6129	131.5333	  9.7489	118.4917	  1.8097
 19.6309	131.2042	  9.7519	118.6042	  1.8092
 19.6131	131.2625	  9.7573	118.9375	  1.8088
 19.6144	131.1167	  9.7524	118.6958	  1.8090
 19.6104	131.2083	  9.7670	118.6125	  1.8092
 19.6095	131.3625	  9.7458	118.5375	  1.8084
 19.6131	131.3792	  9.7520	118.6625	  1.8088
 19.5919	131.0750	  9.7603	118.7708	  1.8084
 19.5996	131.3000	  9.7358	119.2750	  1.8090
 19.6305	130.9292	  9.7567	118.8917	  1.8085
 19.6150	131.1125	  9.7589	118.8792	  1.8091
 19.5993	131.5458	  9.7556	119.4750	  1.8088
 19.6101	131.0917	  9.7667	118.3083	  1.8088
 19.6139	130.7000	  9.7597	118.6542	  1.8089
 19.6166	131.0500	  9.7624	118.6750	  1.8092
 19.6090	130.8125	  9.7625	118.4667	  1.8086
 19.6188	131.5583	  9.7358	119.0333	  1.8091
 19.6180	130.8292	  9.7761	118.3958	  1.8084
 19.6142	131.7625	  9.7544	117.9833	  1.8090
 19.6221	131.6042	  9.7699	118.6417	  1.8092
 19.6183	131.4417	  9.7667	118.5750	  1.8084
 19.6187	131.3958	  9.7584	118.7625	  1.8085
 19.5960	131.2583	  9.7556	118.1833	  1.8083
 19.5875	131.4833	  9.7649	118.1792	  1.8087
 19.6008	131.4000	  9.7561	118.7833	  1.8090
 19.5939	131.4708	  9.7615	118.4042	  1.8093
 19.6144	131.0417	  9.7616	118.1042	  1.8089
 19.6083	131.2042	  9.7627	118.9875	  1.8089
 19.6077	131.4375	  9.7546	118.7375	  1.8089
 19.6026	131.1250	  9.7562	118.4042	  1.8092
 19.6168	131.0875	  9.7578	118.4500	  1.8086
 19.6153	131.4042	  9.7459	118.7792	  1.8082
 19.5997	131.2375	  9.7459	118.7958	  1.8089
 19.6019	131.5042	  9.7680	118.7375	  1.8090
 19.6161	131.1875	  9.7540	118.6083	  1.8089
 19.6248	130.9333	  9.7462	118.6833	  1.8085
 19.6118	130.5958	  9.7393	118.6500	  1.8093
 19.5978	131.1792	  9.7522	119.0292	  1.8093
 19.6095	131.4667	  9.7498	118.6500	  1.8092
 19.5940	131.2500	  9.7639	118.9125	  1.8088
 19.6178	131.3625	  9.7566	118.7458	  1.8085
 19.6038	131.0958	  9.7549	118.8417	  1.8089
 19.5991	131.4167	  9.7667	118.7958	  1.8088
 19.6209	131.8625	  9.7870	118.9292	  1.8094
 19.6035	131.6500	  9.7451	118.9708	  1.8086
 19.6115	131.6083	  9.7488	118.9458	  1.8088
 19.6091	131.5458	  9.7587	118.5208	  1.8089
 19.6121	131.9375	  9.7421	118.5542	  1.8084
 19.6000	131.0708	  9.7363	118.8625	  1.8089
 19.5915	131.2250	  9.7440	118.5375	  1.8087
 19.6075	130.6667	  9.7633	118.8667	  1.8092
 19.6118	131.5042	  9.7625	119.2625	  1.8088
 19.5874	131.4833	  9.7424	118.3875	  1.8085
 19.6178	131.4375	  9.7741	118.6750	  1.8091
 19.6155	131.3000	  9.7541	118.8125	  1.8084
 19.6044	131.5333	  9.7622	118.6750	  1.8091
 19.6121	130.9542	  9.7522	118.4917	  1.8088
 19.6047	130.9500	  9.7589	118.7208	  1.8091
 19.6041	131.5542	  9.7597	118.6708	  1.8087
 19.6129	131.0708	  9.7652	119.2750	  1.8088
 19.6095	131.1958	  9.7533	117.8125	  1.8086
 19.6060	131.1958	  9.7610	118.9917	  1.8085
 19.6147	130.4792	  9.7709	118.8542	  1.8094
 19.6169	130.8167	  9.7407	118.3750	  1.8088
 19.5940	131.2750	  9.7553	118.4500	  1.8087
 19.6135	131.6417	  9.7528	118.3042	  1.8087
 19.6049	131.7042	  9.7562	119.0042	  1.8089
 19.6104	131.2417	  9.7533	118.2458	  1.8083
 19.6126	130.8875	  9.7533	118.2333	  1.8083
 19.6003	131.2375	  9.7512	119.3750	  1.8087
 19.6192	131.4708	  9.7512	118.8083	  1.8091
 19.6021	131.0292	  9.7518	118.9250	  1.8090
 19.6135	131.4958	  9.7430	118.4750	  1.8087
 19.6078	131.2583	  9.7571	118.3958	  1.8089
 19.5940	131.0083	  9.7661	118.8042	  1.8085
 19.6067	131.7708	  9.7534	118.6500	  1.8086
 19.6068	131.7833	  9.7402	118.8625	  1.8082
 19.6107	131.1250	  9.7649	118.8750	  1.8089
 19.6058	131.5125	  9.7566	118.6875	  1.8090
 19.6177	131.1917	  9.7547	118.1875	  1.8086
 19.6057	131.6667	  9.7736	118.5042	  1.8085
 19.6017	130.7667	  9.7693	119.2750	  1.8079
 19.6068	131.5250	  9.7453	118.1042	  1.8087
 19.6144	131.4875	  9.7466	118.4417	  1.8087
 19.6148	131.2292	  9.7554	118.8958	  1.8083
 19.6172	131.3167	  9.7548	117.9250	  1.8081
 19.6069	131.3625	  9.7646	119.1250	  1.8086
 19.6096	131.3750	  9.7868	118.4083	  1.8088
 19.6115	130.5500	  9.7761	118.8500	  1.8091
 19.6081	131.0750	  9.7535	118.8125	  1.8085
 19.6099	131.4833	  9.7564	118.3917	  1.8093
 19.6111	131.5250	  9.7569	118.6583	  1.8091
 19.6053	131.7167	  9.7398	118.4708	  1.8094
 19.6021	131.3250	  9.7707	118.5792	  1.8086
 19.6024	131.4542	  9.7457	118.7583	  1.8088
 19.6158	131.7042	  9.7605	118.7292	  1.8088
 19.6122	131.5708	  9.7588	118.1250	  1.8088
 19.5870	130.8625	  9.7542	118.4292	  1.8092
 19.6005	131.4500	  9.7645	118.7167	  1.8087
 19.6067	130.9625	  9.7567	118.8000	  1.8086
 19.6037	130.4917	  9.7486	118.5750	  1.8085
 19.6118	131.4458	  9.7542	118.6625	  1.8088
 19.6078	131.2875	  9.7599	118.4458	  1.8086
 19.6026	131.3083	  9.7665	118.3583	  1.8089
 19.6071	130.6625	  9.7772	119.1083	  1.8089
 19.6035	131.2083	  9.7718	118.8625	  1.8087
 19.5958	130.9000	  9.7455	119.3875	  1.8084
 19.5961	131.0167	  9.7485	119.0750	  1.8082
 19.6221	130.9625	  9.7507	118.6500	  1.8089
 19.6005	131.0250	  9.7470	118.7417	  1.8086
 19.6158	131.2250	  9.7571	118.6125	  1.8088
 19.5896	131.3042	  9.7732	118.2375	  1.8085
 19.5850	131.5042	  9.7413	119.0292	  1.8085
 19.6061	131.0083	  9.7582	119.2625	  1.8089
 19.6126	130.8958	  9.7723	118.8708	  1.8085
 19.5928	130.5875	  9.7444	118.6917	  1.8081
 19.6194	130.7917	  9.7482	118.7000	  1.8083
 19.6124	131.1667	  9.7628	118.4833	  1.8085
 19.6145	131.3875	  9.7478	118.8292	  1.8094
 19.6038	131.1917	  9.7544	118.4083	  1.8091
 19.6032	131.3958	  9.7443	119.1625	  1.8087
 19.5957	131.2542	  9.7556	118.6125	  1.8089
 19.6060	131.5375	  9.7569	119.2125	  1.8083
 19.6099	130.8667	  9.7554	118.7708	  1.8087
 19.6206	131.5500	  9.7385	118.2250	  1.8083
 19.6175	131.1542	  9.7546	118.7667	  1.8089
 19.5995	131.3250	  9.7556	118.9583	  1.8086
 19.6129	131.5583	  9.7649	118.9458	  1.8086
 19.6146	130.8417	  9.7644	119.0500	  1.8092
 19.6019	131.8208	  9.7522	118.6208	  1.8087
 19.6093	131.4167	  9.7639	118.7583	  1.8094
 19.5982	131.4750	  9.7719	119.0417	  1.8088
 19.6134	131.2958	  9.7523	118.7042	  1.8088
 19.6070	131.0458	  9.7479	119.3250	  1.8088
 19.6258	131.3333	  9.7780	118.7000	  1.8092
 19.6089	131.1375	  9.7774	119.1750	  1.8092
 19.6084	131.7500	  9.7651	117.9958	  1.8085
 19.6024	131.1292	  9.7648	118.6167	  1.8089
 19.6089	131.2042	  9.7632	118.7917	  1.8082
 19.5824	130.7917	  9.7781	118.9292	  1.8085
 19.6061	131.1458	  9.7488	118.0000	  1.8092
 19.6091	131.1542	  9.7444	119.3333	  1.8089
 19.5935	131.7417	  9.7641	118.4667	  1.8087
 19.6152	130.8833	  9.7403	119.1375	  1.8086
 19.6062	131.0708	  9.7375	118.4917	  1.8088
 19.6120	130.9875	  9.7602	118.9625	  1.8088
 19.5978	131.1458	  9.7593	118.6333	  1.8085
 19.5997	131.1542	  9.7434	118.8208	  1.8080
 19.6073	131.2458	  9.7558	118.5417	  1.8086
 19.5942	131.8125	  9.7624	119.0583	  1.8090
 19.6078	131.3167	  9.7475	118.8375	  1.8091
 19.6167	131.2292	  9.7528	118.4833	  1.8085
 19.6060	131.5375	  9.7691	118.8167	  1.8085
 19.6140	131.7667	  9.7487	118.2792	  1.8089
 19.6026	131.1333	  9.7615	118.7375	  1.8085
 19.6094	131.2333	  9.7413	118.8667	  1.8090
 19.6306	131.1167	  9.7428	118.8917	  1.8084
 19.6144	131.6625	  9.7480	118.7167	  1.8089
 19.5989	131.4958	  9.7566	119.3958	  1.8083
 19.6120	130.7958	  9.7847	118.7667	  1.8084
 19.6191	131.3000	  9.7601	118.7125	  1.8092
 19.6159	131.3292	  9.7673	118.0500	  1.8083
 19.6079	131.0167	  9.7511	118.7667	  1.8094
 19.6074	131.2375	  9.7716	118.9083	  1.8090
 19.6294	131.4750	  9.7596	118.6917	  1.8086
 19.5904	131.5000	  9.7605	118.4583	  1.8085
 19.6132	130.9917	  9.7535	118.9500	  1.8081
 19.6028	130.7958	  9.7631	118.5333	  1.8089
 19.6288	130.9417	  9.7522	118.5875	  1.8088
 19.6168	131.3708	  9.7417	118.6292	  1.8083
 19.5995	131.0458	  9.7552	118.6083	  1.8083
 19.6146	131.5042	  9.7404	118.5917	  1.8089
 19.5933	131.2333	  9.7681	118.1583	  1.8084
 19.6068	131.5917	  9.7552	119.1708	  1.8088
 19.6089	130.6917	  9.7498	118.4250	  1.8088
 19.6087	131.1792	  9.7642	118.2458	  1.8085
 19.6111	130.7042	  9.7380	118.0000	  1.8087
 19.6021	131.0042	  9.7572	118.2625	  1.8090
 19.6088	131.0500	  9.7645	119.0167	  1.8096
 19.6093	131.4292	  9.7570	118.7167	  1.8082
 19.5924	131.3792	  9.7555	118.5917	  1.8091
 19.6245	131.5292	  9.7529	118.8250	  1.8089
 19.6181	131.0667	  9.7714	118.4583	  1.8085
 19.6004	131.5292	  9.7591	118.9875	  1.8088
 19.5974	131.2833	  9.7513	118.1083	  1.8085
 19.6192	131.1292	  9.7744	119.0417	  1.8087
 19.6075	131.3125	  9.7548	119.0125	  1.8089
 19.5976	131.5250	  9.7508	118.3875	  1.8086
 19.6047	131.6333	  9.7625	118.7292	  1.8086
 19.6079	130.9708	  9.7487	118.8917	  1.8089
 19.6126	131.5208	  9.7427	119.0208	  1.8085
 19.6084	131.2125	  9.7726	118.7708	  1.8085
 19.6021	130.7333	  9.7590	118.6917	  1.8083
 19.6089	131.6542	  9.7690	118.3583	  1.8085
 19.5738	131.4125	  9.7714	118.3542	  1.8089
 19.6039	131.1333	  9.7568	118.6292	  1.8082
 19.6055	131.9042	  9.7533	118.6333	  1.8085
 19.6050	131.3500	  9.7504	118.1708	  1.8095
 19.5916	131.5750	  9.7625	119.3167	  1.8085
 19.6189	131.5000	  9.7578	118.6917	  1.8089
 19.6008	130.7958	  9.7525	119.1625	  1.8087
 19.5868	131.2583	  9.7717	118.8375	  1.8084
 19.6101	130.9375	  9.7588	118.7500	  1.8090
 19.5954	130.8958	  9.7445	118.3833	  1.8087
 19.6054	131.0042	  9.7628	118.4708	  1.8089
 19.6214	131.1250	  9.7584	118.7250	  1.8079
 19.6129	130.9500	  9.7609	119.0958	  1.8086
 19.6234	131.3333	  9.7552	118.5208	  1.8086
 19.6108	130.7750	  9.7569	119.1125	  1.8085
 19.6142	130.8167	  9.7757	118.9833	  1.8081
 19.6091	131.5583	  9.7745	118.5708	  1.8089
 19.6297	130.9958	  9.7596	118.6875	  1.8088
 19.6109	131.3500	  9.7560	119.2708	  1.8084
 19.6120	131.2000	  9.7539	118.4083	  1.8089
 19.6240	131.2208	  9.7546	118.6708	  1.8084
 19.6007	131.4667	  9.7406	118.4542	  1.8085
 19.6180	131.1208	  9.7417	118.3792	  1.8091
 19.6114	131.2333	  9.7648	118.1375	  1.8082
 19.6275	131.2292	  9.7628	118.9792	  1.8084
 19.6206	131.4542	  9.7651	118.2792	  1.8089
 19.6226	131.3833	  9.7569	119.1875	  1.8089
 19.6027	131.4542	  9.7511	118.5792	  1.8086
 19.6215	131.5917	  9.7657	118.1292	  1.8084
 19.6085	131.7042	  9.7630	119.0792	  1.8086
 19.6169	131.8917	  9.7721	118.9792	  1.8082
 19.6081	131.2292	  9.7562	119.0458	  1.8083
 19.6187	130.7417	  9.7836	118.7750	  1.8087
 19.6031	130.8250	  9.7637	119.0667	  1.8088
 19.6064	131.2542	  9.7568	118.4375	  1.8086
 19.5920	132.2292	  9.7545	118.2958	  1.8088
 19.5946	130.9583	  9.7447	118.9167	  1.8085
 19.6306	131.5750	  9.7411	118.7500	  1.8088
 19.6247	130.9583	  9.7723	118.6500	  1.8082
 19.6125	131.3625	  9.7434	118.9625	  1.8087
 19.6089	131.0625	  9.7569	118.4833	  1.8087
 19.6047	131.7000	  9.7464	119.1417	  1.8084
 19.5869	131.5000	  9.7505	119.2708	  1.8083
 19.5978	131.2875	  9.7658	118.8875	  1.8084
 19.5992	131.3625	  9.7450	118.1000	  1.8093
 19.5952	130.7750	  9.7604	118.9417	  1.8087
 19.6144	131.1000	  9.7498	118.9417	  1.8091
 19.6164	131.1250	  9.7491	118.7500	  1.8087
 19.6010	131.2042	  9.7691	118.7875	  1.8091
 19.6173	130.7125	  9.7633	119.2500	  1.8084
 19.6157	131.4708	  9.7479	118.3333	  1.8083
 19.6083	131.2500	  9.7455	118.5458	  1.8085
 19.6182	131.1625	  9.7620	119.0708	  1.8085
 19.6165	131.4083	  9.7396	118.5625	  1.8087
 19.6118	131.0167	  9.7387	118.4375	  1.8089
 19.6153	131.4875	  9.7669	118.3292	  1.8088
 19.6221	131.1500	  9.7730	118.0583	  1.8084
 19.6152	131.4458	  9.7573	118.5125	  1.8082
 19.6135	131.9083	  9.7587	118.1667	  1.8089
 19.6074	131.0958	  9.7460	118.8708	  1.8086
 19.5998	131.3833	  9.7509	117.9458	  1.8085
 19.6034	130.7583	  9.7562	118.7750	  1.8086
 19.6049	131.1375	  9.7624	118.9625	  1.8090
 19.6182	131.3583	  9.7464	118.1167	  1.8085
 19.6034	131.5833	  9.7566	118.7083	  1.8088
 19.6133	131.3375	  9.7723	119.2000	  1.8085
 19.6071	131.3500	  9.7534	118.7500	  1.8084
 19.6213	130.9542	  9.7474	119.2292	  1.8084
 19.6157	131.6000	  9.7559	118.7542	  1.8080
 19.6169	131.0542	  9.7610	118.6333	  1.8091
 19.6095	131.5125	  9.7440	118.4750	  1.8084
 19.6091	131.2417	  9.7545	118.3708	  1.8086
 19.6041	131.0625	  9.7521	118.5958	  1.8085
 19.6289	131.2583	  9.7396	118.0750	  1.8084
 19.5990	131.2958	  9.7640	118.7458	  1.8085
 19.5978	130.7167	  9.7619	118.7875	  1.8083
 19.5993	131.2500	  9.7437	118.7000	  1.8085
 19.6038	131.6167	  9.7745	118.9208	  1.8084
 19.6061	132.0125	  9.7773	119.2292	  1.8086
 19.6086	131.2250	  9.7510	118.5250	  1.8091
 19.6031	131.4500	  9.7673	118.9125	  1.8081
 19.6031	131.1375	  9.7441	119.0333	  1.8088
 19.6171	130.9667	  9.7568	118.3458	  1.8080
 19.6134	130.9083	  9.7520	118.7375	  1.8091
 19.5911	131.8083	  9.7553	118.2833	  1.8085
 19.5968	131.0083	  9.7432	118.7708	  1.8086
 19.6047	131.5167	  9.7363	118.5042	  1.8085
 19.6106	131.2083	  9.7463	118.7292	  1.8090
 19.5958	131.0500	  9.7582	118.6833	  1.8085
 19.6297	131.3833	  9.7506	118.7542	  1.8086
 19.6059	131.2208	  9.7569	118.9250	  1.8087
 19.6088	130.9042	  9.7692	118.2750	  1.8089
 19.5982	131.5292	  9.7707	119.2125	  1.8086
 19.6163	131.4583	  9.7440	118.3792	  1.8088
 19.5969	130.5958	  9.7361	118.4458	  1.8089
 19.6127	131.3083	  9.7537	118.4042	  1.8089
 19.6075	131.0125	  9.7487	118.3250	  1.8082
 19.6280	130.7083	  9.7358	118.4458	  1.8088
 19.6135	131.1333	  9.7549	118.7458	  1.8086
 19.5900	130.7833	  9.7551	118.8292	  1.8080
 19.5930	131.3958	  9.7690	119.1625	  1.8088
 19.6124	131.6958	  9.7474	117.9333	  1.8090
 19.6055	131.1500	  9.7585	118.8333	  1.8081
 19.6082	131.6000	  9.7617	118.0792	  1.8092
 19.6063	131.7000	  9.7550	118.9500	  1.8089
 19.5859	130.7542	  9.7765	118.8333	  1.8094
 19.6112	130.7250	  9.7570	118.9125	  1.8089
 19.6201	131.3792	  9.7777	118.6000	  1.8089
 19.6160	130.8417	  9.7501	118.2250	  1.8086
 19.6008	131.0375	  9.7728	118.6125	  1.8084
 19.5987	131.6208	  9.7634	119.0875	  1.8088
 19.6162	131.1333	  9.7489	117.9833	  1.8089
 19.6094	131.5792	  9.7484	118.5875	  1.8086
 19.6145	130.9250	  9.7648	118.9667	  1.8087
 19.6040	131.6333	  9.7436	118.4917	  1.8088
 19.6305	131.2625	  9.7545	118.9667	  1.8084
 19.6254	130.9750	  9.7679	118.7083	  1.8082
 19.5985	131.6375	  9.7744	118.1708	  1.8089
 19.6035	131.3083	  9.7692	119.0917	  1.8083
 19.6190	131.1833	  9.7403	118.7083	  1.8090
 19.5981	131.1208	  9.7612	119.0042	  1.8086
 19.6264	130.9750	  9.7453	119.4917	  1.8087
 19.6112	131.2458	  9.7617	118.5417	  1.8088
 19.6173	131.2042	  9.7328	119.0208	  1.8089
 19.6012	131.7958	  9.7491	118.4708	  1.8086
 19.6040	131.3250	  9.7601	118.9333	  1.8086
 19.6100	131.6583	  9.7458	118.4375	  1.8088
 19.6069	130.7792	  9.7510	119.0875	  1.8083
 19.6238	131.0125	  9.7643	118.2750	  1.8087
 19.5930	131.0417	  9.7519	119.0042	  1.8081
 19.6041	131.9042	  9.7505	118.5542	  1.8086
 19.6070	130.9375	  9.7548	118.7167	  1.8091
 19.6091	130.7417	  9.7483	118.1583	  1.8082
 19.5891	131.4042	  9.7513	119.2042	  1.8092
 19.6158	131.6917	  9.7682	118.5375	  1.8085
 19.6078	131.4458	  9.7554	118.5625	  1.8087
 19.6235	131.1583	  9.7419	119.0292	  1.8086
 19.6092	131.5167	  9.7544	119.2917	  1.8091
 19.6000	130.6167	  9.7467	118.8333	  1.8084
 19.6091	131.1167	  9.7667	118.7625	  1.8082
 19.5960	131.2625	  9.7462	118.8375	  1.8088
 19.6099	131.9750	  9.7406	118.8708	  1.8089
 19.6148	131.1583	  9.7810	118.3625	  1.8082
 19.6153	131.0333	  9.7675	119.1167	  1.8085
 19.6094	130.9667	  9.7542	118.4583	  1.8095
 19.6002	131.5292	  9.7493	118.4708	  1.8086
 19.6239	131.1917	  9.7584	118.9917	  1.8082
 19.6033	130.9083	  9.7282	118.1875	  1.8087
 19.6130	131.7292	  9.7651	118.9292	  1.8084
 19.6126	131.1042	  9.7672	118.6708	  1.8091
 19.6170	131.3750	  9.7478	118.9208	  1.8092
 19.6020	131.3792	  9.7547	119.1583	  1.8084
 19.6056	131.4000	  9.7582	118.8083	  1.8094
 19.5960	130.8625	  9.7404	118.3333	  1.8083
 19.6107	130.7000	  9.7622	119.2000	  1.8082
 19.6157	131.1625	  9.7618	118.9167	  1.8086
 19.6242	131.0208	  9.7502	118.7333	  1.8086
 19.6216	131.3583	  9.7635	118.6250	  1.8093
 19.6013	131.3167	  9.7510	118.7583	  1.8085
 19.6156	131.7458	  9.7629	118.5125	  1.8082
 19.6179	131.3375	  9.7548	118.7167	  1.8085
 19.6172	131.2292	  9.7319	118.6625	  1.8092
 19.6053	131.0958	  9.7479	118.7625	  1.8080
 19.6029	131.4000	  9.7695	119.1375	  1.8083
 19.6292	131.6917	  9.7492	118.5500	  1.8084
 19.6030	131.6583	  9.7567	118.7458	  1.8089
 19.5960	131.7167	  9.7613	119.0208	  1.8085
 19.6130	131.7000	  9.7419	118.7292	  1.8088
 19.6139	130.8125	  9.7499	118.2667	  1.8087
 19.6122	130.8583	  9.7599	118.7667	  1.8089
 19.6106	131.3833	  9.7653	118.5750	  1.8089
 19.5978	131.3167	  9.7686	118.6708	  1.8086
 19.6224	131.4667	  9.7521	118.3083	  1.8085
 19.6010	130.9208	  9.7451	118.9250	  1.8085
 19.6158	130.8167	  9.7551	118.7250	  1.8081
 19.6058	131.0667	  9.7623	118.3667	  1.8084
 19.5998	131.0917	  9.7751	118.2708	  1.8091
 19.6054	131.4083	  9.7630	118.8917	  1.8084
 19.6031	130.7875	  9.7594	119.2792	  1.8092
 19.6155	131.2000	  9.7750	118.2792	  1.8089
 19.5963	131.4875	  9.7818	119.1750	  1.8082
 19.6184	131.0625	  9.7379	118.5750	  1.8080
 19.6134	131.1500	  9.7410	118.4625	  1.8085
 19.6181	131.9292	  9.7608	118.1542	  1.8085
 19.6145	131.4000	  9.7445	118.2542	  1.8087
 19.6169	131.4792	  9.7517	118.4875	  1.8083
 19.6228	131.5542	  9.7375	118.4708	  1.8086
 19.6025	131.4250	  9.7543	119.1417	  1.8089
 19.6381	131.5417	  9.7553	118.9250	  1.8088
 19.6021	131.2292	  9.7531	118.4125	  1.8086
 19.5956	130.9000	  9.7576	118.3667	  1.8087
 19.6077	131.9958	  9.7789	118.9792	  1.8083
 19.6093	131.2917	  9.7777	118.8583	  1.8085
 19.5950	131.6958	  9.7539	118.8208	  1.8085
 19.6176	131.0792	  9.7685	119.1208	  1.8093
 19.6251	131.0792	  9.7520	119.0542	  1.8092
 19.6318	130.8958	  9.7512	118.8292	  1.8082
 19.6136	131.3917	  9.7681	118.9042	  1.8083
 19.6143	131.0583	  9.7583	118.2417	  1.8082
 19.6045	130.8458	  9.7518	118.8792	  1.8092
 19.6235	130.9542	  9.7522	118.6750	  1.8088
 19.6235	131.4083	  9.7609	119.2125	  1.8092
 19.6077	131.3500	  9.7504	118.7333	  1.8085
 19.6154	131.1583	  9.7402	118.7375	  1.8086
 19.6137	131.5625	  9.7643	118.9750	  1.8087
 19.5973	131.7333	  9.7575	118.6833	  1.8087
 19.6176	130.8250	  9.7732	118.7333	  1.8082
 19.6033	131.8125	  9.7506	118.6792	  1.8083
 19.6269	130.6583	  9.7441	119.0958	  1.8088
 19.6285	131.6583	  9.7502	117.8542	  1.8085
 19.5951	130.9542	  9.7666	118.3375	  1.8082
 19.6083	131.3542	  9.7614	118.7417	  1.8085
 19.5969	131.6333	  9.7548	118.7417	  1.8090
 19.5960	131.6750	  9.7517	118.3833	  1.8090
 19.6118	130.9875	  9.7570	118.9583	  1.8083
 19.6012	131.5375	  9.7521	119.1000	  1.8081
 19.6008	131.0667	  9.7640	118.7500	  1.8086
 19.6062	131.4000	  9.7514	118.3292	  1.8085
 19.6084	131.4875	  9.7653	118.2417	  1.8082
 19.6095	131.0958	  9.7691	118.5875	  1.8084
 19.6048	131.0292	  9.7425	118.8875	  1.8086
 19.6045	131.5375	  9.7453	118.3042	  1.8083
 19.6130	131.6083	  9.7636	118.6125	  1.8081
 19.5787	131.3208	  9.7543	119.0125	  1.8083
 19.5916	131.6917	  9.7524	119.0333	  1.8082
 19.6029	131.1375	  9.7675	118.7542	  1.8081
 19.6241	131.6708	  9.7545	118.7042	  1.8085
 19.6103	130.8292	  9.7641	118.6375	  1.8092
 19.6078	131.7917	  9.7544	118.5250	  1.8088
 19.5782	131.2958	  9.7514	119.3583	  1.8088
 19.5895	131.1333	  9.7615	118.1292	  1.8080
 19.5953	131.4125	  9.7651	117.9625	  1.8084
 19.6166	131.7375	  9.7695	118.9500	  1.8082
 19.5965	130.5625	  9.7721	118.8583	  1.8086
 19.6306	131.8958	  9.7509	118.6167	  1.8082
 19.6293	130.9292	  9.7631	118.6292	  1.8090
 19.6096	131.3875	  9.7639	118.7875	  1.8082
 19.5964	131.2625	  9.7482	118.5208	  1.8086
 19.6002	131.3875	  9.7621	118.5625	  1.8086
 19.6150	130.6292	  9.7566	118.5458	  1.8087
 19.5968	131.2542	  9.7578	118.7708	  1.8082
 19.5950	131.4208	  9.7512	118.3500	  1.8086
 19.6352	130.8667	  9.7589	119.0208	  1.8087
 19.6149	131.0417	  9.7421	118.5833	  1.8084
 19.6059	130.9708	  9.7616	118.6417	  1.8089
 19.5840	131.6833	  9.7711	118.2667	  1.8083
 19.6138	132.4625	  9.7483	118.8375	  1.8083
 19.6077	131.2292	  9.7588	118.9333	  1.8095
 19.6075	130.7000	  9.7596	118.9583	  1.8085
 19.6038	131.0208	  9.7591	118.9625	  1.8086
 19.6236	131.4583	  9.7603	119.1875	  1.8089
 19.6140	131.5583	  9.7398	119.0583	  1.8084
 19.6261	131.5667	  9.7621	118.9958	  1.8094
 19.6202	131.3750	  9.7595	118.7833	  1.8087
 19.6055	131.5917	  9.7552	118.8625	  1.8091
 19.6156	130.8833	  9.7550	118.5333	  1.8084
 19.5975	131.2333	  9.7551	118.6125	  1.8087
 19.6102	131.2333	  9.7648	118.8542	  1.8085
 19.6261	131.1625	  9.7460	118.3458	  1.8085
 19.6110	130.9667	  9.7393	118.7958	  1.8078
 19.6070	130.7833	  9.7559	118.4833	  1.8086
 19.6205	130.7667	  9.7640	119.1458	  1.8082
 19.5951	130.6750	  9.7660	118.1750	  1.8082
 19.6019	131.3583	  9.7726	118.4750	  1.8089
 19.6078	130.9375	  9.7315	117.9458	  1.8085
 19.6143	131.6083	  9.7728	118.8250	  1.8086
 19.5978	131.1042	  9.7668	118.7833	  1.8088
 19.6080	130.8792	  9.7510	118.5000	  1.8082
 19.6033	131.2500	  9.7538	118.2000	  1.8081
 19.6209	131.4708	  9.7593	118.5833	  1.8083
 19.5936	131.0792	  9.7504	119.0250	  1.8087
 19.6104	131.2167	  9.7625	119.3083	  1.8086
 19.6144	131.5708	  9.7364	118.4292	  1.8084
 19.5983	131.6583	  9.7644	118.6417	  1.8083
 19.6102	131.8292	  9.7652	118.4000	  1.8085
 19.6036	131.4833	  9.7377	118.4250	  1.8087
 19.6067	131.2333	  9.7334	118.7417	  1.8089
 19.6208	130.8042	  9.7427	119.1292	  1.8081
 19.6222	130.9167	  9.7487	118.3917	  1.8083
 19.6106	131.0208	  9.7695	118.6625	  1.8083
 19.6107	131.2958	  9.7778	118.4583	  1.8092
 19.5927	131.6708	  9.7609	118.3458	  1.8090
 19.6154	131.4625	  9.7620	118.8250	  1.8086
 19.5967	130.6542	  9.7539	118.5792	  1.8088
 19.6022	130.8708	  9.7472	117.9542	  1.8084
 19.6124	130.9042	  9.7624	118.7583	  1.8087
 19.6081	131.2917	  9.7404	118.9125	  1.8085
 19.6007	131.1917	  9.7657	118.4083	  1.8086
 19.6161	131.0833	  9.7880	118.8208	  1.8085
 19.6096	130.9792	  9.7465	118.5250	  1.8087
 19.6181	130.5625	  9.7557	118.1875	  1.8084
 19.6069	130.9667	  9.7382	118.5833	  1.8088
 19.6227	131.2167	  9.7588	118.5625	  1.8087
 19.5991	131.2292	  9.7613	118.8667	  1.8089
 19.6114	131.5583	  9.7518	118.8375	  1.8084
 19.6163	130.9958	  9.7376	119.1458	  1.8085
 19.6168	131.9167	  9.7433	117.9458	  1.8083
 19.6219	131.4750	  9.7606	118.8792	  1.8085
 19.6203	131.1625	  9.7549	118.6167	  1.8084
 19.6108	130.8667	  9.7543	118.8167	  1.8087
 19.6020	131.2167	  9.7533	118.7375	  1.8084
 19.6277	131.1083	  9.7567	118.3750	  1.8086
 19.6147	131.2000	  9.7597	118.3583	  1.8087
 19.6098	131.4250	  9.7477	118.7667	  1.8082
 19.6264	131.4708	  9.7703	119.0958	  1.8086
 19.6178	130.9708	  9.7585	117.7167	  1.8087
 19.6108	131.2875	  9.7558	118.2750	  1.8085
 19.6090	131.2125	  9.7541	118.8583	  1.8085
 19.5894	131.0667	  9.7440	118.7125	  1.8087
 19.6388	131.2125	  9.7349	118.6417	  1.8084
 19.6088	131.3417	  9.7676	119.1417	  1.8088
 19.5992	131.4042	  9.7472	118.4458	  1.8086
 19.5829	131.1667	  9.7535	118.3208	  1.8088
 19.6033	131.2375	  9.7664	118.6125	  1.8087
 19.6158	131.3208	  9.7573	118.5500	  1.8081
 19.6280	130.9750	  9.7557	118.3292	  1.8083
 19.6045	131.4500	  9.7769	118.7833	  1.8085
 19.5981	131.0208	  9.7557	118.8333	  1.8086
 19.6193	131.8875	  9.7614	118.8708	  1.8087
 19.6166	131.4333	  9.7594	118.6375	  1.8092
 19.5924	131.4500	  9.7430	119.0083	  1.8089
 19.6226	131.6250	  9.7771	119.2083	  1.8081
 19.6052	131.1542	  9.7449	118.9792	  1.8086
 19.6224	131.4792	  9.7471	118.5042	  1.8082
 19.6066	130.6083	  9.7538	118.7125	  1.8088
 19.6147	131.2625	  9.7595	118.8250	  1.8085
 19.5979	131.0292	  9.7543	118.3292	  1.8087
 19.6133	131.1500	  9.7586	119.0250	  1.8085
 19.6210	131.2542	  9.7501	118.7167	  1.8086
 19.6306	131.4583	  9.7659	118.4708	  1.8087
 19.6102	131.1417	  9.7315	118.8708	  1.8090
 19.6162	131.6250	  9.7693	118.6000	  1.8086
 19.5968	131.0750	  9.7518	118.2167	  1.8082
 19.6216	130.7542	  9.7550	118.3250	  1.8086
 19.5874	131.2458	  9.7506	119.0000	  1.8082
 19.6115	131.0458	  9.7475	118.6000	  1.8088
 19.6036	131.8333	  9.7575	118.7042	  1.8088
 19.6083	131.0500	  9.7556	118.1708	  1.8087
 19.5926	131.1167	  9.7482	119.2875	  1.8088
 19.6090	131.1500	  9.7694	118.2292	  1.8086
 19.5936	130.9083	  9.7692	118.2500	  1.8086
 19.6241	130.5750	  9.7497	118.5167	  1.8086
 19.6158	131.5375	  9.7618	119.3708	  1.8082
 19.6116	131.2333	  9.7518	119.0583	  1.8088
 19.6004	131.3375	  9.7674	119.2083	  1.8085
 19.6173	130.9792	  9.7472	118.7708	  1.8086
 19.6306	131.5542	  9.7467	119.0083	  1.8084
 19.6014	131.2625	  9.7421	118.6875	  1.8086
 19.6133	130.9542	  9.7456	118.9708	  1.8085
 19.6122	131.5125	  9.7519	118.8333	  1.8086
 19.5912	130.6500	  9.7696	118.6500	  1.8084
 19.6095	131.1208	  9.7674	118.7083	  1.8081
 19.6035	131.1000	  9.7482	119.3250	  1.8090
 19.6147	132.0583	  9.7446	118.3958	  1.8085
 19.6073	131.1667	  9.7616	118.8667	  1.8082
 19.6173	130.8958	  9.7579	118.4167	  1.8085
 19.6189	131.4458	  9.7485	118.4542	  1.8084
 19.6112	131.3958	  9.7540	119.2750	  1.8085
 19.6093	132.0417	  9.7612	118.1417	  1.8086
 19.5902	130.6750	  9.7427	119.0583	  1.8083
 19.5969	131.7667	  9.7642	118.9292	  1.8083
 19.6271	132.1000	  9.7492	118.5250	  1.8082
 19.6155	130.7167	  9.7524	118.7875	  1.8093
 19.5870	130.7250	  9.7641	118.6000	  1.8089
 19.6252	131.0917	  9.7361	118.9208	  1.8085
 19.5966	131.5125	  9.7355	118.5292	  1.8081
 19.6054	131.7250	  9.7752	119.2792	  1.8085
 19.6105	131.3667	  9.7453	118.3792	  1.8086
 19.5989	131.6042	  9.7684	118.9792	  1.8086
 19.6035	131.5250	  9.7545	118.4583	  1.8090
 19.6096	131.7167	  9.7644	118.3708	  1.8080
 19.6053	131.5333	  9.7611	118.2375	  1.8087
 19.5991	131.1833	  9.7569	118.6042	  1.8086
 19.6232	131.2875	  9.7585	118.6458	  1.8078
 19.6117	130.7458	  9.7630	118.4583	  1.8084
 19.6180	131.4500	  9.7362	118.2542	  1.8081
 19.6110	131.2792	  9.7433	118.6167	  1.8084
 19.6210	131.1917	  9.7497	118.6250	  1.8089
 19.6119	130.6583	  9.7532	118.8292	  1.8084
 19.6088	130.9958	  9.7644	118.2500	  1.8084
 19.6087	132.0500	  9.7481	118.6250	  1.8087
 19.6025	131.2333	  9.7347	118.3625	  1.8084
 19.6143	130.9250	  9.7595	119.0292	  1.8085
 19.6021	131.3375	  9.7361	118.5917	  1.8084
 19.6198	131.3333	  9.7490	118.7583	  1.8084
 19.5917	131.6958	  9.7633	118.2917	  1.8087
 19.6013	131.3917	  9.7349	118.7375	  1.8090
 19.6067	131.3542	  9.7666	119.0500	  1.8088
 19.6035	130.9792	  9.7414	118.3500	  1.8086
 19.6062	130.5667	  9.7577	118.5750	  1.8086
 19.5975	130.8583	  9.7407	118.6917	  1.8081
 19.5964	131.4292	  9.7443	118.8708	  1.8087
 19.6018	131.2208	  9.7478	118.4125	  1.8085
 19.6011	131.7083	  9.7590	118.4000	  1.8084
 19.6263	130.8708	  9.7365	119.1250	  1.8086
 19.5994	131.6875	  9.7632	119.0375	  1.8083
 19.5985	131.5958	  9.7671	119.0500	  1.8084
 19.6138	131.3167	  9.7548	118.7750	  1.8083
 19.6027	131.2458	  9.7534	119.0042	  1.8079
 19.6239	131.3125	  9.7747	118.7333	  1.8080
 19.6277	131.2375	  9.7613	118.5250	  1.8087
 19.6184	131.4250	  9.7496	118.6750	  1.8082
 19.5949	131.4208	  9.7669	118.2542	  1.8083
 19.6193	131.1583	  9.7661	118.7208	  1.8087
 19.6074	130.9583	  9.7759	118.1042	  1.8086
 19.6074	130.8167	  9.7475	118.6833	  1.8088
 19.6176	131.1958	  9.7513	119.1708	  1.8080
 19.6248	130.8375	  9.7607	118.7125	  1.8085
 19.6115	131.1667	  9.7778	119.3667	  1.8081
 19.6057	131.0750	  9.7843	118.3917	  1.8087
 19.6052	131.2458	  9.7431	118.6375	  1.8077
 19.5935	131.1833	  9.7582	118.7792	  1.8082
 19.6054	131.0583	  9.7414	118.2042	  1.8078
 19.6045	130.8083	  9.7426	118.5917	  1.8087
 19.6058	130.8625	  9.7734	118.2708	  1.8085
 19.6086	131.6792	  9.7343	118.9083	  1.8086
 19.6218	131.5042	  9.7694	118.9208	  1.8086
 19.5983	131.5167	  9.7510	118.5458	  1.8081
 19.5930	131.7167	  9.7555	118.1667	  1.8086
 19.6038	130.9583	  9.7633	118.6000	  1.8086
 19.6037	131.4125	  9.7474	118.3583	  1.8086
 19.5968	131.1333	  9.7557	118.6292	  1.8086
 19.6297	131.2083	  9.7616	118.5708	  1.8083
 19.6182	131.3333	  9.7522	118.9250	  1.8083
 19.5978	131.1125	  9.7527	118.0542	  1.8080
 19.6119	131.2458	  9.7463	119.2917	  1.8083
 19.6157	131.2625	  9.7629	118.0000	  1.8094
 19.6271	131.5042	  9.7590	118.5083	  1.8085
 19.6118	130.9375	  9.7559	117.8792	  1.8091
 19.6132	131.8542	  9.7489	119.1000	  1.8086
 19.6128	130.8667	  9.7618	118.5125	  1.8086
 19.6132	130.3458	  9.7683	118.1458	  1.8086
 19.6017	130.7250	  9.7791	119.0292	  1.8086
 19.6050	131.4208	  9.7458	118.7500	  1.8080
 19.5906	130.7500	  9.7602	118.7667	  1.8086
 19.6049	131.4250	  9.7462	118.9583	  1.8088
 19.6117	131.6708	  9.7640	118.4083	  1.8081
 19.5953	130.6708	  9.7548	118.0958	  1.8081
 19.6143	130.4583	  9.7710	118.1375	  1.8085
 19.5997	131.2833	  9.7553	118.7458	  1.8086
 19.6174	131.0625	  9.7460	117.7458	  1.8083
 19.6044	130.9250	  9.7551	118.9000	  1.8085
 19.6119	131.8958	  9.7466	118.5583	  1.8086
 19.6180	131.2500	  9.7595	119.1417	  1.8085
 19.6008	131.4583	  9.7529	118.2208	  1.8088
 19.6197	131.4125	  9.7474	118.4708	  1.8084
 19.6140	131.4292	  9.7553	118.9417	  1.8084
 19.5995	131.3333	  9.7655	118.8167	  1.8087
 19.6113	131.0000	  9.7649	118.7917	  1.8078
 19.6123	131.3458	  9.7558	119.1833	  1.8082
 19.6068	131.0375	  9.7737	118.2583	  1.8083
 19.6046	131.1000	  9.7478	118.6958	  1.8086
 19.6064	130.9750	  9.7625	118.6917	  1.8086
 19.6096	132.0667	  9.7686	118.5208	  1.8085
 19.6170	130.7000	  9.7632	118.7042	  1.8083
 19.5953	131.4292	  9.7621	118.0625	  1.8089
 19.6210	131.2583	  9.7599	118.7458	  1.8087
 19.6129	131.9917	  9.7477	118.7208	  1.8082
 19.6070	131.6083	  9.7544	118.4458	  1.8085
 19.6025	131.0208	  9.7532	118.3042	  1.8091
 19.6231	131.0042	  9.7628	118.7250	  1.8083
 19.5959	130.8458	  9.7462	118.6583	  1.8080
 19.6184	131.0083	  9.7506	118.8667	  1.8081
 19.6195	131.4625	  9.7439	118.4833	  1.8089
 19.6052	131.2417	  9.7706	118.0750	  1.8085
 19.6166	131.1375	  9.7678	118.9583	  1.8081
 19.6113	131.9333	  9.7766	118.8875	  1.8078
 19.6201	131.6000	  9.7479	119.0500	  1.8081
 19.6218	131.1125	  9.7748	118.5542	  1.8084
 19.6242	131.2125	  9.7732	118.4750	  1.8086
 19.6021	130.9667	  9.7611	118.6417	  1.8086
 19.6103	131.5542	  9.7428	118.6083	  1.8081
 19.6169	131.1167	  9.7438	118.7667	  1.8083
 19.6242	130.3583	  9.7677	118.8708	  1.8081
 19.6209	131.2750	  9.7569	118.5833	  1.8085
 19.6201	131.4000	  9.7483	118.9000	  1.8091
 19.6235	131.2375	  9.7792	118.5833	  1.8087
 19.6065	130.7625	  9.7554	118.6250	  1.8087
 19.5975	131.7958	  9.7537	119.0958	  1.8083
 19.5965	131.6042	  9.7461	118.5958	  1.8080
 19.6167	131.1333	  9.7560	118.5333	  1.8084
 19.6029	131.2333	  9.7553	118.4750	  1.8086
 19.6092	131.2042	  9.7627	118.6458	  1.8084
 19.6125	131.1000	  9.7561	118.7500	  1.8086
 19.6191	131.5792	  9.7300	119.2125	  1.8084
 19.6265	131.1542	  9.7620	118.5833	  1.8085
 19.6069	131.1417	  9.7711	118.4958	  1.8088
 19.6028	131.1333	  9.7646	118.4500	  1.8083
 19.6240	131.3042	  9.7604	118.2792	  1.8084
 19.5991	131.2333	  9.7583	118.5500	  1.8085
 19.6139	131.7458	  9.7418	118.5875	  1.8086
 19.6049	131.3708	  9.7546	118.0708	  1.8086
 19.6242	130.9458	  9.7573	118.8750	  1.8082
 19.6070	131.1167	  9.7516	118.6167	  1.8081
 19.6193	131.1667	  9.7588	118.2458	  1.8086
 19.6134	131.0000	  9.7721	118.8667	  1.8085
 19.6072	130.7792	  9.7615	118.9042	  1.8085
 19.6242	131.5833	  9.7605	118.7250	  1.8083
 19.6179	131.6417	  9.7583	118.7375	  1.8086
 19.6006	131.0167	  9.7554	118.6708	  1.8085
 19.6071	131.7167	  9.7638	119.1375	  1.8086
 19.6068	131.1625	  9.7606	118.8333	  1.8085
 19.6145	131.5042	  9.7573	118.5833	  1.8083
 19.6135	131.1250	  9.7475	118.7958	  1.8085
 19.6046	131.6292	  9.7640	118.6750	  1.8078
 19.6329	131.4125	  9.7447	118.6583	  1.8089
 19.6146	130.7375	  9.7509	118.7125	  1.8089
 19.6019	131.1708	  9.7526	118.5750	  1.8087
 19.6097	131.5000	  9.7526	118.3333	  1.8079
 19.6109	130.9250	  9.7530	118.6042	  1.8086
 19.6118	131.1208	  9.7613	119.1083	  1.8083
 19.6132	131.8417	  9.7575	118.8917	  1.8077
 19.6101	130.9583	  9.7536	118.9625	  1.8085
 19.6205	130.9125	  9.7511	118.4000	  1.8081
 19.6211	131.8208	  9.7455	118.6958	  1.8081
 19.6186	131.4875	  9.7417	118.6250	  1.8085
 19.5908	131.5250	  9.7572	118.8583	  1.8087
 19.6093	130.8917	  9.7630	118.5208	  1.8084
 19.6167	131.1958	  9.7563	118.8333	  1.8088
 19.6117	131.4458	  9.7622	118.4542	  1.8081
 19.5963	131.0958	  9.7655	118.8833	  1.8089
 19.6174	131.2792	  9.7569	118.7208	  1.8086
 19.5986	131.5083	  9.7832	118.4708	  1.8091
 19.6031	131.0917	  9.7540	119.2000	  1.8088
 19.6081	130.8500	  9.7565	118.6917	  1.8090
 19.6147	131.7625	  9.7784	118.7833	  1.8087
 19.6105	131.0292	  9.7621	119.4375	  1.8081
 19.6235	130.6000	  9.7505	118.3167	  1.8079
 19.6221	131.1167	  9.7667	118.8833	  1.8078
 19.6105	131.3542	  9.7547	118.8542	  1.8085
 19.6008	131.6417	  9.7657	118.8458	  1.8087
 19.6230	130.9417	  9.7456	119.3667	  1.8081
 19.6153	131.3958	  9.7783	118.6375	  1.8089
 19.6118	131.1667	  9.7572	118.4833	  1.8085
 19.6034	131.2667	  9.7578	118.5292	  1.8084
 19.6024	130.8708	  9.7571	119.1125	  1.8084
 19.6063	131.0875	  9.7653	118.2125	  1.8081
 19.6139	131.4250	  9.7422	118.6500	  1.8083
 19.6166	130.9667	  9.7690	118.9542	  1.8082
 19.6157	130.5667	  9.7664	119.2583	  1.8083
 19.6093	131.3750	  9.7579	118.5458	  1.8085
 19.5999	131.4000	  9.7590	118.7667	  1.8082
 19.5941	130.9208	  9.7637	118.4417	  1.8080
 19.5900	130.9917	  9.7627	118.2958	  1.8080
 19.6024	131.6667	  9.7591	119.2583	  1.8088
 19.6081	130.8375	  9.7734	118.7042	  1.8082
 19.6143	131.5333	  9.7580	118.6542	  1.8086
 19.5975	131.2583	  9.7556	118.7583	  1.8085
 19.6027	130.9583	  9.7683	118.6167	  1.8086
 19.6058	131.6208	  9.7598	118.5792	  1.8078
 19.6010	131.1250	  9.7860	118.9083	  1.8083
 19.5876	131.2417	  9.7572	118.4375	  1.8085
 19.5931	131.0375	  9.7759	118.6542	  1.8084
 19.6053	130.8792	  9.7650	118.6792	  1.8086
 19.5928	131.3458	  9.7479	118.9000	  1.8082
 19.6113	131.4833	  9.7494	118.4750	  1.8084
 19.6175	131.5417	  9.7478	118.7750	  1.8085
 19.6103	131.2792	  9.7523	118.8333	  1.8086
 19.5902	131.1208	  9.7563	118.7333	  1.8088
 19.6221	132.1375	  9.7569	118.3625	  1.8079
 19.6026	131.1167	  9.7596	118.9167	  1.8083
 19.5869	131.2083	  9.7643	118.5542	  1.8089
 19.6035	130.9708	  9.7821	118.6917	  1.8085
 19.6115	130.9625	  9.7477	118.6500	  1.8083
 19.5693	131.5875	  9.7834	118.9958	  1.8085
 19.5931	131.9083	  9.7615	118.8833	  1.8085
 19.6210	130.9792	  9.7411	118.7542	  1.8082
 19.5954	131.7667	  9.7562	118.5000	  1.8079
 19.6259	131.2708	  9.7489	118.3583	  1.8084
 19.6011	131.2292	  9.7740	118.6917	  1.8086
 19.6054	130.8917	  9.7639	119.2583	  1.8083
 19.6172	131.1375	  9.7754	119.4292	  1.8082
 19.6241	131.2083	  9.7618	118.7625	  1.8082
 19.6133	130.9542	  9.7507	118.8458	  1.8089
 19.5825	131.8500	  9.7782	118.3833	  1.8086
 19.6046	131.8750	  9.7785	118.5042	  1.8083
 19.6120	131.2458	  9.7442	118.6250	  1.8081
 19.6225	131.2083	  9.7438	118.7917	  1.8081
 19.5969	130.8583	  9.7500	118.1208	  1.8085
 19.6092	131.3958	  9.7326	118.2542	  1.8092
 19.6150	131.5625	  9.7506	119.2417	  1.8087
 19.6107	131.7458	  9.7493	118.7833	  1.8083
 19.6117	131.3625	  9.7593	119.2292	  1.8084
 19.6037	131.7875	  9.7522	118.3917	  1.8084
 19.6107	131.6083	  9.7818	118.4958	  1.8090
 19.6078	131.4375	  9.7630	118.4333	  1.8086
 19.5963	131.2125	  9.7577	119.3208	  1.8087
 19.6130	131.2708	  9.7470	119.1500	  1.8083
 19.5988	131.1792	  9.7796	118.9667	  1.8082
 19.6153	131.5000	  9.7389	118.3167	  1.8085
 19.6178	131.1083	  9.7703	118.4792	  1.8091
 19.6125	131.0958	  9.7366	118.4167	  1.8084
 19.6041	131.0125	  9.7633	118.0667	  1.8086
 19.5987	131.1375	  9.7628	117.9708	  1.8086
 19.6238	131.7333	  9.7689	118.5250	  1.8081
 19.6162	131.5292	  9.7654	118.6458	  1.8081
 19.6051	131.5417	  9.7375	118.4375	  1.8084
 19.6016	130.9833	  9.7699	118.9208	  1.8083
 19.6079	131.2083	  9.7568	118.5292	  1.8079
 19.6056	130.4708	  9.7376	118.3000	  1.8081
 19.6075	131.3583	  9.7460	119.0292	  1.8088
 19.5950	131.8083	  9.7506	118.7458	  1.8086
 19.5955	131.4333	  9.7662	118.4000	  1.8088
 19.6198	130.9708	  9.7655	118.5167	  1.8079
 19.5991	131.2458	  9.7662	118.8292	  1.8081
 19.6001	131.5833	  9.7434	118.6792	  1.8079
 19.6044	131.5958	  9.7388	118.8292	  1.8079
 19.6032	131.1875	  9.7644	118.4458	  1.8087
 19.6018	131.5333	  9.7557	118.4833	  1.8084
 19.6271	131.9000	  9.7635	117.9083	  1.8087
 19.6156	130.7500	  9.7544	118.3792	  1.8089
 19.5842	131.6375	  9.7581	118.4958	  1.8083
 19.6085	131.3792	  9.7457	118.6750	  1.8082
 19.6114	131.5500	  9.7448	118.9625	  1.8077
 19.6051	130.9833	  9.7541	119.0958	  1.8084
 19.6106	131.4333	  9.7615	118.6458	  1.8081
 19.6051	131.0167	  9.7724	118.7958	  1.8086
 19.5835	131.4375	  9.7637	118.1417	  1.8087
 19.6165	131.1042	  9.7814	118.8750	  1.8085
 19.6048	131.8000	  9.7532	119.2083	  1.8087
 19.6045	131.2167	  9.7541	118.6167	  1.8079
 19.6020	131.5167	  9.7499	118.3583	  1.8085
 19.6382	131.1125	  9.7590	118.8625	  1.8086
 19.6007	131.1417	  9.7455	118.5208	  1.8083
 19.6261	131.2750	  9.7551	118.3708	  1.8083
 19.6151	131.4500	  9.7722	118.8958	  1.8082
 19.6061	131.1792	  9.7413	118.7875	  1.8083
 19.6310	130.9875	  9.7534	118.9250	  1.8080
 19.6059	130.3708	  9.7754	118.9917	  1.8080
 19.6245	131.3333	  9.7665	119.6542	  1.8084
 19.6045	131.3125	  9.7576	118.5167	  1.8087
 19.6223	131.3292	  9.7647	119.2792	  1.8085
 19.6167	130.7583	  9.7565	118.6375	  1.8082
 19.6153	131.7875	  9.7693	118.7708	  1.8078
 19.6235	131.5625	  9.7545	118.4375	  1.8085
 19.6066	131.3125	  9.7534	119.1917	  1.8079
 19.6243	130.8750	  9.7642	118.4167	  1.8083
 19.6082	131.1167	  9.7706	118.7083	  1.8084
 19.5917	131.6833	  9.7643	118.8333	  1.8082
 19.5871	131.3083	  9.7537	118.8583	  1.8085
 19.6084	131.0750	  9.7582	118.8417	  1.8084
 19.5965	131.7375	  9.7561	118.7875	  1.8081
 19.6110	131.6875	  9.7601	118.5500	  1.8081
 19.5974	130.2292	  9.7614	118.9625	  1.8089
 19.5993	130.5333	  9.7641	118.8208	  1.8085
 19.5968	130.9708	  9.7655	118.5458	  1.8090
 19.5921	130.7792	  9.7551	118.9417	  1.8077
 19.6118	130.9583	  9.7365	118.4750	  1.8085
 19.6194	131.3167	  9.7410	118.9208	  1.8084
 19.6030	130.9292	  9.7492	118.6542	  1.8082
 19.6157	131.0750	  9.7558	118.7333	  1.8082
 19.6085	131.6417	  9.7472	119.4833	  1.8086
 19.6100	130.8250	  9.7523	118.4875	  1.8088
 19.5965	130.8292	  9.7509	119.0208	  1.8086
 19.6169	131.1833	  9.7353	118.2583	  1.8085
 19.5992	131.0583	  9.7444	118.6833	  1.8084
 19.6056	131.2125	  9.7511	118.5083	  1.8085
 19.6147	130.8500	  9.7619	118.4792	  1.8087
 19.6019	130.4625	  9.7581	118.6542	  1.8086
 19.6102	131.2458	  9.7524	118.7792	  1.8085
 19.6315	130.9333	  9.7594	118.9542	  1.8085
 19.6132	131.8792	  9.7638	118.5125	  1.8085
 19.5975	130.9167	  9.7474	118.6708	  1.8084
 19.6408	130.3750	  9.7243	118.7167	  1.8087
 19.6026	131.0125	  9.7674	118.5875	  1.8083
 19.6114	130.4167	  9.7591	118.4417	  1.8082
 19.6061	131.0167	  9.7542	118.8292	  1.8085
 19.6053	130.8792	  9.7724	119.0167	  1.8083
 19.6162	131.1625	  9.7508	118.8375	  1.8081
 19.5935	130.7167	  9.7493	118.2292	  1.8080
 19.6037	131.5042	  9.7634	118.6250	  1.8084
 19.6197	130.8875	  9.7649	119.0292	  1.8081
 19.6155	131.5125	  9.7562	118.0417	  1.8091
 19.6120	131.0208	  9.7578	118.4792	  1.8085
 19.6041	131.1792	  9.7696	118.5500	  1.8081
 19.6069	130.9250	  9.7653	118.0583	  1.8084
 19.6076	131.9625	  9.7659	119.1292	  1.8079
 19.6198	131.0208	  9.7592	118.3042	  1.8085
 19.5935	131.0833	  9.7538	118.6542	  1.8085
 19.6047	131.0083	  9.7469	117.8542	  1.8090
 19.6159	131.3375	  9.7532	118.8750	  1.8084
 19.6028	131.3500	  9.7588	118.6708	  1.8087
 19.6323	130.7000	  9.7712	118.3500	  1.8080
 19.6061	131.0458	  9.7526	118.8917	  1.8085
 19.6052	131.1542	  9.7649	118.3917	  1.8085
 19.5939	131.0250	  9.7631	118.4875	  1.8082
 19.6110	131.7042	  9.7507	119.2708	  1.8080
 19.6067	131.1125	  9.7691	118.4208	  1.8083
 19.5962	131.2542	  9.7556	119.2542	  1.8088
 19.6066	130.8583	  9.7365	117.8667	  1.8086
 19.6020	131.3000	  9.7704	119.2125	  1.8083
 19.6084	131.3458	  9.7574	118.8000	  1.8078
 19.6017	130.8792	  9.7571	118.4417	  1.8079
 19.6210	131.0125	  9.7564	118.5333	  1.8087
 19.6208	131.3417	  9.7537	118.6125	  1.8082
 19.6109	131.4333	  9.7420	118.4292	  1.8086
 19.5937	131.2917	  9.7424	119.0708	  1.8089
 19.6129	130.9167	  9.7486	118.4292	  1.8087
 19.6066	131.3042	  9.7859	119.1083	  1.8083
 19.6283	131.5708	  9.7766	119.3375	  1.8077
 19.6175	130.8333	  9.7394	118.7833	  1.8081
 19.5971	131.2375	  9.7750	118.8208	  1.8080
 19.6001	131.1208	  9.7690	118.9625	  1.8084
 19.5973	131.1375	  9.7640	118.6792	  1.8085
 19.6113	131.1250	  9.7742	119.1500	  1.8083
 19.6297	131.0958	  9.7657	118.8500	  1.8084
 19.6045	131.0833	  9.7574	118.5708	  1.8085
 19.6237	131.4708	  9.7512	118.4917	  1.8079
 19.6021	131.1500	  9.7583	118.0375	  1.8084
 19.6110	131.4583	  9.7613	118.6125	  1.8083
 19.5966	131.3667	  9.7581	118.6583	  1.8085
 19.6018	130.9958	  9.7806	119.0375	  1.8082
 19.6060	130.7958	  9.7504	118.4667	  1.8086
 19.6056	131.4833	  9.7534	118.4750	  1.8086
 19.6156	130.9792	  9.7551	118.7833	  1.8082
 19.6018	131.0333	  9.7627	118.8542	  1.8087
 19.5936	130.9667	  9.7590	119.0000	  1.8082
 19.6146	131.1417	  9.7504	118.3958	  1.8077
 19.5960	131.9292	  9.7519	118.3708	  1.8087
 19.6074	131.7458	  9.7585	118.3500	  1.8081
 19.6213	131.1375	  9.7708	118.8250	  1.8089
 19.5992	131.3792	  9.7306	118.6792	  1.8083
 19.6096	131.6000	  9.7757	118.4500	  1.8085
 19.6205	131.2333	  9.7607	119.2792	  1.8087
 19.6323	131.7458	  9.7568	119.0625	  1.8084
 19.6110	131.1083	  9.7545	118.3875	  1.8081
 19.6305	131.3542	  9.7753	118.3417	  1.8084
 19.6065	131.3375	  9.7634	117.9500	  1.8090
 19.6116	130.7917	  9.7564	118.4083	  1.8088
 19.6139	131.2333	  9.7388	118.4833	  1.8080
 19.6183	131.4417	  9.7381	118.2250	  1.8081
 19.6140	131.6250	  9.7452	119.1667	  1.8079
 19.6174	130.8000	  9.7652	118.4708	  1.8078
 19.6033	130.9958	  9.7638	119.1208	  1.8080
 19.6156	131.4667	  9.7757	118.1875	  1.8083
 19.6107	131.3625	  9.7632	118.2708	  1.8088
 19.6283	131.6917	  9.7463	118.5042	  1.8083
 19.6226	131.4375	  9.7426	118.2083	  1.8081
 19.6107	131.1667	  9.7554	119.0750	  1.8077
 19.6060	131.2208	  9.7659	118.9458	  1.8083
 19.6040	131.0583	  9.7538	119.0667	  1.8088
 19.6160	131.6875	  9.7460	119.6583	  1.8087
 19.6013	131.3333	  9.7534	118.6458	  1.8080
 19.6202	131.3000	  9.7619	119.2083	  1.8085
 19.6097	130.8875	  9.7496	118.6583	  1.8088
 19.6063	131.2750	  9.7736	118.4833	  1.8077
 19.6280	132.2750	  9.7538	118.7417	  1.8080
 19.6207	131.4292	  9.7543	118.8083	  1.8087
 19.6005	131.4250	  9.7587	118.8667	  1.8079
 19.6116	131.6083	  9.7459	118.0250	  1.8076
 19.5943	131.3167	  9.7570	119.0958	  1.8084
 19.6048	131.2625	  9.7559	118.2958	  1.8083
 19.6098	131.1542	  9.7509	119.2917	  1.8082
 19.6081	130.7792	  9.7583	118.7500	  1.8082
 19.6229	131.3250	  9.7546	119.2583	  1.8084
 19.6112	130.5667	  9.7808	118.7625	  1.8081
 19.6263	131.2958	  9.7520	118.4167	  1.8081
 19.6144	130.9167	  9.7541	118.5417	  1.8082
 19.6054	131.4333	  9.7688	119.1792	  1.8084
 19.6101	131.4583	  9.7709	119.3125	  1.8085
 19.6188	131.7750	  9.7716	118.4292	  1.8078
 19.6130	131.6167	  9.7366	118.5750	  1.8082
 19.6419	130.9958	  9.7523	118.3292	  1.8088
 19.6010	131.1208	  9.7501	118.3125	  1.8084
 19.6489	131.2500	  9.7517	118.6125	  1.8084
 19.6085	131.2208	  9.7609	119.1708	  1.8079
 19.6266	130.7583	  9.7507	118.9250	  1.8083
 19.6149	131.3208	  9.7507	118.8792	  1.8085
 19.6064	131.3500	  9.7502	119.0750	  1.8080
 19.6053	131.1417	  9.7557	118.6292	  1.8078
 19.6205	131.4250	  9.7405	119.1250	  1.8082
 19.6039	131.4667	  9.7442	118.2875	  1.8082
 19.6052	130.9125	  9.7324	118.0542	  1.8082
 19.6343	131.3875	  9.7451	118.8125	  1.8079
 19.6052	130.8833	  9.7300	118.8500	  1.8083
 19.6152	131.6208	  9.7637	118.3333	  1.8083
 19.6087	131.7458	  9.7490	118.8583	  1.8083
 19.6084	131.2250	  9.7458	118.4875	  1.8082
 19.6003	131.0958	  9.7460	119.5125	  1.8083
 19.6049	131.3208	  9.7434	118.9667	  1.8082
 19.6145	131.2542	  9.7698	118.6083	  1.8090
 19.6225	131.1833	  9.7696	118.9875	  1.8083
 19.6266	130.7792	  9.7630	118.8167	  1.8080
 19.6230	131.3083	  9.7647	118.9500	  1.8083
 19.6101	131.7958	  9.7391	119.3875	  1.8078
 19.6109	131.0000	  9.7525	118.4042	  1.8086
 19.6039	131.3292	  9.7564	118.7750	  1.8074
 19.5955	131.5542	  9.7699	119.3042	  1.8079
 19.6067	131.4875	  9.7531	118.9750	  1.8083
 19.5948	131.0667	  9.7701	118.5417	  1.8089
 19.5886	130.8292	  9.7653	119.1667	  1.8083
 19.6214	131.6750	  9.7465	118.0625	  1.8084
 19.6111	131.5333	  9.7493	118.9750	  1.8080
 19.6097	131.4458	  9.7501	118.2583	  1.8083
 19.5919	131.7167	  9.7603	119.1083	  1.8082
 19.6036	130.6833	  9.7557	118.2250	  1.8086
 19.6114	131.2500	  9.7589	118.0875	  1.8075
 19.6060	131.1500	  9.7510	118.8750	  1.8087
 19.6002	131.3500	  9.7435	118.8875	  1.8088
 19.6056	131.2000	  9.7510	118.7167	  1.8081
 19.6051	130.8583	  9.7509	118.9583	  1.8085
 19.6214	131.6292	  9.7482	119.2875	  1.8086
 19.6177	131.2500	  9.7581	118.4042	  1.8085
 19.5977	130.9375	  9.7589	117.9500	  1.8081
 19.6165	131.1500	  9.7684	118.9125	  1.8084
 19.5963	131.5375	  9.7603	118.3833	  1.8086
 19.6172	131.0375	  9.7174	118.8125	  1.8083
 19.6168	131.6792	  9.7567	118.0250	  1.8082
 19.6225	131.3250	  9.7575	118.4417	  1.8082
 19.6176	130.8667	  9.7503	118.9458	  1.8087
 19.6231	130.9667	  9.7599	118.4875	  1.8085
 19.6111	131.2042	  9.7686	119.5000	  1.8080
 19.6098	131.1625	  9.7625	119.1958	  1.8080
 19.6022	131.5667	  9.7584	118.9000	  1.8083
 19.6209	131.0083	  9.7555	118.8333	  1.8082
 19.6166	131.1500	  9.7651	118.6292	  1.8084
 19.6232	131.6250	  9.7481	118.7417	  1.8079
 19.5860	131.4917	  9.7405	118.2917	  1.8079
 19.6183	130.8625	  9.7435	118.7042	  1.8084
 19.6165	131.0375	  9.7588	117.9042	  1.8081
 19.6022	131.4125	  9.7630	118.3750	  1.8086
 19.6041	131.4042	  9.7563	118.8583	  1.8079
 19.6052	131.6167	  9.7509	118.0125	  1.8079
 19.6220	131.2333	  9.7603	118.8000	  1.8083
 19.5934	131.1667	  9.7561	118.6458	  1.8082
 19.6003	131.0792	  9.7485	118.6083	  1.8084
 19.6097	131.7000	  9.7504	118.8417	  1.8085
 19.6021	131.0083	  9.7581	118.7875	  1.8086
 19.6051	131.1417	  9.7657	118.6333	  1.8086
 19.6275	131.2792	  9.7644	118.5875	  1.8085
 19.5974	131.5375	  9.7266	119.3667	  1.8086
 19.6162	131.0000	  9.7589	118.7250	  1.8079
 19.6254	131.5125	  9.7421	118.7417	  1.8080
 19.6094	131.2583	  9.7591	118.2667	  1.8086
 19.5981	131.5708	  9.7609	118.9875	  1.8082
 19.5911	131.7792	  9.7620	118.6875	  1.8083
 19.6170	131.4333	  9.7461	118.6667	  1.8086
 19.5893	130.6625	  9.7761	118.9583	  1.8088
 19.6135	131.5625	  9.7397	118.8958	  1.8088
 19.6257	131.4292	  9.7512	118.3333	  1.8080
 19.6023	131.0875	  9.7537	119.0708	  1.8081
 19.6089	131.3875	  9.7623	118.5375	  1.8085
 19.6050	131.4875	  9.7578	118.8875	  1.8089
 19.6159	131.5500	  9.7552	118.5208	  1.8087
 19.6082	131.2167	  9.7621	118.0917	  1.8083
 19.6259	131.3583	  9.7740	118.3000	  1.8082
 19.6277	131.2583	  9.7525	118.9708	  1.8083
 19.5958	131.0292	  9.7463	119.0167	  1.8084
 19.6118	131.0917	  9.7452	118.8708	  1.8088
 19.5930	131.5875	  9.7684	118.3000	  1.8089
 19.6109	131.1250	  9.7542	118.5375	  1.8080
 19.6253	131.6208	  9.7528	118.4458	  1.8081
 19.6000	131.1792	  9.7654	118.6625	  1.8078
 19.5955	131.0917	  9.7524	118.0458	  1.8079
 19.5961	130.5625	  9.7569	118.2750	  1.8083
 19.6104	131.2833	  9.7464	118.5375	  1.8085
 19.5903	130.6000	  9.7568	118.6625	  1.8088
 19.6063	131.2542	  9.7658	118.6833	  1.8082
 19.6291	130.8083	  9.7388	118.6792	  1.8082
 19.6093	131.3583	  9.7585	119.0833	  1.8085
 19.6240	131.3833	  9.7600	118.3500	  1.8079
 19.5949	130.9542	  9.7426	118.5667	  1.8084
 19.6201	131.1625	  9.7515	118.7542	  1.8083
 19.6066	131.2625	  9.7487	119.0917	  1.8086
 19.6148	131.1333	  9.7713	118.5958	  1.8079
 19.5958	130.8292	  9.7639	118.2500	  1.8084
 19.6085	131.2083	  9.7732	119.0542	  1.8083
 19.6217	131.0583	  9.7732	118.3708	  1.8084
 19.6079	131.5750	  9.7728	118.5708	  1.8079
 19.6191	131.3083	  9.7623	118.3625	  1.8086
 19.6124	131.3333	  9.7631	118.3667	  1.8082
 19.6035	131.5542	  9.7588	118.4125	  1.8084
 19.6273	131.1583	  9.7503	118.9417	  1.8080
 19.6053	131.3417	  9.7357	119.1375	  1.8084
 19.6005	131.4083	  9.7626	118.6292	  1.8081
 19.6140	131.5083	  9.7599	118.1250	  1.8077
 19.6056	131.3542	  9.7458	118.3792	  1.8073
 19.6066	131.4333	  9.7462	118.6458	  1.8081
 19.6172	131.4542	  9.7380	118.7667	  1.8081
 19.6011	131.3958	  9.7645	118.5708	  1.8082
 19.6212	130.9042	  9.7557	118.4750	  1.8081
 19.6189	131.4000	  9.7690	118.9292	  1.8085
 19.5919	130.9375	  9.7624	118.5625	  1.8075
 19.6170	131.1375	  9.7620	118.3125	  1.8083
 19.6120	131.6417	  9.7409	118.8083	  1.8082
 19.6117	131.6917	  9.7635	118.7875	  1.8086
 19.6096	131.0042	  9.7693	118.9667	  1.8084
 19.6124	131.9250	  9.7482	119.1625	  1.8075
 19.6201	131.0583	  9.7613	118.3083	  1.8080
 19.6188	130.6625	  9.7566	118.3125	  1.8081
 19.5864	131.1875	  9.7330	118.4875	  1.8087
 19.6109	130.5750	  9.7447	118.9375	  1.8081
 19.5999	131.4292	  9.7668	119.2875	  1.8077
 19.6122	131.6458	  9.7621	118.4125	  1.8086
 19.5940	131.5917	  9.7424	118.6750	  1.8081
 19.5828	131.4167	  9.7436	118.6625	  1.8089
 19.6157	131.3042	  9.7559	118.7083	  1.8084
 19.6079	130.7583	  9.7422	117.9375	  1.8082
 19.6171	130.6833	  9.7618	118.8583	  1.8079
 19.6187	131.0250	  9.7481	118.3875	  1.8085
 19.6110	131.2417	  9.7557	118.5125	  1.8087
 19.6072	131.5833	  9.7558	118.7958	  1.8085
 19.6138	131.5583	  9.7377	118.6708	  1.8087
 19.6001	131.2292	  9.7465	118.1500	  1.8081
 19.6273	131.5042	  9.7656	118.8792	  1.8085
 19.6171	131.4792	  9.7841	118.2750	  1.8078
 19.6237	131.2458	  9.7531	118.5667	  1.8084
 19.6231	131.1125	  9.7319	118.4875	  1.8084
 19.6084	130.4750	  9.7638	118.2042	  1.8078
 19.6197	130.8333	  9.7419	118.7042	  1.8087
 19.6210	130.9167	  9.7567	118.9375	  1.8086
 19.6192	131.5667	  9.7748	118.7958	  1.8077
 19.6234	131.9708	  9.7506	118.2500	  1.8086
 19.6079	131.5458	  9.7431	118.9500	  1.8085
 19.6132	130.8917	  9.7501	118.9167	  1.8078
 19.6050	131.3542	  9.7709	118.8458	  1.8081
 19.6272	131.5583	  9.7516	119.0792	  1.8088
 19.6100	131.0667	  9.7577	118.6375	  1.8083
 19.6087	131.5167	  9.7786	118.3208	  1.8074
 19.6153	130.9542	  9.7614	118.5125	  1.8076
 19.6145	131.4208	  9.7560	118.2667	  1.8085
 19.6008	130.2167	  9.7485	118.4708	  1.8082
 19.6046	131.0792	  9.7537	118.6917	  1.8083
 19.6026	131.4458	  9.7534	118.1958	  1.8081
 19.6309	130.8458	  9.7575	118.7417	  1.8084
 19.6057	130.5667	  9.7555	118.1250	  1.8086
 19.6220	131.6500	  9.7677	118.8125	  1.8077
 19.6104	131.3833	  9.7589	118.8500	  1.8090
 19.6136	131.3875	  9.7656	118.8625	  1.8076
 19.5995	130.8875	  9.7523	118.8833	  1.8080
 19.6088	131.3958	  9.7623	118.5542	  1.8087
 19.6239	131.1375	  9.7765	118.6250	  1.8082
 19.6158	131.3042	  9.7744	118.3542	  1.8086
 19.6078	131.0583	  9.7488	118.3958	  1.8084
 19.6231	131.3750	  9.7448	118.8125	  1.8077
 19.6219	131.0250	  9.7582	118.3458	  1.8078
 19.5982	131.2583	  9.7626	118.5542	  1.8080
 19.6106	131.3625	  9.7598	119.2958	  1.8086
 19.6030	131.5083	  9.7469	118.9208	  1.8083
 19.6073	130.7500	  9.7475	118.5917	  1.8083
 19.6127	131.7542	  9.7444	119.4292	  1.8083
 19.6209	131.2083	  9.7520	118.6083	  1.8081
 19.6116	131.2333	  9.7445	118.3167	  1.8087
 19.6180	131.2875	  9.7599	118.7583	  1.8080
 19.6200	131.3417	  9.7591	119.1542	  1.8080
 19.6062	131.4000	  9.7570	118.7250	  1.8082
 19.5948	131.1333	  9.7715	118.5833	  1.8084
 19.6139	131.3750	  9.7761	119.1083	  1.8080
 19.6045	131.2667	  9.7526	118.5125	  1.8081
 19.6091	130.6500	  9.7589	118.6458	  1.8081
 19.6075	131.3958	  9.7296	118.3417	  1.8083
 19.6184	131.3417	  9.7486	118.7417	  1.8081
 19.6125	131.3792	  9.7571	118.5458	  1.8082
 19.6035	131.2000	  9.7667	118.7042	  1.8085
 19.6024	131.0917	  9.7835	118.4167	  1.8082
 19.6071	130.8833	  9.7556	118.4250	  1.8085
 19.6024	131.4583	  9.7775	117.9333	  1.8087
 19.6181	131.4500	  9.7525	118.8250	  1.8083
 19.5972	131.4417	  9.7535	117.9333	  1.8085
 19.6028	130.6542	  9.7630	118.7708	  1.8086
 19.6081	131.3125	  9.7620	118.5458	  1.8083
 19.6035	131.7583	  9.7565	118.1292	  1.8080
 19.6062	130.7333	  9.7411	118.8292	  1.8078
 19.5900	131.0292	  9.7588	118.7750	  1.8085
 19.6004	131.4750	  9.7562	118.5458	  1.8080
 19.6064	130.6750	  9.7507	118.6125	  1.8085
 19.6042	131.2417	  9.7496	118.8458	  1.8085
 19.6046	131.1625	  9.7478	118.5875	  1.8085
 19.6087	130.8333	  9.7513	118.5792	  1.8082
 19.6022	131.2125	  9.7672	119.5083	  1.8077
 19.6065	131.4792	  9.7398	118.6667	  1.8077
 19.5997	131.4750	  9.7590	118.6792	  1.8091
 19.5975	131.6208	  9.7249	118.6333	  1.8077
 19.6184	131.3458	  9.7589	118.4083	  1.8090
 19.6092	131.5125	  9.7483	119.1542	  1.8080
 19.5995	131.2417	  9.7425	118.5667	  1.8083
 19.6146	131.1000	  9.7439	118.7958	  1.8086
 19.6104	131.2208	  9.7604	118.4625	  1.8081
 19.6175	130.7292	  9.7775	118.9083	  1.8076
 19.6306	131.0125	  9.7563	119.9292	  1.8079
 19.6102	132.0333	  9.7681	118.6083	  1.8076
 19.6010	130.6458	  9.7652	118.8083	  1.8087
 19.6174	131.4667	  9.7603	118.3167	  1.8086
 19.6278	131.1333	  9.7624	118.8875	  1.8082
 19.5956	131.5083	  9.7428	118.9583	  1.8082
 19.6100	131.5167	  9.7422	118.6292	  1.8082
 19.6183	131.1208	  9.7482	118.2167	  1.8077
 19.6007	131.3417	  9.7564	118.0667	  1.8084
 19.5968	130.9833	  9.7417	118.3292	  1.8086
 19.5903	131.4375	  9.7463	118.2667	  1.8083
 19.6100	130.7917	  9.7625	118.1958	  1.8084
 19.6059	131.0417	  9.7629	119.0292	  1.8085
 19.6158	131.3000	  9.7398	118.2875	  1.8086
 19.6169	131.5250	  9.7577	118.4583	  1.8084
 19.6142	131.2625	  9.7462	118.6417	  1.8081
 19.6141	131.3083	  9.7559	118.6292	  1.8082
 19.6174	131.4667	  9.7406	118.3667	  1.8082
 19.6080	131.2792	  9.7572	118.7125	  1.8086
 19.6243	131.1708	  9.7468	118.6042	  1.8087
 19.6095	131.6417	  9.7442	118.2333	  1.8091
 19.6297	130.9542	  9.7642	118.9833	  1.8083
 19.6082	131.4167	  9.7431	118.7417	  1.8080
 19.5990	131.1208	  9.7730	118.7167	  1.8085
 19.6313	130.9625	  9.7581	119.0250	  1.8083
 19.6055	131.1833	  9.7760	118.7500	  1.8082
 19.6018	131.2667	  9.7660	118.9250	  1.8082
 19.6117	130.8125	  9.7509	118.3583	  1.8091
 19.6080	131.4542	  9.7782	118.8125	  1.8080
 19.5976	131.4667	  9.7653	118.3125	  1.8079
 19.5981	131.7125	  9.7631	118.7708	  1.8082
 19.6099	131.2833	  9.7665	118.4000	  1.8082
 19.6101	131.3375	  9.7732	119.2708	  1.8087
 19.6079	131.1042	  9.7613	118.6917	  1.8085
 19.6075	130.2875	  9.7588	118.4625	  1.8084
 19.6172	131.7625	  9.7556	118.7833	  1.8089
 19.6250	131.0167	  9.7551	119.1417	  1.8085
 19.6081	130.9125	  9.7457	118.5000	  1.8085
 19.6152	132.1875	  9.7334	118.4833	  1.8081
 19.6070	131.4750	  9.7542	118.6708	  1.8083
 19.6149	131.4458	  9.7544	118.7000	  1.8084
 19.6200	131.4625	  9.7531	119.1167	  1.8086
 19.6152	131.5708	  9.7756	119.1625	  1.8086
 19.6060	130.9458	  9.7558	118.7833	  1.8078
 19.6061	131.2667	  9.7633	118.8125	  1.8075
 19.6086	131.1042	  9.7477	118.7667	  1.8084
 19.5902	131.5208	  9.7541	118.2667	  1.8086
 19.6234	130.7583	  9.7582	118.2000	  1.8082
 19.6093	131.3542	  9.7532	118.8333	  1.8083
 19.6086	131.5583	  9.7529	118.2833	  1.8087
 19.6125	131.7458	  9.7459	118.9208	  1.8079
 19.6053	131.7958	  9.7479	118.3792	  1.8082
 19.6181	131.6458	  9.7692	118.3750	  1.8085
 19.6154	131.5083	  9.7574	118.8417	  1.8082
 19.5984	131.3000	  9.7573	118.6292	  1.8085
 19.5968	132.1125	  9.7696	118.5333	  1.8081
 19.6134	131.2750	  9.7661	118.8500	  1.8082
 19.5855	130.7125	  9.7594	118.7625	  1.8082
 19.6013	131.3083	  9.7633	118.8458	  1.8086
 19.6265	131.2250	  9.7839	118.7958	  1.8082
 19.6133	130.9625	  9.7655	118.5000	  1.8080
 19.6150	131.2750	  9.7421	118.3625	  1.8082
 19.5958	131.4083	  9.7622	118.3833	  1.8081
 19.6070	131.3333	  9.7358	119.3875	  1.8084
 19.6103	131.2000	  9.7593	118.2750	  1.8079
 19.6132	131.2917	  9.7400	118.9500	  1.8074
 19.6080	131.6208	  9.7724	119.0500	  1.8080
 19.5972	130.6792	  9.7447	118.1375	  1.8080
 19.6140	131.5542	  9.7348	119.0417	  1.8081
 19.6092	131.2750	  9.7555	118.3292	  1.8078
 19.6026	131.5167	  9.7332	118.5750	  1.8080
 19.6179	131.9042	  9.7735	118.2208	  1.8084
 19.6214	131.4375	  9.7506	118.5458	  1.8083
 19.6156	131.5833	  9.7585	118.8417	  1.8084
 19.6134	130.8667	  9.7412	118.7875	  1.8081
 19.6444	131.0083	  9.7266	118.6667	  1.8088
 19.6052	130.8083	  9.7541	118.7083	  1.8083
 19.6197	130.9333	  9.7693	118.6042	  1.8083
 19.6213	130.9958	  9.7663	118.9208	  1.8082
 19.6085	131.1417	  9.7547	118.7708	  1.8081
 19.6160	130.8750	  9.7555	118.4542	  1.8082
 19.6215	131.5833	  9.7339	118.6583	  1.8083
 19.6113	130.9708	  9.7402	118.6750	  1.8084
 19.6162	131.6250	  9.7497	118.4667	  1.8085
 19.6131	131.1750	  9.7548	118.9958	  1.8084
 19.6143	130.9083	  9.7555	119.2792	  1.8083
 19.5986	131.5917	  9.7558	118.3292	  1.8079
 19.6167	131.5208	  9.7707	118.1292	  1.8084
 19.6079	131.0500	  9.7550	119.0667	  1.8090
 19.6034	130.7750	  9.7516	118.7208	  1.8086
 19.6131	131.7208	  9.7595	118.1917	  1.8079
 19.6176	131.0208	  9.7664	118.7542	  1.8081
 19.6041	131.5708	  9.7491	118.1958	  1.8078
 19.6289	131.2750	  9.7427	119.5292	  1.8086
 19.6182	130.7042	  9.7618	118.5750	  1.8080
 19.6028	131.7583	  9.7490	118.1583	  1.8086
 19.6068	131.0792	  9.7577	118.4750	  1.8084
 19.6368	131.5042	  9.7618	118.4917	  1.8086
 19.6169	131.0917	  9.7684	118.9458	  1.8086
 19.5940	131.3583	  9.7574	118.8208	  1.8082
 19.6237	130.8083	  9.7673	119.3000	  1.8078
 19.6219	131.5083	  9.7377	119.1708	  1.8082
 19.6056	131.1583	  9.7552	118.6625	  1.8078
 19.5994	131.4042	  9.7651	118.3083	  1.8080
 19.6166	130.9042	  9.7549	118.5625	  1.8082
 19.6103	130.8292	  9.7529	119.2500	  1.8083
 19.6113	130.7875	  9.7633	118.5792	  1.8082
 19.6124	131.1875	  9.7597	118.3208	  1.8079
 19.5983	131.0500	  9.7625	119.1958	  1.8085
 19.6175	131.7333	  9.7707	118.6083	  1.8084
 19.5952	131.2042	  9.7590	118.3458	  1.8085
 19.6238	130.9875	  9.7464	118.4042	  1.8084
 19.6225	131.3000	  9.7591	119.0333	  1.8081
 19.5945	131.2292	  9.7433	118.9458	  1.8081
 19.6095	130.9250	  9.7434	118.6208	  1.8081
 19.6207	131.3208	  9.7582	118.9667	  1.8078
 19.6133	130.9375	  9.7547	118.1792	  1.8087
 19.6047	131.2167	  9.7480	118.9125	  1.8084
 19.6146	131.0292	  9.7378	118.9542	  1.8081
 19.6057	131.2708	  9.7680	118.9292	  1.8080
 19.6326	131.1792	  9.7723	118.5500	  1.8082
 19.6132	131.3750	  9.7653	119.1667	  1.8082
 19.6100	131.0250	  9.7538	118.7875	  1.8084
 19.6181	131.6125	  9.7817	119.5042	  1.8086
 19.6132	131.2792	  9.7628	118.3125	  1.8085
 19.5969	131.1250	  9.7537	119.1750	  1.8079
 19.5946	130.6917	  9.7483	118.7500	  1.8077
 19.6236	131.4917	  9.7662	118.2167	  1.8082
 19.6097	131.3208	  9.7764	118.5417	  1.8083
 19.6215	131.0458	  9.7596	118.9625	  1.8083
 19.6156	131.7833	  9.7513	118.8250	  1.8081
 19.6119	131.6250	  9.7469	118.5917	  1.8085
 19.6127	131.4958	  9.7613	118.7833	  1.8084
 19.6086	130.3792	  9.7550	118.8750	  1.8084
 19.5849	131.4208	  9.7613	119.0208	  1.8081
 19.6128	130.5417	  9.7643	118.5917	  1.8084
 19.6141	130.6042	  9.7466	118.8125	  1.8080
 19.6067	131.2125	  9.7445	118.7417	  1.8086
 19.6194	131.4125	  9.7400	119.0042	  1.8086
 19.6200	131.1625	  9.7635	118.9833	  1.8077
 19.6213	131.7042	  9.7428	118.4667	  1.8075
 19.6285	130.9292	  9.7683	118.8167	  1.8081
 19.6261	131.7583	  9.7654	119.2542	  1.8081
 19.6131	131.9042	  9.7682	118.6917	  1.8079
 19.6146	131.8167	  9.7589	118.3542	  1.8079
 19.6016	131.3875	  9.7611	118.4167	  1.8085
 19.6005	130.8875	  9.7599	118.5542	  1.8086
 19.6020	131.4375	  9.7633	118.6625	  1.8083
 19.6106	131.5542	  9.7524	118.9417	  1.8084
 19.6408	131.8958	  9.7732	118.7833	  1.8082
 19.6253	131.1542	  9.7523	118.6167	  1.8079
 19.6298	131.0500	  9.7722	118.7375	  1.8083
 19.6021	130.9542	  9.7750	118.8292	  1.8080
 19.5965	131.3958	  9.7507	118.9583	  1.8077
 19.6141	131.1667	  9.7532	117.8542	  1.8081
 19.6219	130.9208	  9.7516	118.7500	  1.8081
 19.5948	131.3417	  9.7577	118.5792	  1.8080
 19.6113	131.0458	  9.7421	119.8333	  1.8082
 19.6176	131.2750	  9.7707	118.5500	  1.8082
 19.6103	130.9375	  9.7432	118.4792	  1.8080
 19.6153	131.1667	  9.7701	118.5375	  1.8078
 19.6224	131.4208	  9.7567	118.4875	  1.8084
 19.6237	131.7917	  9.7529	118.7500	  1.8082
 19.6195	131.4875	  9.7540	118.8333	  1.8085
 19.6010	131.1000	  9.7612	118.4667	  1.8078
 19.5915	131.3917	  9.7823	119.2042	  1.8082
 19.6159	131.3583	  9.7539	118.4042	  1.8084
 19.6094	131.2542	  9.7613	118.8917	  1.8079
 19.6084	130.9458	  9.7563	118.4333	  1.8081
 19.6176	131.6625	  9.7518	119.6125	  1.8079
 19.6127	131.1583	  9.7569	117.8333	  1.8081
 19.5996	131.0583	  9.7657	118.4375	  1.8082
 19.5939	131.4583	  9.7548	118.3292	  1.8079
 19.6188	131.2458	  9.7638	118.9583	  1.8083
 19.6004	130.3875	  9.7600	119.0833	  1.8082
 19.6267	131.1792	  9.7540	118.7167	  1.8081
 19.6112	131.2208	  9.7537	118.4667	  1.8076
 19.6190	131.2708	  9.7626	118.6250	  1.8086
 19.6087	131.6958	  9.7698	118.6417	  1.8078
 19.6154	131.8250	  9.7540	118.5458	  1.8078
 19.6110	131.4542	  9.7592	118.5292	  1.8076
 19.6100	131.4000	  9.7634	119.2708	  1.8086
 19.6080	131.2833	  9.7771	118.5583	  1.8075
 19.6004	131.1458	  9.7563	119.1417	  1.8076
 19.6082	131.2042	  9.7568	118.8083	  1.8084
 19.6067	130.8333	  9.7505	119.4583	  1.8087
 19.6084	131.1583	  9.7500	118.9792	  1.8081
 19.6060	131.4792	  9.7598	118.2417	  1.8080
 19.6258	130.9333	  9.7424	118.7083	  1.8079
 19.6046	131.2000	  9.7608	118.8125	  1.8082
 19.6354	131.2083	  9.7382	119.2292	  1.8081
 19.5992	131.4750	  9.7557	118.4833	  1.8087
 19.6125	131.2333	  9.7638	118.5833	  1.8082
 19.6007	131.1500	  9.7688	118.5667	  1.8079
 19.6188	131.6458	  9.7561	118.5750	  1.8078
 19.6253	131.0375	  9.7411	118.5667	  1.8081
 19.6205	131.4542	  9.7411	118.8000	  1.8084
 19.6027	131.8917	  9.7499	118.2292	  1.8082
 19.6218	131.4500	  9.7465	118.9542	  1.8081
 19.6229	130.9708	  9.7573	118.9792	  1.8081
 19.6299	131.0167	  9.7527	118.6042	  1.8083
 19.6225	131.2917	  9.7674	118.3208	  1.8083
 19.6170	131.4125	  9.7526	118.6750	  1.8081
 19.6006	131.2750	  9.7334	117.9792	  1.8080
 19.6275	131.2292	  9.7649	118.5958	  1.8079
 19.6132	131.0750	  9.7515	119.1500	  1.8081
 19.6021	131.5833	  9.7610	118.6750	  1.8080
 19.6027	131.5125	  9.7810	119.2583	  1.8087
 19.6224	131.3500	  9.7517	118.7292	  1.8082
 19.5877	131.8917	  9.7617	119.0833	  1.8084
 19.6151	131.7458	  9.7561	118.4958	  1.8085
 19.6164	131.7000	  9.7562	118.2333	  1.8085
 19.6210	131.2583	  9.7440	118.8000	  1.8082
 19.5918	131.3208	  9.7498	118.7542	  1.8083
 19.5920	131.2958	  9.7415	118.6083	  1.8084
 19.6067	132.1458	  9.7542	118.4958	  1.8086
 19.6065	131.3125	  9.7541	118.4958	  1.8084
